#Intensity_unit=cps
#Attenuator_coefficient=1.0000
10.0000,924.5200
10.0100,914.2275
10.0200,837.4800
10.0300,769.3400
10.0400,820.9375
10.0500,881.2175
10.0600,874.5500
10.0700,867.2775
10.0800,851.5300
10.0900,846.9750
10.1000,852.7150
10.1100,877.5225
10.1200,916.2700
10.1300,895.8300
10.1400,863.1325
10.1500,866.0375
10.1600,866.6675
10.1700,860.6325
10.1800,860.0000
10.1900,923.2975
10.2000,939.0400
10.2100,879.7650
10.2200,936.5550
10.2300,874.1175
10.2400,857.6425
10.2500,826.5975
10.2600,904.4900
10.2700,946.3825
10.2800,838.8750
10.2900,838.6750
10.3000,930.0300
10.3100,910.0025
10.3200,915.6625
10.3300,856.7200
10.3400,891.9450
10.3500,854.7375
10.3600,841.0200
10.3700,828.0300
10.3800,892.4750
10.3900,885.0500
10.4000,907.2450
10.4100,880.1250
10.4200,909.5175
10.4300,943.1850
10.4400,931.7475
10.4500,915.0875
10.4600,981.9075
10.4700,963.1775
10.4800,885.5250
10.4900,936.2225
10.5000,886.7800
10.5100,850.2475
10.5200,885.3300
10.5300,866.2175
10.5400,854.4200
10.5500,886.0075
10.5600,845.4650
10.5700,831.0975
10.5800,803.3025
10.5900,820.7575
10.6000,879.6500
10.6100,868.8900
10.6200,881.4750
10.6300,880.3725
10.6400,871.1225
10.6500,790.1425
10.6600,782.9575
10.6700,889.7200
10.6800,932.8725
10.6900,942.5725
10.7000,899.0625
10.7100,816.6300
10.7200,895.1325
10.7300,939.0900
10.7400,860.8375
10.7500,835.2750
10.7600,856.8825
10.7700,860.0000
10.7800,839.4125
10.7900,783.7500
10.8000,750.2200
10.8100,793.6625
10.8200,852.8475
10.8300,909.8900
10.8400,893.2000
10.8500,875.3400
10.8600,835.2325
10.8700,809.4925
10.8800,941.3650
10.8900,872.1925
10.9000,807.3400
10.9100,820.4700
10.9200,846.7175
10.9300,800.3300
10.9400,883.8650
10.9500,879.1525
10.9600,885.4200
10.9700,840.0025
10.9800,804.1825
10.9900,800.0000
11.0000,776.7000
11.0100,779.1550
11.0200,881.8450
11.0300,879.2150
11.0400,865.0375
11.0500,845.8975
11.0600,901.4250
11.0700,895.4850
11.0800,861.4125
11.0900,755.1475
11.1000,806.6825
11.1100,912.2975
11.1200,842.6675
11.1300,861.8475
11.1400,863.7725
11.1500,776.5575
11.1600,783.5725
11.1700,861.8025
11.1800,818.4525
11.1900,810.0000
11.2000,830.2000
11.2100,876.6000
11.2200,871.8000
11.2300,849.8275
11.2400,820.7425
11.2500,802.2725
11.2600,874.8200
11.2700,846.3975
11.2800,796.8750
11.2900,827.3575
11.3000,902.2675
11.3100,861.6575
11.3200,864.8125
11.3300,926.8975
11.3400,844.9300
11.3500,830.0000
11.3600,832.8650
11.3700,876.2725
11.3800,846.1375
11.3900,811.4025
11.4000,789.5150
11.4100,809.5225
11.4200,773.3525
11.4300,795.2100
11.4400,828.5300
11.4500,801.9650
11.4600,810.9175
11.4700,895.9475
11.4800,830.2725
11.4900,788.2075
11.5000,860.1375
11.5100,853.4300
11.5200,875.5750
11.5300,897.0425
11.5400,908.5175
11.5500,873.1125
11.5600,880.8475
11.5700,854.9850
11.5800,787.6650
11.5900,773.8350
11.6000,787.4850
11.6100,826.7775
11.6200,813.5400
11.6300,781.7375
11.6400,824.6900
11.6500,867.2150
11.6600,884.6225
11.6700,824.6125
11.6800,779.5025
11.6900,801.5100
11.7000,862.9925
11.7100,831.1100
11.7200,795.1975
11.7300,868.7375
11.7400,855.2275
11.7500,819.1000
11.7600,804.9100
11.7700,808.9450
11.7800,880.1225
11.7900,781.1950
11.8000,743.1875
11.8100,804.4125
11.8200,839.0600
11.8300,871.3100
11.8400,873.8700
11.8500,806.2575
11.8600,743.0525
11.8700,744.5000
11.8800,875.0250
11.8900,858.1650
11.9000,810.9750
11.9100,806.1200
11.9200,854.0050
11.9300,829.9350
11.9400,803.8625
11.9500,800.0000
11.9600,847.2375
11.9700,828.8950
11.9800,917.7100
11.9900,867.3075
12.0000,817.2850
12.0100,760.1150
12.0200,783.2400
12.0300,831.5275
12.0400,845.5350
12.0500,841.1350
12.0600,768.1350
12.0700,780.9575
12.0800,844.6475
12.0900,826.3125
12.1000,745.5325
12.1100,752.0525
12.1200,786.9725
12.1300,812.6075
12.1400,860.7000
12.1500,858.9975
12.1600,867.6625
12.1700,790.3200
12.1800,743.1250
12.1900,761.3675
12.2000,807.8125
12.2100,802.9575
12.2200,805.4800
12.2300,762.8475
12.2400,783.4425
12.2500,822.8275
12.2600,799.9250
12.2700,760.5425
12.2800,794.3000
12.2900,830.6300
12.3000,790.2900
12.3100,763.6400
12.3200,792.7000
12.3300,748.2525
12.3400,712.1700
12.3500,766.5175
12.3600,771.8425
12.3700,786.3050
12.3800,754.6925
12.3900,787.3825
12.4000,818.3700
12.4100,804.3550
12.4200,748.5150
12.4300,763.7500
12.4400,764.5875
12.4500,776.8600
12.4600,790.8150
12.4700,782.5250
12.4800,752.9950
12.4900,757.4625
12.5000,784.2775
12.5100,763.0400
12.5200,759.3600
12.5300,778.8500
12.5400,826.3925
12.5500,788.2525
12.5600,760.5375
12.5700,775.4725
12.5800,742.4100
12.5900,768.2175
12.6000,741.8025
12.6100,770.8575
12.6200,793.3950
12.6300,767.2175
12.6400,792.1075
12.6500,773.2600
12.6600,766.6675
12.6700,753.3125
12.6800,755.3400
12.6900,786.0125
12.7000,788.0000
12.7100,802.6550
12.7200,780.0350
12.7300,786.6400
12.7400,790.0000
12.7500,784.6825
12.7600,772.7050
12.7700,783.2750
12.7800,765.4375
12.7900,805.0850
12.8000,819.3175
12.8100,737.8850
12.8200,772.2600
12.8300,794.6025
12.8400,770.2250
12.8500,742.1925
12.8600,757.7950
12.8700,808.2025
12.8800,796.2600
12.8900,763.6400
12.9000,759.3000
12.9100,770.5325
12.9200,775.9650
12.9300,734.5925
12.9400,733.8450
12.9500,778.6900
12.9600,790.0000
12.9700,800.4925
12.9800,795.4675
12.9900,814.2925
13.0000,725.7375
13.0100,705.2325
13.0200,690.9750
13.0300,715.4150
13.0400,686.7650
13.0500,671.4450
13.0600,743.0450
13.0700,752.9050
13.0800,721.3400
13.0900,747.1825
13.1000,730.6450
13.1100,699.9275
13.1200,737.5150
13.1300,721.4300
13.1400,666.6100
13.1500,668.8975
13.1600,670.7400
13.1700,703.6800
13.1800,682.2650
13.1900,688.8575
13.2000,701.0900
13.2100,770.5225
13.2200,746.0975
13.2300,733.3325
13.2400,723.0175
13.2500,727.7325
13.2600,701.6650
13.2700,737.0975
13.2800,703.6925
13.2900,672.0025
13.3000,741.1775
13.3100,729.9525
13.3200,686.6425
13.3300,733.0825
13.3400,744.8750
13.3500,717.7225
13.3600,681.8475
13.3700,670.7750
13.3800,710.8975
13.3900,718.2250
13.4000,652.8500
13.4100,625.6800
13.4200,681.9700
13.4300,738.2150
13.4400,688.8950
13.4500,675.0875
13.4600,727.5200
13.4700,715.3825
13.4800,719.3625
13.4900,725.8700
13.5000,746.9550
13.5100,753.3325
13.5200,750.8000
13.5300,701.9125
13.5400,704.3700
13.5500,702.4175
13.5600,689.8975
13.5700,722.0050
13.5800,756.0350
13.5900,697.7950
13.6000,669.1100
13.6100,699.3925
13.6200,730.1250
13.6300,693.9300
13.6400,642.3175
13.6500,672.6800
13.6600,706.7375
13.6700,708.3200
13.6800,676.6025
13.6900,726.7550
13.7000,766.6825
13.7100,713.3250
13.7200,708.3250
13.7300,728.3150
13.7400,718.3625
13.7500,705.8525
13.7600,715.7925
13.7700,754.8600
13.7800,734.3200
13.7900,691.0075
13.8000,635.2725
13.8100,662.2125
13.8200,718.8500
13.8300,691.1800
13.8400,703.9250
13.8500,740.5725
13.8600,735.1525
13.8700,705.2725
13.8800,686.7825
13.8900,712.9650
13.9000,706.0600
13.9100,675.3425
13.9200,644.4900
13.9300,663.7525
13.9400,656.1100
13.9500,679.5050
13.9600,719.4850
13.9700,732.4550
13.9800,686.7150
13.9900,701.8750
14.0000,708.4325
14.0100,699.3225
14.0200,684.4325
14.0300,631.1025
14.0400,686.6250
14.0500,674.2725
14.0600,660.0000
14.0700,696.5675
14.0800,700.2550
14.0900,679.6275
14.1000,692.7925
14.1100,675.6925
14.1200,637.5175
14.1300,675.2125
14.1400,717.5875
14.1500,716.9725
14.1600,698.8025
14.1700,722.3750
14.1800,713.9850
14.1900,680.0850
14.2000,672.4150
14.2100,699.8775
14.2200,702.7650
14.2300,683.1325
14.2400,700.7450
14.2500,724.4350
14.2600,787.7000
14.2700,781.1725
14.2800,777.2025
14.2900,837.5725
14.3000,807.2650
14.3100,753.1325
14.3200,763.9350
14.3300,766.1575
14.3400,720.3150
14.3500,722.4375
14.3600,749.0900
14.3700,742.3600
14.3800,705.6925
14.3900,695.7150
14.4000,677.6350
14.4100,646.2275
14.4200,622.4150
14.4300,642.7775
14.4400,693.6550
14.4500,688.6700
14.4600,642.1075
14.4700,664.5300
14.4800,720.2000
14.4900,710.6750
14.5000,714.1650
14.5100,649.2250
14.5200,650.6450
14.5300,660.9775
14.5400,624.6925
14.5500,645.2800
14.5600,652.9500
14.5700,633.5625
14.5800,659.5175
14.5900,701.4700
14.6000,689.9050
14.6100,640.2025
14.6200,602.2800
14.6300,600.3450
14.6400,584.6500
14.6500,630.3400
14.6600,664.9925
14.6700,651.3600
14.6800,620.0525
14.6900,628.6100
14.7000,673.8575
14.7100,648.1925
14.7200,648.5675
14.7300,652.0275
14.7400,622.1950
14.7500,612.3150
14.7600,638.7800
14.7700,680.0500
14.7800,695.6425
14.7900,687.4350
14.8000,704.0875
14.8100,690.2925
14.8200,620.1400
14.8300,616.3375
14.8400,674.9375
14.8500,701.2600
14.8600,662.0250
14.8700,613.5225
14.8800,611.4550
14.8900,623.5350
14.9000,663.2675
14.9100,691.4275
14.9200,694.3825
14.9300,748.0975
14.9400,668.4525
14.9500,617.7225
14.9600,618.9425
14.9700,638.1950
14.9800,626.2150
14.9900,618.9375
15.0000,644.9575
15.0100,661.2000
15.0200,645.2125
15.0300,654.7725
15.0400,658.8100
15.0500,656.6675
15.0600,661.1825
15.0700,670.1000
15.0800,650.7950
15.0900,642.2525
15.1000,647.8325
15.1100,650.0000
15.1200,679.2000
15.1300,659.6675
15.1400,616.4250
15.1500,701.9175
15.1600,729.8525
15.1700,720.0000
15.1800,690.9475
15.1900,645.4050
15.2000,616.6125
15.2100,618.9175
15.2200,658.9700
15.2300,683.3425
15.2400,662.2075
15.2500,652.2225
15.2600,628.9175
15.2700,634.4075
15.2800,658.8450
15.2900,664.4525
15.3000,656.6975
15.3100,609.1325
15.3200,606.5400
15.3300,627.6975
15.3400,633.3325
15.3500,613.5125
15.3600,623.1375
15.3700,582.7650
15.3800,572.0425
15.3900,582.1950
15.4000,618.4200
15.4100,645.4300
15.4200,621.5425
15.4300,613.2275
15.4400,599.1850
15.4500,620.5650
15.4600,658.4800
15.4700,643.8475
15.4800,614.7575
15.4900,600.1400
15.5000,661.8725
15.5100,679.2925
15.5200,674.3400
15.5300,652.8225
15.5400,644.3325
15.5500,635.8475
15.5600,606.2200
15.5700,586.8525
15.5800,587.6500
15.5900,592.1550
15.6000,586.8700
15.6100,607.0075
15.6200,617.8500
15.6300,612.3700
15.6400,605.7075
15.6500,584.0325
15.6600,579.7600
15.6700,619.7225
15.6800,654.9700
15.6900,663.3325
15.7000,650.5250
15.7100,645.4650
15.7200,612.5750
15.7300,584.8175
15.7400,590.6350
15.7500,603.0400
15.7600,617.2800
15.7700,642.4225
15.7800,634.2625
15.7900,595.8125
15.8000,613.8400
15.8100,607.9775
15.8200,591.2225
15.8300,573.1275
15.8400,578.0825
15.8500,620.3500
15.8600,642.1025
15.8700,630.7250
15.8800,587.6475
15.8900,547.7925
15.9000,574.3825
15.9100,617.6000
15.9200,615.3600
15.9300,594.1300
15.9400,576.2300
15.9500,582.5125
15.9600,598.3325
15.9700,605.4150
15.9800,577.5550
15.9900,576.6200
16.0000,578.3650
16.0100,575.4075
16.0200,580.8100
16.0300,581.2650
16.0400,567.5950
16.0500,584.7850
16.0600,597.9375
16.0700,594.6050
16.0800,597.4525
16.0900,581.4825
16.1000,588.5000
16.1100,581.5200
16.1200,553.5875
16.1300,569.9750
16.1400,580.5250
16.1500,556.2125
16.1600,578.0700
16.1700,595.9175
16.1800,597.4125
16.1900,630.5600
16.2000,615.4000
16.2100,575.0325
16.2200,561.3025
16.2300,557.9700
16.2400,572.8850
16.2500,563.0800
16.2600,568.2100
16.2700,590.1050
16.2800,626.9550
16.2900,648.6850
16.3000,607.6825
16.3100,582.0125
16.3200,589.3675
16.3300,575.2525
16.3400,583.4050
16.3500,598.6725
16.3600,577.9675
16.3700,581.3425
16.3800,623.3175
16.3900,637.3425
16.4000,633.3325
16.4100,605.4325
16.4200,580.6950
16.4300,574.6775
16.4400,573.3325
16.4500,587.2250
16.4600,640.2850
16.4700,642.2725
16.4800,625.3125
16.4900,587.1375
16.5000,534.3325
16.5100,548.2250
16.5200,573.9400
16.5300,588.4775
16.5400,602.5650
16.5500,604.7025
16.5600,589.5975
16.5700,556.4775
16.5800,573.2875
16.5900,569.2825
16.6000,581.2625
16.6100,558.4400
16.6200,536.4150
16.6300,533.5950
16.6400,550.0150
16.6500,570.5550
16.6600,588.8650
16.6700,580.6050
16.6800,572.4800
16.6900,613.4400
16.7000,620.6675
16.7100,600.8725
16.7200,602.4550
16.7300,606.6675
16.7400,604.7425
16.7500,601.4100
16.7600,588.4750
16.7700,599.1875
16.7800,607.5825
16.7900,589.9300
16.8000,574.2625
16.8100,577.6425
16.8200,560.4325
16.8300,571.9275
16.8400,616.1850
16.8500,589.5825
16.8600,585.1675
16.8700,589.5850
16.8800,591.8350
16.8900,580.6075
16.9000,574.6850
16.9100,581.4425
16.9200,595.1000
16.9300,582.1550
16.9400,580.2850
16.9500,578.2825
16.9600,540.3575
16.9700,548.1575
16.9800,558.7500
16.9900,535.0175
17.0000,549.5250
17.0100,584.9500
17.0200,594.8000
17.0300,598.9275
17.0400,569.8100
17.0500,528.4500
17.0600,553.8300
17.0700,574.0525
17.0800,524.0250
17.0900,523.3350
17.1000,562.9475
17.1100,567.7900
17.1200,548.5675
17.1300,566.1625
17.1400,610.2550
17.1500,591.7200
17.1600,557.8225
17.1700,558.8375
17.1800,579.8300
17.1900,600.6575
17.2000,615.8100
17.2100,588.6300
17.2200,545.4050
17.2300,536.9775
17.2400,550.9200
17.2500,574.5450
17.2600,606.6425
17.2700,581.6150
17.2800,555.7250
17.2900,585.0475
17.3000,578.0300
17.3100,572.9150
17.3200,595.6825
17.3300,561.9100
17.3400,521.2700
17.3500,531.0400
17.3600,555.8950
17.3700,566.6675
17.3800,552.3450
17.3900,554.3050
17.4000,548.8050
17.4100,503.0075
17.4200,506.9575
17.4300,527.9950
17.4400,521.5550
17.4500,527.1025
17.4600,529.7875
17.4700,540.8350
17.4800,569.2525
17.4900,586.8675
17.5000,545.8850
17.5100,499.6175
17.5200,549.6650
17.5300,591.2100
17.5400,590.3575
17.5500,579.1275
17.5600,551.0700
17.5700,553.9975
17.5800,536.9600
17.5900,529.1975
17.6000,576.3000
17.6100,582.4425
17.6200,580.7200
17.6300,591.4575
17.6400,541.5700
17.6500,515.5900
17.6600,517.8900
17.6700,513.5775
17.6800,528.6300
17.6900,565.9675
17.7000,586.4475
17.7100,561.0875
17.7200,526.1625
17.7300,544.3000
17.7400,576.6675
17.7500,547.5875
17.7600,518.2925
17.7700,559.3225
17.7800,591.4800
17.7900,557.8050
17.8000,531.6325
17.8100,546.9750
17.8200,559.9425
17.8300,527.8825
17.8400,523.6750
17.8500,560.1775
17.8600,537.9125
17.8700,518.4925
17.8800,551.8375
17.8900,575.0400
17.9000,543.0850
17.9100,510.0175
17.9200,528.3950
17.9300,545.0050
17.9400,566.6975
17.9500,541.6600
17.9600,485.0125
17.9700,514.8975
17.9800,550.0250
17.9900,546.6500
18.0000,559.9350
18.0100,556.7700
18.0200,548.2875
18.0300,556.6325
18.0400,558.3525
18.0500,545.1525
18.0600,525.1200
18.0700,505.1825
18.0800,508.0800
18.0900,523.3325
18.1000,533.1375
18.1100,558.0200
18.1200,555.4075
18.1300,543.1750
18.1400,567.8775
18.1500,589.9125
18.1600,562.5400
18.1700,542.9475
18.1800,543.7375
18.1900,518.7025
18.2000,530.8450
18.2100,548.6175
18.2200,522.3175
18.2300,540.2525
18.2400,589.6175
18.2500,580.7900
18.2600,547.2125
18.2700,528.5450
18.2800,526.5225
18.2900,557.0625
18.3000,589.8450
18.3100,601.2700
18.3200,583.0525
18.3300,586.5750
18.3400,598.0400
18.3500,590.5200
18.3600,632.2500
18.3700,680.0925
18.3800,743.0075
18.3900,823.9500
18.4000,906.2475
18.4100,1046.6325
18.4200,1241.4775
18.4300,1409.5950
18.4400,1616.8825
18.4500,1876.0525
18.4600,2124.1150
18.4700,2313.1600
18.4800,2470.8075
18.4900,2536.7925
18.5000,2511.5450
18.5100,2517.9625
18.5200,2384.6875
18.5300,2109.5025
18.5400,1847.6425
18.5500,1641.4500
18.5600,1497.0275
18.5700,1326.8700
18.5800,1097.7075
18.5900,852.5200
18.6000,744.4875
18.6100,701.1150
18.6200,675.7750
18.6300,671.5100
18.6400,641.2250
18.6500,614.5775
18.6600,595.4725
18.6700,579.4525
18.6800,575.6925
18.6900,583.6625
18.7000,589.0000
18.7100,573.0425
18.7200,556.4500
18.7300,557.2550
18.7400,519.9150
18.7500,534.5950
18.7600,562.9275
18.7700,544.0625
18.7800,544.0750
18.7900,569.6075
18.8000,561.9300
18.8100,506.0150
18.8200,502.0925
18.8300,525.5875
18.8400,540.5550
18.8500,591.5875
18.8600,605.7700
18.8700,565.7975
18.8800,540.4150
18.8900,520.6400
18.9000,481.0900
18.9100,453.7625
18.9200,460.1500
18.9300,508.0800
18.9400,544.6600
18.9500,546.3225
18.9600,534.5150
18.9700,492.3500
18.9800,485.2300
18.9900,493.3725
19.0000,498.0750
19.0100,489.5250
19.0200,501.8975
19.0300,513.3325
19.0400,519.0250
19.0500,536.6100
19.0600,542.9100
19.0700,503.6025
19.0800,491.6025
19.0900,544.1125
19.1000,556.2900
19.1100,531.1950
19.1200,504.3825
19.1300,506.4800
19.1400,513.0025
19.1500,532.6775
19.1600,548.2225
19.1700,520.2975
19.1800,545.2950
19.1900,522.2450
19.2000,461.3850
19.2100,466.1000
19.2200,485.1950
19.2300,498.3925
19.2400,471.5225
19.2500,465.1175
19.2600,499.0150
19.2700,512.5575
19.2800,492.9925
19.2900,500.6350
19.3000,523.6475
19.3100,483.6750
19.3200,488.5225
19.3300,508.3050
19.3400,483.4350
19.3500,508.1975
19.3600,516.5100
19.3700,484.5475
19.3800,488.1750
19.3900,511.9475
19.4000,490.6225
19.4100,487.3650
19.4200,501.9975
19.4300,496.0025
19.4400,488.6700
19.4500,494.6350
19.4600,505.3400
19.4700,482.1600
19.4800,461.8900
19.4900,478.6825
19.5000,471.4000
19.5100,462.0200
19.5200,475.7400
19.5300,509.1650
19.5400,518.1050
19.5500,515.2200
19.5600,535.0550
19.5700,536.4325
19.5800,493.1300
19.5900,480.9175
19.6000,487.8150
19.6100,485.2775
19.6200,517.4225
19.6300,496.6150
19.6400,481.5550
19.6500,516.6575
19.6600,535.6600
19.6700,497.7975
19.6800,446.4725
19.6900,447.8100
19.7000,480.4750
19.7100,480.3300
19.7200,467.4700
19.7300,483.5350
19.7400,502.8025
19.7500,477.4850
19.7600,465.8000
19.7700,464.6125
19.7800,479.5800
19.7900,487.0675
19.8000,510.0000
19.8100,503.7800
19.8200,477.1925
19.8300,461.1525
19.8400,499.7900
19.8500,507.4100
19.8600,473.1900
19.8700,491.2300
19.8800,478.6050
19.8900,475.3850
19.9000,526.7825
19.9100,542.6775
19.9200,531.2175
19.9300,533.3325
19.9400,523.6275
19.9500,513.9325
19.9600,544.7950
19.9700,546.5125
19.9800,496.9450
19.9900,523.7575
20.0000,538.4175
20.0100,517.9500
20.0200,546.4175
20.0300,513.7775
20.0400,479.7525
20.0500,514.0175
20.0600,522.6700
20.0700,492.6900
20.0800,487.4950
20.0900,516.8675
20.1000,510.4050
20.1100,484.3200
20.1200,471.8050
20.1300,455.4975
20.1400,466.1575
20.1500,510.9425
20.1600,532.5825
20.1700,486.0950
20.1800,450.7500
20.1900,447.1800
20.2000,474.4850
20.2100,496.2025
20.2200,527.6000
20.2300,506.3675
20.2400,498.0875
20.2500,497.2075
20.2600,468.1175
20.2700,484.1825
20.2800,444.1450
20.2900,422.3750
20.3000,471.5775
20.3100,516.4525
20.3200,472.1025
20.3300,458.9650
20.3400,464.3675
20.3500,444.4625
20.3600,472.2600
20.3700,504.4450
20.3800,504.4200
20.3900,524.4550
20.4000,516.6875
20.4100,510.0000
20.4200,489.1175
20.4300,462.0200
20.4400,503.1825
20.4500,533.1600
20.4600,581.6575
20.4700,646.5225
20.4800,697.9625
20.4900,811.2975
20.5000,922.2075
20.5100,1038.8875
20.5200,1144.5100
20.5300,1279.7200
20.5400,1459.8425
20.5500,1564.1700
20.5600,1651.5825
20.5700,1698.2150
20.5800,1695.0000
20.5900,1616.8250
20.6000,1577.2725
20.6100,1461.3725
20.6200,1324.4475
20.6300,1255.7275
20.6400,1209.4500
20.6500,991.5850
20.6600,883.3400
20.6700,824.8500
20.6800,771.4850
20.6900,743.4550
20.7000,701.5075
20.7100,680.7375
20.7200,642.5450
20.7300,601.2850
20.7400,608.9300
20.7500,653.9975
20.7600,699.4350
20.7700,749.8625
20.7800,889.0075
20.7900,1019.6950
20.8000,1056.8900
20.8100,1172.8975
20.8200,1292.0300
20.8300,1354.0050
20.8400,1423.3550
20.8500,1403.9800
20.8600,1365.6750
20.8700,1223.6200
20.8800,1165.1900
20.8900,1169.6800
20.9000,1097.6025
20.9100,1013.9075
20.9200,880.8325
20.9300,794.4625
20.9400,688.4375
20.9500,609.3200
20.9600,588.1750
20.9700,603.8650
20.9800,603.6975
20.9900,582.8825
21.0000,568.9075
21.0100,501.3650
21.0200,471.9175
21.0300,504.7500
21.0400,535.2325
21.0500,526.7475
21.0600,495.2225
21.0700,497.1750
21.0800,483.4250
21.0900,461.0450
21.1000,456.9450
21.1100,473.0825
21.1200,454.1025
21.1300,457.5725
21.1400,431.4600
21.1500,483.8325
21.1600,498.8475
21.1700,449.7550
21.1800,463.0075
21.1900,456.0700
21.2000,458.7825
21.2100,442.1300
21.2200,438.1450
21.2300,460.0000
21.2400,460.9000
21.2500,460.6400
21.2600,477.5050
21.2700,537.0850
21.2800,518.2200
21.2900,518.6600
21.3000,550.1550
21.3100,595.7825
21.3200,578.3650
21.3300,547.2025
21.3400,579.2925
21.3500,587.5400
21.3600,582.1650
21.3700,566.9450
21.3800,597.0550
21.3900,632.7100
21.4000,673.2400
21.4100,775.1900
21.4200,905.7650
21.4300,1017.3075
21.4400,1137.5100
21.4500,1339.8150
21.4600,1628.1700
21.4700,1839.2900
21.4800,2173.4175
21.4900,2533.7325
21.5000,2811.1250
21.5100,3168.3675
21.5200,3450.8400
21.5300,3418.4725
21.5400,3297.0650
21.5500,3080.8800
21.5600,2794.9750
21.5700,2556.2500
21.5800,2268.1625
21.5900,2008.4150
21.6000,1819.4100
21.6100,1523.9625
21.6200,1239.0875
21.6300,1041.7625
21.6400,860.3450
21.6500,747.4900
21.6600,675.5150
21.6700,632.0600
21.6800,600.3350
21.6900,580.7900
21.7000,562.8825
21.7100,505.2925
21.7200,530.9875
21.7300,524.8925
21.7400,522.2325
21.7500,491.2475
21.7600,480.2775
21.7700,500.2575
21.7800,495.3675
21.7900,518.6825
21.8000,522.9550
21.8100,484.2600
21.8200,538.7575
21.8300,640.4375
21.8400,658.5950
21.8500,686.4075
21.8600,755.8475
21.8700,918.7050
21.8800,1097.1000
21.8900,1289.1850
21.9000,1506.2450
21.9100,1869.6475
21.9200,2224.0775
21.9300,2431.2475
21.9400,2367.2925
21.9500,2209.4350
21.9600,2032.2925
21.9700,1880.4350
21.9800,1719.4625
21.9900,1638.8075
22.0000,1529.9100
22.0100,1328.1475
22.0200,1138.6975
22.0300,973.3725
22.0400,828.2450
22.0500,770.7900
22.0600,654.5175
22.0700,574.3075
22.0800,544.8425
22.0900,548.8575
22.1000,496.7675
22.1100,503.1575
22.1200,469.1675
22.1300,441.3575
22.1400,447.3425
22.1500,453.3725
22.1600,455.9175
22.1700,414.0025
22.1800,411.3325
22.1900,397.3075
22.2000,429.9750
22.2100,445.9700
22.2200,446.8150
22.2300,407.3200
22.2400,419.1250
22.2500,460.5625
22.2600,472.1400
22.2700,448.1800
22.2800,431.1575
22.2900,453.8350
22.3000,465.5425
22.3100,441.5950
22.3200,435.7900
22.3300,505.2200
22.3400,503.9350
22.3500,460.2125
22.3600,455.9900
22.3700,491.0950
22.3800,461.1175
22.3900,430.5275
22.4000,415.5625
22.4100,472.4350
22.4200,474.8450
22.4300,431.8350
22.4400,416.0125
22.4500,439.1425
22.4600,417.0175
22.4700,406.8950
22.4800,420.3775
22.4900,404.3125
22.5000,396.2650
22.5100,401.8300
22.5200,362.1700
22.5300,357.8250
22.5400,384.6475
22.5500,471.1800
22.5600,393.2400
22.5700,369.2775
22.5800,348.0475
22.5900,421.1275
22.6000,424.4225
22.6100,413.8925
22.6200,413.8875
22.6300,402.2125
22.6400,413.8850
22.6500,421.0525
22.6600,447.7000
22.6700,467.2850
22.6800,444.6825
22.6900,401.0750
22.7000,409.3450
22.7100,421.2025
22.7200,405.7575
22.7300,389.1400
22.7400,406.3400
22.7500,333.8550
22.7600,337.7075
22.7700,349.0275
22.7800,385.1525
22.7900,413.8450
22.8000,419.7275
22.8100,433.1125
22.8200,407.2725
22.8300,376.3475
22.8400,397.3325
22.8500,417.5125
22.8600,403.3325
22.8700,405.3025
22.8800,413.7275
22.8900,398.6150
22.9000,410.9700
22.9100,416.6675
22.9200,417.1450
22.9300,423.3400
22.9400,437.6400
22.9500,400.5025
22.9600,382.8650
22.9700,383.2675
22.9800,406.1200
22.9900,419.6400
23.0000,392.5350
23.0100,371.2325
23.0200,400.9075
23.0300,403.9575
23.0400,385.3200
23.0500,378.0050
23.0600,383.1150
23.0700,364.4125
23.0800,397.7200
23.0900,424.9225
23.1000,406.3950
23.1100,369.0525
23.1200,438.5700
23.1300,493.2600
23.1400,463.2250
23.1500,417.9300
23.1600,427.5025
23.1700,434.9950
23.1800,442.5350
23.1900,419.0825
23.2000,456.3275
23.2100,424.7300
23.2200,390.6950
23.2300,422.0025
23.2400,433.4850
23.2500,406.4425
23.2600,378.0375
23.2700,369.1850
23.2800,417.2075
23.2900,440.1225
23.3000,389.6175
23.3100,387.0475
23.3200,393.7725
23.3300,424.0825
23.3400,431.8600
23.3500,447.0350
23.3600,448.5325
23.3700,434.4800
23.3800,419.5600
23.3900,451.2375
23.4000,509.5325
23.4100,449.2925
23.4200,445.4425
23.4300,466.8225
23.4400,499.7850
23.4500,524.2600
23.4600,514.5950
23.4700,615.7050
23.4800,637.6750
23.4900,657.6725
23.5000,778.1775
23.5100,995.6625
23.5200,1244.9575
23.5300,1714.6225
23.5400,2266.6175
23.5500,2740.7600
23.5600,3437.4150
23.5700,4029.2200
23.5800,4455.2050
23.5900,4631.0300
23.6000,4870.3775
23.6100,4488.8700
23.6200,3918.7350
23.6300,3643.2325
23.6400,3338.1575
23.6500,2981.6525
23.6600,2658.2800
23.6700,2323.2550
23.6800,1909.7200
23.6900,1628.7575
23.7000,1298.4550
23.7100,974.5025
23.7200,797.5750
23.7300,724.6425
23.7400,625.3225
23.7500,612.1300
23.7600,629.8075
23.7700,546.6050
23.7800,508.9950
23.7900,539.2275
23.8000,572.5350
23.8100,608.8525
23.8200,688.0875
23.8300,829.2625
23.8400,814.6525
23.8500,750.7550
23.8600,800.7150
23.8700,761.0200
23.8800,687.1325
23.8900,690.3425
23.9000,649.7725
23.9100,645.0925
23.9200,614.4400
23.9300,486.9225
23.9400,447.6775
23.9500,508.7125
23.9600,487.8800
23.9700,455.4100
23.9800,436.2525
23.9900,432.4500
24.0000,465.5650
24.0100,396.2675
24.0200,389.6075
24.0300,385.2725
24.0400,415.9025
24.0500,403.3325
24.0600,401.6600
24.0700,375.3500
24.0800,410.1800
24.0900,411.3725
24.1000,377.8950
24.1100,399.3075
24.1200,385.4750
24.1300,362.8300
24.1400,355.9775
24.1500,405.0400
24.1600,372.6925
24.1700,360.3150
24.1800,366.8225
24.1900,371.0650
24.2000,389.1450
24.2100,300.1475
24.2200,305.2100
24.2300,346.8075
24.2400,349.7225
24.2500,344.7000
24.2600,376.2650
24.2700,366.0100
24.2800,350.7725
24.2900,368.8650
24.3000,340.1225
24.3100,343.5750
24.3200,349.6450
24.3300,340.0000
24.3400,340.6775
24.3500,360.7725
24.3600,382.9025
24.3700,369.5800
24.3800,357.1800
24.3900,372.0325
24.4000,330.4875
24.4100,346.8575
24.4200,353.1500
24.4300,346.8450
24.4400,353.0725
24.4500,342.9125
24.4600,326.5850
24.4700,324.2025
24.4800,359.3125
24.4900,330.1475
24.5000,336.8100
24.5100,343.1950
24.5200,337.5900
24.5300,382.5100
24.5400,339.6950
24.5500,322.8100
24.5600,294.1675
24.5700,343.8100
24.5800,373.0325
24.5900,353.0475
24.6000,333.6500
24.6100,356.8800
24.6200,373.2150
24.6300,363.1100
24.6400,343.1600
24.6500,326.5700
24.6600,316.8125
24.6700,333.3600
24.6800,336.4725
24.6900,310.1725
24.7000,336.6475
24.7100,333.2200
24.7200,310.1225
24.7300,339.8900
24.7400,306.8175
24.7500,366.6675
24.7600,366.6750
24.7700,376.6625
24.7800,350.0175
24.7900,343.3425
24.8000,359.9625
24.8100,340.0600
24.8200,313.4350
24.8300,336.5600
24.8400,343.2975
24.8500,353.2725
24.8600,340.0925
24.8700,340.0000
24.8800,333.3900
24.8900,326.7275
24.9000,303.5675
24.9100,316.5225
24.9200,356.2000
24.9300,356.6675
24.9400,310.6175
24.9500,369.1575
24.9600,350.2975
24.9700,340.1550
24.9800,343.2775
24.9900,343.3325
25.0000,281.1375
25.0100,309.4375
25.0200,345.9500
25.0300,323.8075
25.0400,293.9675
25.0500,325.9350
25.0600,369.0150
25.0700,363.4900
25.0800,311.2950
25.0900,342.4975
25.1000,369.3100
25.1100,334.3125
25.1200,300.9150
25.1300,319.4350
25.1400,336.1825
25.1500,320.4975
25.1600,265.0700
25.1700,263.3325
25.1800,298.8200
25.1900,332.2325
25.2000,307.5675
25.2100,303.4475
25.2200,364.4275
25.2300,366.6675
25.2400,305.6750
25.2500,335.4075
25.2600,336.6675
25.2700,339.8700
25.2800,343.2000
25.2900,362.5150
25.3000,344.1675
25.3100,368.8675
25.3200,363.6225
25.3300,341.0275
25.3400,355.9175
25.3500,343.9425
25.3600,371.9400
25.3700,386.0375
25.3800,335.8950
25.3900,317.4800
25.4000,335.6750
25.4100,361.9875
25.4200,331.7075
25.4300,333.1600
25.4400,320.7050
25.4500,335.7725
25.4600,327.2100
25.4700,301.4725
25.4800,328.3200
25.4900,317.4225
25.5000,326.0900
25.5100,310.9725
25.5200,306.8650
25.5300,331.7350
25.5400,339.5950
25.5500,289.9500
25.5600,321.0475
25.5700,298.3500
25.5800,302.9075
25.5900,318.9225
25.6000,348.0350
25.6100,371.7850
25.6200,308.0300
25.6300,300.2275
25.6400,318.6250
25.6500,310.6950
25.6600,279.0100
25.6700,282.8600
25.6800,320.4575
25.6900,304.7875
25.7000,318.7750
25.7100,344.6875
25.7200,312.7525
25.7300,322.3225
25.7400,292.5550
25.7500,286.9250
25.7600,357.3350
25.7700,314.2150
25.7800,273.1925
25.7900,297.5800
25.8000,336.7425
25.8100,330.8225
25.8200,339.1700
25.8300,346.1075
25.8400,300.8975
25.8500,272.2775
25.8600,291.3225
25.8700,296.3775
25.8800,308.8300
25.8900,291.7725
25.9000,350.7075
25.9100,359.7000
25.9200,338.7900
25.9300,342.7225
25.9400,310.0600
25.9500,306.6675
25.9600,324.7825
25.9700,353.8175
25.9800,329.5400
25.9900,350.7575
26.0000,365.3675
26.0100,333.6000
26.0200,326.9975
26.0300,332.6675
26.0400,318.3425
26.0500,334.6400
26.0600,339.6600
26.0700,316.0775
26.0800,328.2700
26.0900,332.9850
26.1000,279.6525
26.1100,282.2725
26.1200,289.2875
26.1300,281.0775
26.1400,309.7150
26.1500,313.3325
26.1600,334.0975
26.1700,312.9575
26.1800,304.0775
26.1900,294.4575
26.2000,299.2450
26.2100,308.8600
26.2200,330.6525
26.2300,330.3850
26.2400,306.4400
26.2500,300.3900
26.2600,317.6375
26.2700,343.4950
26.2800,367.2075
26.2900,323.0950
26.3000,307.8800
26.3100,324.2250
26.3200,323.7425
26.3300,346.7000
26.3400,341.2450
26.3500,363.3250
26.3600,369.5800
26.3700,349.6275
26.3800,320.4975
26.3900,380.5750
26.4000,340.6600
26.4100,339.1325
26.4200,363.1750
26.4300,372.4550
26.4400,335.7425
26.4500,341.5550
26.4600,317.3575
26.4700,333.5200
26.4800,345.3100
26.4900,315.0050
26.5000,341.6325
26.5100,335.1750
26.5200,307.5000
26.5300,303.3325
26.5400,289.0075
26.5500,298.1150
26.5600,300.0000
26.5700,314.2850
26.5800,330.9375
26.5900,327.6300
26.6000,278.2350
26.6100,281.3850
26.6200,314.6125
26.6300,331.3650
26.6400,304.9500
26.6500,291.4925
26.6600,275.8350
26.6700,295.9750
26.6800,342.4150
26.6900,352.8250
26.7000,319.4675
26.7100,321.7925
26.7200,357.1350
26.7300,332.3775
26.7400,318.2325
26.7500,305.4300
26.7600,266.8525
26.7700,299.2500
26.7800,312.2675
26.7900,338.5175
26.8000,351.7200
26.8100,322.6125
26.8200,313.8775
26.8300,327.2700
26.8400,327.2150
26.8500,323.8850
26.8600,312.2150
26.8700,304.4475
26.8800,300.5600
26.8900,344.3425
26.9000,364.4075
26.9100,350.0700
26.9200,349.4300
26.9300,325.1525
26.9400,322.7575
26.9500,312.3125
26.9600,326.5175
26.9700,335.5000
26.9800,295.4550
26.9900,314.1150
27.0000,300.8050
27.0100,329.5400
27.0200,317.5100
27.0300,310.6000
27.0400,320.9250
27.0500,334.2475
27.0600,325.7625
27.0700,339.6725
27.0800,343.3325
27.0900,343.3325
27.1000,346.0475
27.1100,333.1025
27.1200,332.7100
27.1300,325.2125
27.1400,320.6300
27.1500,314.5950
27.1600,318.7325
27.1700,341.5725
27.1800,335.8900
27.1900,311.8050
27.2000,298.6000
27.2100,288.6100
27.2200,278.6175
27.2300,298.1100
27.2400,330.1125
27.2500,304.5650
27.2600,267.2700
27.2700,260.0000
27.2800,278.6700
27.2900,304.6475
27.3000,312.6625
27.3100,318.6525
27.3200,301.4050
27.3300,248.9000
27.3400,310.8950
27.3500,348.5375
27.3600,326.8775
27.3700,312.0700
27.3800,344.3250
27.3900,324.3200
27.4000,364.0950
27.4100,381.9300
27.4200,401.7400
27.4300,369.8900
27.4400,339.0075
27.4500,328.0900
27.4600,326.6675
27.4700,339.7475
27.4800,335.4925
27.4900,328.1125
27.5000,342.3150
27.5100,338.8500
27.5200,347.0775
27.5300,313.5975
27.5400,318.9175
27.5500,336.3075
27.5600,347.7750
27.5700,334.4650
27.5800,314.4800
27.5900,304.8325
27.6000,313.6575
27.6100,311.5100
27.6200,297.1200
27.6300,334.5050
27.6400,380.0850
27.6500,330.9375
27.6600,315.8975
27.6700,301.2925
27.6800,304.3475
27.6900,324.5675
27.7000,309.5650
27.7100,369.6800
27.7200,356.8600
27.7300,333.9350
27.7400,340.1750
27.7500,325.5450
27.7600,325.0775
27.7700,313.9875
27.7800,307.4675
27.7900,359.8050
27.8000,338.7525
27.8100,314.0425
27.8200,292.3450
27.8300,281.6275
27.8400,307.6875
27.8500,311.6375
27.8600,299.9525
27.8700,311.7200
27.8800,329.1975
27.8900,330.8300
27.9000,319.9975
27.9100,339.1500
27.9200,334.1900
27.9300,310.0575
27.9400,303.3325
27.9500,333.1825
27.9600,365.6950
27.9700,341.0675
27.9800,327.5200
27.9900,324.1900
28.0000,333.2300
28.0100,341.6100
28.0200,333.4575
28.0300,337.3975
28.0400,330.1475
28.0500,319.2850
28.0600,331.4150
28.0700,358.7650
28.0800,329.8775
28.0900,336.2650
28.1000,338.4400
28.1100,344.0000
28.1200,332.0150
28.1300,319.3500
28.1400,328.8500
28.1500,347.9350
28.1600,353.3325
28.1700,370.3325
28.1800,357.2600
28.1900,323.3475
28.2000,335.1175
28.2100,369.9275
28.2200,380.0000
28.2300,370.3500
28.2400,397.9925
28.2500,388.3375
28.2600,377.5950
28.2700,393.4775
28.2800,400.0000
28.2900,373.6425
28.3000,377.6950
28.3100,397.6775
28.3200,417.6625
28.3300,440.0325
28.3400,472.8775
28.3500,447.6325
28.3600,430.9550
28.3700,439.5000
28.3800,438.5900
28.3900,439.0350
28.4000,435.2675
28.4100,435.6975
28.4200,427.2225
28.4300,442.2025
28.4400,445.2875
28.4500,457.4525
28.4600,498.5925
28.4700,529.7675
28.4800,501.4900
28.4900,528.8325
28.5000,556.0250
28.5100,545.9775
28.5200,556.3400
28.5300,579.6550
28.5400,628.5900
28.5500,704.8275
28.5600,709.0875
28.5700,758.0250
28.5800,883.0225
28.5900,986.8750
28.6000,1161.3650
28.6100,1499.2825
28.6200,1859.9925
28.6300,2153.3650
28.6400,2473.7975
28.6500,2842.1500
28.6600,3070.2500
28.6700,3055.7625
28.6800,2935.0075
28.6900,2728.5375
28.7000,2520.7375
28.7100,2368.6625
28.7200,2281.0500
28.7300,2107.3675
28.7400,1970.6800
28.7500,1865.0000
28.7600,1759.6300
28.7700,1574.7550
28.7800,1496.5400
28.7900,1457.1425
28.8000,1417.4075
28.8100,1460.8250
28.8200,1714.3150
28.8300,2100.2375
28.8400,2433.4550
28.8500,2642.2950
28.8600,2754.9900
28.8700,2863.9925
28.8800,2918.9975
28.8900,3112.1850
28.9000,3232.3550
28.9100,3277.8825
28.9200,3302.2425
28.9300,3375.6225
28.9400,3378.8950
28.9500,3321.1725
28.9600,3388.6550
28.9700,3499.7450
28.9800,3573.1325
28.9900,3516.0425
29.0000,3262.7200
29.0100,2946.2550
29.0200,2611.1725
29.0300,2240.6100
29.0400,2022.2025
29.0500,1919.6675
29.0600,1859.3475
29.0700,1845.5200
29.0800,1695.9575
29.0900,1490.1400
29.1000,1432.0475
29.1100,1360.5025
29.1200,1322.1725
29.1300,1390.6275
29.1400,1539.4075
29.1500,1749.4125
29.1600,2044.1100
29.1700,2386.8050
29.1800,2883.2250
29.1900,3735.2250
29.2000,4647.3675
29.2100,5967.8125
29.2200,7825.3825
29.2300,10059.1100
29.2400,12660.1275
29.2500,15126.3225
29.2600,17300.1550
29.2700,19102.8825
29.2800,20458.2025
29.2900,20824.0350
29.3000,20146.9850
29.3100,18702.9750
29.3200,17257.8125
29.3300,16156.6575
29.3400,14963.5650
29.3500,13666.0725
29.3600,12499.4375
29.3700,11279.3725
29.3800,9774.6000
29.3900,7895.8850
29.4000,6057.6025
29.4100,4741.8475
29.4200,3769.8425
29.4300,2955.4900
29.4400,2314.2550
29.4500,1858.1400
29.4600,1534.2550
29.4700,1281.0925
29.4800,1133.1025
29.4900,1028.2150
29.5000,951.4500
29.5100,938.2750
29.5200,871.0150
29.5300,787.4600
29.5400,730.3600
29.5500,736.7575
29.5600,743.0550
29.5700,720.2450
29.5800,664.8975
29.5900,636.6675
29.6000,640.7575
29.6100,649.4600
29.6200,671.6875
29.6300,616.1200
29.6400,563.1625
29.6500,579.0125
29.6600,635.9375
29.6700,651.1775
29.6800,600.8425
29.6900,569.2925
29.7000,592.9000
29.7100,583.8000
29.7200,542.5150
29.7300,516.6175
29.7400,479.8900
29.7500,478.0425
29.7600,473.9850
29.7700,449.3375
29.7800,483.9250
29.7900,485.4175
29.8000,488.5700
29.8100,477.4825
29.8200,507.6625
29.8300,506.2850
29.8400,463.5275
29.8500,451.9775
29.8600,465.1850
29.8700,461.4975
29.8800,439.5450
29.8900,449.6725
29.9000,467.2625
29.9100,473.9225
29.9200,519.7675
29.9300,536.3050
29.9400,485.6350
29.9500,464.4725
29.9600,507.0225
29.9700,494.4175
29.9800,503.5875
29.9900,564.9275
30.0000,665.5750
30.0100,710.3250
30.0200,778.7000
30.0300,918.2425
30.0400,1072.5000
30.0500,1138.0750
30.0600,1221.2250
30.0700,1331.3100
30.0800,1341.7525
30.0900,1388.4000
30.1000,1495.9100
30.1100,1433.1300
30.1200,1341.9000
30.1300,1312.4000
30.1400,1268.1600
30.1500,1242.8700
30.1600,1185.0425
30.1700,1077.1000
30.1800,983.2025
30.1900,876.4050
30.2000,769.1225
30.2100,722.4725
30.2200,724.1825
30.2300,692.4725
30.2400,631.4800
30.2500,599.1825
30.2600,580.2550
30.2700,586.7900
30.2800,583.2325
30.2900,566.2800
30.3000,583.7675
30.3100,618.5500
30.3200,620.3675
30.3300,619.2475
30.3400,669.1475
30.3500,721.7775
30.3600,744.0325
30.3700,825.4000
30.3800,1006.0300
30.3900,1165.6775
30.4000,1425.4025
30.4100,1912.9700
30.4200,2584.1125
30.4300,3483.0000
30.4400,4531.0000
30.4500,5342.0325
30.4600,5972.7075
30.4700,6568.7475
30.4800,6825.7150
30.4900,6629.1400
30.5000,6041.6625
30.5100,5486.4075
30.5200,5108.2425
30.5300,4644.1175
30.5400,4244.2025
30.5500,3991.5425
30.5600,3752.5375
30.5700,3433.0950
30.5800,2859.0450
30.5900,2242.7150
30.6000,1796.8950
30.6100,1400.3250
30.6200,1142.4375
30.6300,959.6575
30.6400,759.6775
30.6500,671.3725
30.6600,642.0025
30.6700,602.4100
30.6800,586.6675
30.6900,567.3750
30.7000,535.9900
30.7100,498.8550
30.7200,476.6675
30.7300,466.2075
30.7400,454.9250
30.7500,448.1200
30.7600,432.9225
30.7700,426.7975
30.7800,426.5400
30.7900,431.9700
30.8000,421.0300
30.8100,420.5525
30.8200,462.4550
30.8300,450.6200
30.8400,425.2350
30.8500,441.8900
30.8600,431.2050
30.8700,404.8050
30.8800,406.8850
30.8900,420.0675
30.9000,423.3325
30.9100,401.2950
30.9200,378.3075
30.9300,368.2175
30.9400,353.2500
30.9500,366.8825
30.9600,379.9375
30.9700,386.7675
30.9800,391.6175
30.9900,408.4450
31.0000,413.2775
31.0100,369.9700
31.0200,356.6625
31.0300,376.6475
31.0400,353.4500
31.0500,321.6575
31.0600,323.3325
31.0700,331.5975
31.0800,351.5500
31.0900,366.6275
31.1000,383.1600
31.1100,393.3825
31.1200,367.0450
31.1300,348.2450
31.1400,356.6025
31.1500,358.3675
31.1600,376.2150
31.1700,373.8975
31.1800,354.8700
31.1900,374.5900
31.2000,356.0150
31.2100,341.0050
31.2200,374.6250
31.2300,375.3925
31.2400,342.4325
31.2500,318.3950
31.2600,359.9325
31.2700,385.8700
31.2800,379.3050
31.2900,375.9375
31.3000,346.9650
31.3100,344.7675
31.3200,365.8650
31.3300,386.5000
31.3400,390.0000
31.3500,375.7925
31.3600,344.2400
31.3700,326.6675
31.3800,318.8125
31.3900,317.8400
31.4000,332.9275
31.4100,358.7525
31.4200,375.3200
31.4300,349.7525
31.4400,326.6675
31.4500,340.6375
31.4600,347.3700
31.4700,330.4800
31.4800,324.8775
31.4900,355.9575
31.5000,357.6800
31.5100,316.9275
31.5200,336.3400
31.5300,375.5825
31.5400,365.5450
31.5500,333.6150
31.5600,330.0000
31.5700,317.8350
31.5800,310.9225
31.5900,329.0925
31.6000,346.0500
31.6100,354.8425
31.6200,358.1750
31.6300,346.4575
31.6400,339.0125
31.6500,327.5075
31.6600,297.0075
31.6700,302.2975
31.6800,335.7050
31.6900,367.8000
31.7000,371.8475
31.7100,365.5500
31.7200,368.8850
31.7300,357.8250
31.7400,328.5250
31.7500,317.8275
31.7600,319.9000
31.7700,336.6675
31.7800,323.4800
31.7900,316.9050
31.8000,334.3800
31.8100,344.3725
31.8200,329.6350
31.8300,303.3325
31.8400,325.0750
31.8500,341.7600
31.8600,329.5550
31.8700,321.8025
31.8800,300.9100
31.8900,313.4400
31.9000,328.5300
31.9100,311.9025
31.9200,307.1425
31.9300,296.2050
31.9400,295.2050
31.9500,313.7700
31.9600,316.2450
31.9700,310.9125
31.9800,318.0800
31.9900,317.1800
32.0000,321.7775
32.0100,336.1425
32.0200,332.9900
32.0300,330.3300
32.0400,335.8100
32.0500,316.0575
32.0600,292.4925
32.0700,310.2800
32.0800,333.6300
32.0900,342.1400
32.1000,371.9525
32.1100,350.7025
32.1200,323.3325
32.1300,330.2000
32.1400,333.1475
32.1500,323.3325
32.1600,320.6025
32.1700,334.3825
32.1800,351.8400
32.1900,306.0625
32.2000,263.4400
32.2100,294.9700
32.2200,333.4150
32.2300,335.2500
32.2400,312.5775
32.2500,307.4000
32.2600,323.3325
32.2700,317.9875
32.2800,322.0050
32.2900,334.6750
32.3000,314.7075
32.3100,295.3400
32.3200,285.3925
32.3300,278.6175
32.3400,295.8950
32.3500,319.2100
32.3600,333.3325
32.3700,322.8500
32.3800,313.2050
32.3900,319.4175
32.4000,308.1225
32.4100,303.9000
32.4200,312.5950
32.4300,297.2450
32.4400,280.8800
32.4500,312.3600
32.4600,327.9525
32.4700,330.0000
32.4800,315.9025
32.4900,294.6125
32.5000,280.0725
32.5100,269.8925
32.5200,296.6675
32.5300,292.8600
32.5400,298.0600
32.5500,319.1925
32.5600,313.2475
32.5700,300.4425
32.5800,294.1100
32.5900,285.8625
32.6000,306.6675
32.6100,301.6750
32.6200,292.0875
32.6300,303.6675
32.6400,310.5475
32.6500,290.7575
32.6600,332.9675
32.6700,377.1725
32.6800,355.6000
32.6900,326.8500
32.7000,303.8775
32.7100,298.2200
32.7200,315.2000
32.7300,340.9500
32.7400,350.2875
32.7500,324.8525
32.7600,307.5825
32.7700,297.3025
32.7800,302.3125
32.7900,344.4125
32.8000,366.4050
32.8100,352.8250
32.8200,347.1600
32.8300,345.7125
32.8400,302.1800
32.8500,284.2250
32.8600,311.1825
32.8700,315.6950
32.8800,323.5325
32.8900,337.0500
32.9000,355.8625
32.9100,358.4775
32.9200,331.6600
32.9300,311.1650
32.9400,315.6575
32.9500,323.4775
32.9600,332.3150
32.9700,338.9750
32.9800,337.5750
32.9900,325.5175
33.0000,321.0400
33.0100,313.2350
33.0200,314.6550
33.0300,327.7225
33.0400,314.2450
33.0500,308.0025
33.0600,334.5250
33.0700,327.5350
33.0800,302.2950
33.0900,323.4425
33.1000,334.3675
33.1100,316.6675
33.1200,322.2450
33.1300,324.4300
33.1400,305.5575
33.1500,307.7650
33.1600,326.6125
33.1700,348.8725
33.1800,345.6325
33.1900,345.3625
33.2000,379.9500
33.2100,382.2975
33.2200,351.5400
33.2300,319.7125
33.2400,343.4125
33.2500,336.6675
33.2600,343.1425
33.2700,366.3575
33.2800,379.1475
33.2900,362.2625
33.3000,358.9300
33.3100,354.5325
33.3200,354.2550
33.3300,354.8425
33.3400,332.4325
33.3500,341.2875
33.3600,370.5175
33.3700,356.3050
33.3800,368.9525
33.3900,363.5300
33.4000,359.7975
33.4100,369.7900
33.4200,381.8575
33.4300,385.0475
33.4400,363.5675
33.4500,352.5450
33.4600,352.5850
33.4700,381.5350
33.4800,398.9775
33.4900,387.4850
33.5000,358.5250
33.5100,351.1650
33.5200,386.7925
33.5300,405.9600
33.5400,395.6600
33.5500,382.2800
33.5600,362.6800
33.5700,379.6650
33.5800,378.6900
33.5900,380.8850
33.6000,422.0650
33.6100,405.3125
33.6200,412.9600
33.6300,419.0150
33.6400,429.4300
33.6500,449.2300
33.6600,425.2875
33.6700,435.8450
33.6800,454.8575
33.6900,478.2925
33.7000,514.3975
33.7100,561.2825
33.7200,645.3800
33.7300,709.2175
33.7400,846.9550
33.7500,1100.5650
33.7600,1398.3975
33.7700,1814.3050
33.7800,2318.4600
33.7900,3148.9200
33.8000,3998.6725
33.8100,4670.7850
33.8200,5229.1825
33.8300,5397.9900
33.8400,5460.2050
33.8500,5140.7925
33.8600,4619.8900
33.8700,4058.4300
33.8800,3603.6075
33.8900,3390.4825
33.9000,3320.9700
33.9100,3210.2375
33.9200,3148.4625
33.9300,2988.3575
33.9400,2556.9475
33.9500,2088.9850
33.9600,1660.3975
33.9700,1230.1250
33.9800,961.4275
33.9900,775.3800
34.0000,623.0775
34.0100,529.3525
34.0200,498.2300
34.0300,490.6875
34.0400,480.6950
34.0500,463.6850
34.0600,430.5450
34.0700,414.2050
34.0800,414.0575
34.0900,413.6025
34.1000,427.2825
34.1100,407.4150
34.1200,393.9850
34.1300,375.8100
34.1400,367.3525
34.1500,360.2200
34.1600,400.1900
34.1700,422.3800
34.1800,390.7150
34.1900,358.2825
34.2000,339.1375
34.2100,328.3400
34.2200,335.8350
34.2300,350.8175
34.2400,370.0175
34.2500,354.2150
34.2600,336.6675
34.2700,343.2375
34.2800,364.9700
34.2900,380.6125
34.3000,394.6150
34.3100,330.1775
34.3200,325.3650
34.3300,372.5275
34.3400,355.5325
34.3500,318.8125
34.3600,345.8675
34.3700,336.9650
34.3800,322.2225
34.3900,343.9550
34.4000,351.9350
34.4100,348.4575
34.4200,381.1825
34.4300,370.3625
34.4400,390.2200
34.4500,379.2250
34.4600,374.3475
34.4700,376.6875
34.4800,412.3050
34.4900,432.2550
34.5000,488.6000
34.5100,545.3250
34.5200,573.1925
34.5300,623.2950
34.5400,689.7925
34.5500,720.3300
34.5600,707.0075
34.5700,704.1250
34.5800,735.9450
34.5900,763.3325
34.6000,803.6450
34.6100,866.2750
34.6200,856.1375
34.6300,791.3700
34.6400,838.2050
34.6500,890.2725
34.6600,827.4250
34.6700,762.7925
34.6800,712.2500
34.6900,609.7375
34.7000,555.0075
34.7100,545.9050
34.7200,575.7525
34.7300,556.4725
34.7400,534.1925
34.7500,490.8925
34.7600,450.3850
34.7700,412.7550
34.7800,359.3075
34.7900,351.8325
34.8000,334.0225
34.8100,331.8675
34.8200,311.2850
34.8300,307.4175
34.8400,320.6200
34.8500,314.7300
34.8600,327.2750
34.8700,312.0525
34.8800,343.3250
34.8900,322.0125
34.9000,288.0100
34.9100,278.6775
34.9200,283.2050
34.9300,325.9550
34.9400,328.8300
34.9500,299.2700
34.9600,319.0750
34.9700,341.8150
34.9800,287.7175
34.9900,322.5625
35.0000,329.5050
35.0100,306.3400
35.0200,284.9000
35.0300,318.1075
35.0400,307.4875
35.0500,293.5375
35.0600,282.4925
35.0700,293.9550
35.0800,309.0325
35.0900,358.4075
35.1000,329.9200
35.1100,300.6100
35.1200,306.3750
35.1300,312.1225
35.1400,279.6850
35.1500,295.1350
35.1600,303.3325
35.1700,304.5250
35.1800,304.6575
35.1900,282.9550
35.2000,296.6675
35.2100,296.6675
35.2200,293.1650
35.2300,282.4775
35.2400,313.4725
35.2500,326.5425
35.2600,307.7050
35.2700,297.2375
35.2800,312.5125
35.2900,361.4400
35.3000,308.9725
35.3100,332.1750
35.3200,302.1750
35.3300,266.6725
35.3400,284.9950
35.3500,290.5750
35.3600,282.7050
35.3700,314.4275
35.3800,312.9275
35.3900,278.8325
35.4000,299.1650
35.4100,348.8125
35.4200,354.6575
35.4300,324.5400
35.4400,315.4500
35.4500,329.8275
35.4600,345.6175
35.4700,336.3475
35.4800,319.7825
35.4900,334.5975
35.5000,319.7325
35.5100,307.1700
35.5200,346.6675
35.5300,347.1750
35.5400,340.4100
35.5500,288.1725
35.5600,299.1650
35.5700,315.8200
35.5800,332.9700
35.5900,350.4925
35.6000,354.3125
35.6100,362.4375
35.6200,387.3400
35.6300,452.8950
35.6400,477.2025
35.6500,523.8225
35.6600,546.6675
35.6700,556.1250
35.6800,607.6875
35.6900,567.7175
35.7000,530.5400
35.7100,512.8700
35.7200,504.4725
35.7300,475.0400
35.7400,514.4150
35.7500,561.9725
35.7600,559.6450
35.7700,606.7275
35.7800,655.3525
35.7900,707.7425
35.8000,847.1550
35.8100,1021.7600
35.8200,1150.3150
35.8300,1208.3800
35.8400,1292.7075
35.8500,1348.7775
35.8600,1439.6850
35.8700,1314.8575
35.8800,1084.0175
35.8900,981.5750
35.9000,869.5800
35.9100,827.0450
35.9200,874.1950
35.9300,854.2100
35.9400,835.8525
35.9500,829.5950
35.9600,821.8400
35.9700,775.0725
35.9800,676.0925
35.9900,571.3575
36.0000,550.3850
36.0100,501.7725
36.0200,496.9775
36.0300,558.0900
36.0400,617.3200
36.0500,595.1450
36.0600,590.8925
36.0700,658.2625
36.0800,722.9600
36.0900,714.4400
36.1000,670.0000
36.1100,667.4375
36.1200,644.4850
36.1300,624.5000
36.1400,605.9500
36.1500,603.9200
36.1600,629.9425
36.1700,570.1700
36.1800,540.1925
36.1900,510.5600
36.2000,483.5700
36.2100,455.9825
36.2200,448.6425
36.2300,434.6450
36.2400,413.6550
36.2500,383.6775
36.2600,355.3475
36.2700,346.2800
36.2800,372.3575
36.2900,361.0750
36.3000,339.0400
36.3100,331.5875
36.3200,342.8825
36.3300,306.9800
36.3400,308.7575
36.3500,298.2075
36.3600,314.8625
36.3700,329.3925
36.3800,322.1300
36.3900,310.0000
36.4000,307.6300
36.4100,284.8025
36.4200,303.2050
36.4300,338.1125
36.4400,354.1925
36.4500,361.3450
36.4600,336.3375
36.4700,298.3425
36.4800,315.0050
36.4900,294.4700
36.5000,271.3600
36.5100,289.9050
36.5200,323.9925
36.5300,295.7175
36.5400,320.7075
36.5500,291.5625
36.5600,308.1950
36.5700,287.4325
36.5800,298.9450
36.5900,327.4200
36.6000,333.6875
36.6100,291.9925
36.6200,236.2575
36.6300,279.6050
36.6400,357.3725
36.6500,321.4425
36.6600,297.6025
36.6700,310.6950
36.6800,316.5600
36.6900,269.7725
36.7000,268.0150
36.7100,287.3325
36.7200,297.9850
36.7300,315.3625
36.7400,296.2375
36.7500,292.5525
36.7600,326.8450
36.7700,278.3350
36.7800,252.7175
36.7900,245.5700
36.8000,281.2050
36.8100,299.2050
36.8200,289.0200
36.8300,325.5050
36.8400,308.5800
36.8500,339.8100
36.8600,335.5475
36.8700,315.9300
36.8800,303.6975
36.8900,309.6400
36.9000,302.6250
36.9100,290.0000
36.9200,290.0000
36.9300,289.8300
36.9400,285.9950
36.9500,274.4925
36.9600,297.1550
36.9700,307.4700
36.9800,323.8075
36.9900,333.4900
37.0000,336.2050
37.0100,326.9700
37.0200,331.0975
37.0300,283.0400
37.0400,279.2650
37.0500,335.9575
37.0600,319.5800
37.0700,311.0975
37.0800,334.3725
37.0900,281.7225
37.1000,325.1575
37.1100,369.2325
37.1200,349.3725
37.1300,332.9625
37.1400,322.9700
37.1500,313.6900
37.1600,323.6825
37.1700,333.7875
37.1800,344.9950
37.1900,296.5575
37.2000,294.2950
37.2100,323.6475
37.2200,331.5975
37.2300,277.7650
37.2400,314.0150
37.2500,336.7625
37.2600,339.8150
37.2700,333.6050
37.2800,343.0700
37.2900,333.3325
37.3000,333.4175
37.3100,336.3425
37.3200,323.1750
37.3300,316.6675
37.3400,316.8900
37.3500,327.1700
37.3600,349.6525
37.3700,332.8625
37.3800,311.2325
37.3900,373.7725
37.4000,396.3650
37.4100,379.3625
37.4200,344.1125
37.4300,390.0525
37.4400,393.6400
37.4500,413.9175
37.4600,453.3325
37.4700,453.4225
37.4800,461.0025
37.4900,541.8925
37.5000,700.8550
37.5100,776.6675
37.5200,777.7075
37.5300,884.9950
37.5400,1067.4475
37.5500,1160.0250
37.5600,1165.1500
37.5700,1423.8375
37.5800,1503.0725
37.5900,1457.4025
37.6000,1607.3125
37.6100,1759.5650
37.6200,1636.0525
37.6300,1419.5550
37.6400,1213.1400
37.6500,1079.9300
37.6600,990.0025
37.6700,1009.9875
37.6800,1003.3425
37.6900,1003.3325
37.7000,980.0625
37.7100,950.1000
37.7200,933.4000
37.7300,847.0775
37.7400,733.9475
37.7500,660.4475
37.7600,593.7875
37.7700,550.3250
37.7800,626.0400
37.7900,646.4900
37.8000,626.8575
37.8100,676.1550
37.8200,795.3575
37.8300,931.7475
37.8400,969.5500
37.8500,1062.1225
37.8600,1201.4200
37.8700,1275.6150
37.8800,1178.1700
37.8900,1350.5575
37.9000,1343.4975
37.9100,1353.1625
37.9200,1248.5600
37.9300,1125.6075
37.9400,1025.2450
37.9500,1029.8675
37.9600,1043.0600
37.9700,1033.5450
37.9800,925.7375
37.9900,968.9475
38.0000,862.5525
38.0100,820.9550
38.0200,800.4925
38.0300,699.2775
38.0400,673.9375
38.0500,637.6425
38.0600,523.1850
38.0700,513.5200
38.0800,516.5700
38.0900,481.0750
38.1000,437.9675
38.1100,430.2050
38.1200,442.9150
38.1300,478.8250
38.1400,509.0175
38.1500,555.1075
38.1600,518.0300
38.1700,484.4925
38.1800,531.5625
38.1900,578.3150
38.2000,634.5825
38.2100,598.1650
38.2200,734.5350
38.2300,909.8125
38.2400,951.8850
38.2500,1154.9025
38.2600,1319.9975
38.2700,1662.1425
38.2800,2385.4600
38.2900,2707.0025
38.3000,2975.0625
38.3100,3429.5250
38.3200,3621.9250
38.3300,3547.2800
38.3400,3320.7825
38.3500,3201.9800
38.3600,2736.3150
38.3700,2177.1650
38.3800,2124.6375
38.3900,2053.6350
38.4000,1929.6950
38.4100,1913.8425
38.4200,2074.5650
38.4300,1906.4175
38.4400,1808.2725
38.4500,1639.2875
38.4600,1308.4450
38.4700,1060.0300
38.4800,791.6750
38.4900,666.5625
38.5000,609.7025
38.5100,559.5450
38.5200,500.1625
38.5300,528.0350
38.5400,492.3825
38.5500,433.6150
38.5600,376.7850
38.5700,413.9975
38.5800,407.2900
38.5900,384.8025
38.6000,345.8775
38.6100,362.0475
38.6200,372.6850
38.6300,382.6775
38.6400,380.2200
38.6500,376.8900
38.6600,373.5575
38.6700,332.9575
38.6800,379.6600
38.6900,343.0150
38.7000,330.7025
38.7100,339.2900
38.7200,358.5700
38.7300,350.7225
38.7400,356.1800
38.7500,356.6675
38.7600,347.4075
38.7700,334.3300
38.7800,339.4975
38.7900,321.5225
38.8000,360.0050
38.8100,369.4825
38.8200,354.6350
38.8300,334.9100
38.8400,302.6475
38.8500,309.2000
38.8600,310.0000
38.8700,362.0525
38.8800,345.2475
38.8900,355.5625
38.9000,371.9425
38.9100,373.3325
38.9200,345.8750
38.9300,355.5275
38.9400,353.6200
38.9500,316.8000
38.9600,322.4600
38.9700,344.6125
38.9800,337.5525
38.9900,327.5600
39.0000,323.6325
39.0100,365.7725
39.0200,360.9125
39.0300,378.1625
39.0400,404.1975
39.0500,364.3500
39.0600,356.9800
39.0700,329.5025
39.0800,320.6350
39.0900,344.1125
39.1000,355.7025
39.1100,380.7425
39.1200,371.3025
39.1300,351.9675
39.1400,353.0025
39.1500,359.3350
39.1600,398.9850
39.1700,427.3075
39.1800,450.9625
39.1900,489.2400
39.2000,580.0475
39.2100,676.6525
39.2200,770.2700
39.2300,932.1675
39.2400,1039.4450
39.2500,1234.7200
39.2600,1331.0975
39.2700,1319.1750
39.2800,1334.5050
39.2900,1226.7475
39.3000,1053.0275
39.3100,908.7425
39.3200,872.5825
39.3300,822.6050
39.3400,713.0650
39.3500,797.6100
39.3600,892.7600
39.3700,903.3325
39.3800,841.3525
39.3900,821.5350
39.4000,702.1125
39.4100,610.0950
39.4200,552.9125
39.4300,555.4900
39.4400,492.0175
39.4500,453.9675
39.4600,502.8175
39.4700,507.0675
39.4800,550.6175
39.4900,565.4500
39.5000,692.4775
39.5100,753.8550
39.5200,941.1375
39.5300,1197.3025
39.5400,1518.8150
39.5500,1915.6525
39.5600,2412.3675
39.5700,2727.0075
39.5800,2789.5125
39.5900,2880.5350
39.6000,2733.5800
39.6100,2492.3150
39.6200,2222.1725
39.6300,1850.4725
39.6400,1585.6875
39.6500,1547.5450
39.6600,1691.2600
39.6700,1730.6725
39.6800,1718.8950
39.6900,1664.7275
39.7000,1590.3475
39.7100,1404.2375
39.7200,1261.4975
39.7300,1070.7050
39.7400,919.7075
39.7500,690.2775
39.7600,582.0250
39.7700,555.6575
39.7800,490.2675
39.7900,422.7100
39.8000,384.7100
39.8100,400.0225
39.8200,386.1850
39.8300,386.1900
39.8400,406.6450
39.8500,384.3325
39.8600,360.0500
39.8700,379.4475
39.8800,369.1050
39.8900,335.3875
39.9000,315.7925
39.9100,307.6550
39.9200,298.1550
39.9300,299.5025
39.9400,317.0000
39.9500,291.6900
39.9600,329.1000
39.9700,314.0525
39.9800,335.4225
39.9900,362.5825
40.0000,383.5900
40.0100,344.3875
40.0200,331.0325
40.0300,332.8150
40.0400,327.7075
40.0500,321.0450
40.0600,291.9175
40.0700,311.9225
40.0800,347.5100
40.0900,367.3425
40.1000,339.2000
40.1100,308.1525
40.1200,306.1300
40.1300,295.4925
40.1400,326.8325
40.1500,347.2825
40.1600,336.0625
40.1700,302.6925
40.1800,327.2850
40.1900,336.1150
40.2000,297.7575
40.2100,276.1150
40.2200,251.1325
40.2300,288.2625
40.2400,302.2100
40.2500,319.9475
40.2600,328.8675
40.2700,352.1200
40.2800,364.9550
40.2900,363.9050
40.3000,341.2625
40.3100,317.3700
40.3200,343.6350
40.3300,352.7525
40.3400,350.5825
40.3500,360.9950
40.3600,333.1225
40.3700,337.6450
40.3800,372.9100
40.3900,363.5575
40.4000,351.7850
40.4100,328.1100
40.4200,320.6000
40.4300,333.6625
40.4400,366.7000
40.4500,381.5175
40.4600,377.8800
40.4700,379.3900
40.4800,401.7775
40.4900,395.7875
40.5000,374.3075
40.5100,394.4450
40.5200,437.9950
40.5300,430.3950
40.5400,404.9875
40.5500,435.2025
40.5600,443.3325
40.5700,456.8525
40.5800,443.7875
40.5900,507.4975
40.6000,547.6150
40.6100,577.5950
40.6200,666.8425
40.6300,748.5800
40.6400,844.0275
40.6500,995.0375
40.6600,1308.6775
40.6700,1722.8775
40.6800,2233.0725
40.6900,2886.0250
40.7000,3601.0800
40.7100,4305.2500
40.7200,4710.7125
40.7300,4827.4300
40.7400,4722.5300
40.7500,4047.7275
40.7600,3350.8425
40.7700,2897.0100
40.7800,2521.2050
40.7900,2263.1400
40.8000,2389.4250
40.8100,2465.2025
40.8200,2648.4875
40.8300,2608.4750
40.8400,2695.3100
40.8500,2463.8425
40.8600,1941.5725
40.8700,1569.5175
40.8800,1249.7075
40.8900,964.2175
40.9000,801.1475
40.9100,688.9825
40.9200,595.5475
40.9300,552.9775
40.9400,525.6275
40.9500,498.9750
40.9600,451.3150
40.9700,426.8800
40.9800,410.2225
40.9900,375.2250
41.0000,395.4675
41.0100,377.1700
41.0200,367.3850
41.0300,382.3400
41.0400,357.9525
41.0500,386.5175
41.0600,383.6350
41.0700,380.0000
41.0800,380.0000
41.0900,372.1975
41.1000,346.6125
41.1100,368.5625
41.1200,387.0450
41.1300,361.4800
41.1400,340.3800
41.1500,341.8450
41.1600,330.4000
41.1700,344.7600
41.1800,355.1650
41.1900,341.1800
41.2000,331.5075
41.2100,319.6925
41.2200,355.2950
41.2300,364.0925
41.2400,365.9050
41.2500,325.5575
41.2600,339.0075
41.2700,351.7975
41.2800,322.5700
41.2900,315.8950
41.3000,316.6675
41.3100,296.2050
41.3200,272.1100
41.3300,261.5600
41.3400,285.5200
41.3500,323.9325
41.3600,300.2075
41.3700,290.0000
41.3800,338.3400
41.3900,353.3325
41.4000,355.8725
41.4100,374.4350
41.4200,336.8800
41.4300,323.3325
41.4400,310.6700
41.4500,316.7900
41.4600,340.2300
41.4700,364.3550
41.4800,354.8500
41.4900,312.1525
41.5000,292.4375
41.5100,322.7500
41.5200,318.2300
41.5300,315.8500
41.5400,326.7200
41.5500,337.5350
41.5600,347.5300
41.5700,337.4600
41.5800,345.8625
41.5900,370.0325
41.6000,384.1725
41.6100,369.1650
41.6200,330.8550
41.6300,337.4750
41.6400,348.3225
41.6500,352.4925
41.6600,353.3325
41.6700,343.3775
41.6800,342.4875
41.6900,363.2150
41.7000,340.2025
41.7100,349.8500
41.7200,369.0650
41.7300,368.3775
41.7400,398.8500
41.7500,459.4750
41.7600,456.8925
41.7700,440.1200
41.7800,441.6025
41.7900,453.1975
41.8000,451.7375
41.8100,486.9375
41.8200,534.4500
41.8300,539.2900
41.8400,649.6850
41.8500,825.0275
41.8600,951.8350
41.8700,1156.4950
41.8800,1428.2025
41.8900,1752.9875
41.9000,2063.4475
41.9100,2341.2850
41.9200,2603.8100
41.9300,2736.7775
41.9400,2784.3825
41.9500,2761.6600
41.9600,2647.7475
41.9700,2478.6325
41.9800,2247.6850
41.9900,1983.2500
42.0000,1829.9050
42.0100,1698.1375
42.0200,1664.8475
42.0300,1765.9525
42.0400,1779.1350
42.0500,1726.4775
42.0600,1707.5850
42.0700,1544.9125
42.0800,1374.7750
42.0900,1113.9750
42.1000,972.1900
42.1100,824.8425
42.1200,670.8450
42.1300,555.5000
42.1400,497.8500
42.1500,477.0675
42.1600,434.9700
42.1700,410.4175
42.1800,389.9075
42.1900,390.5100
42.2000,367.0400
42.2100,361.4450
42.2200,346.6250
42.2300,351.9250
42.2400,361.4325
42.2500,365.7150
42.2600,376.1850
42.2700,370.4900
42.2800,347.6600
42.2900,354.2450
42.3000,341.0225
42.3100,323.8525
42.3200,355.5275
42.3300,365.2675
42.3400,337.3200
42.3500,350.2975
42.3600,357.6375
42.3700,361.3850
42.3800,349.1875
42.3900,326.8425
42.4000,305.8750
42.4100,321.1700
42.4200,348.8050
42.4300,363.7125
42.4400,338.5025
42.4500,343.0825
42.4600,361.7175
42.4700,383.0575
42.4800,429.7750
42.4900,420.9500
42.5000,454.3875
42.5100,478.0025
42.5200,463.6725
42.5300,468.3200
42.5400,450.0425
42.5500,414.4000
42.5600,414.9600
42.5700,392.1150
42.5800,356.7800
42.5900,358.2675
42.6000,365.6525
42.6100,382.8825
42.6200,399.2600
42.6300,389.4550
42.6400,387.9550
42.6500,373.8325
42.6600,343.5900
42.6700,356.3925
42.6800,332.1050
42.6900,314.3650
42.7000,294.9275
42.7100,288.9650
42.7200,333.6450
42.7300,334.9700
42.7400,315.1975
42.7500,282.4975
42.7600,276.8700
42.7700,284.5775
42.7800,316.3925
42.7900,327.7150
42.8000,299.2700
42.8100,288.9475
42.8200,310.5175
42.8300,320.0000
42.8400,310.8950
42.8500,297.5700
42.8600,277.4250
42.8700,283.6250
42.8800,305.8850
42.8900,322.4025
42.9000,362.9175
42.9100,375.4725
42.9200,364.2850
42.9300,421.0325
42.9400,454.5175
42.9500,486.0075
42.9600,495.4900
42.9700,522.6300
42.9800,520.9050
42.9900,490.8325
43.0000,453.0200
43.0100,413.0400
43.0200,395.5100
43.0300,406.7925
43.0400,413.3325
43.0500,415.5725
43.0600,427.8575
43.0700,399.7875
43.0800,398.9750
43.0900,397.7350
43.1000,411.1825
43.1100,420.0000
43.1200,388.8125
43.1300,342.1675
43.1400,315.5450
43.1500,312.2225
43.1600,280.0200
43.1700,276.6500
43.1800,281.1150
43.1900,282.2150
43.2000,301.0475
43.2100,292.3000
43.2200,278.9125
43.2300,285.5025
43.2400,298.8300
43.2500,309.9500
43.2600,286.8850
43.2700,251.3100
43.2800,273.0100
43.2900,298.7950
43.3000,303.3325
43.3100,318.7025
43.3200,298.1475
43.3300,272.3725
43.3400,290.7625
43.3500,307.7100
43.3600,299.0650
43.3700,293.3325
43.3800,284.5975
43.3900,284.3650
43.4000,286.6675
43.4100,271.4150
43.4200,282.9275
43.4300,297.6850
43.4400,302.1750
43.4500,305.5050
43.4600,337.0525
43.4700,338.1525
43.4800,312.6625
43.4900,294.6725
43.5000,268.3625
43.5100,289.1000
43.5200,295.8650
43.5300,272.7300
43.5400,267.6475
43.5500,276.4675
43.5600,295.0775
43.5700,305.4850
43.5800,319.5700
43.5900,335.2625
43.6000,340.0000
43.6100,335.7075
43.6200,346.1975
43.6300,321.1975
43.6400,314.0375
43.6500,326.4175
43.6600,336.4125
43.6700,337.8650
43.6800,349.4725
43.6900,373.7275
43.7000,368.4175
43.7100,362.1300
43.7200,337.8000
43.7300,310.5775
43.7400,326.7025
43.7500,331.5075
43.7600,352.1200
43.7700,385.7425
43.7800,379.7225
43.7900,374.2325
43.8000,391.4700
43.8100,416.9050
43.8200,422.4425
43.8300,430.5500
43.8400,434.5575
43.8500,445.9725
43.8600,457.5425
43.8700,417.9300
43.8800,387.0275
43.8900,408.5375
43.9000,440.1225
43.9100,462.5825
43.9200,463.7125
43.9300,512.3475
43.9400,620.7475
43.9500,706.3900
43.9600,748.8025
43.9700,778.7875
43.9800,881.7800
43.9900,940.8350
44.0000,968.3250
44.0100,1035.3625
44.0200,1083.3025
44.0300,1126.5800
44.0400,1173.6600
44.0500,1185.8500
44.0600,1183.3325
44.0700,1108.7550
44.0800,980.5300
44.0900,903.1100
44.1000,830.8600
44.1100,786.3400
44.1200,775.8725
44.1300,760.9600
44.1400,788.3650
44.1500,779.1150
44.1600,751.7700
44.1700,746.6675
44.1800,726.1225
44.1900,713.3325
44.2000,740.0000
44.2100,711.5725
44.2200,679.2375
44.2300,721.6900
44.2400,764.3150
44.2500,748.8125
44.2600,706.7875
44.2700,671.6375
44.2800,637.5725
44.2900,578.5125
44.3000,511.3225
44.3100,478.5300
44.3200,491.6275
44.3300,468.8050
44.3400,438.5475
44.3500,465.7825
44.3600,496.8000
44.3700,493.2075
44.3800,484.6425
44.3900,459.0700
44.4000,398.8850
44.4100,376.0575
44.4200,355.7925
44.4300,366.2050
44.4400,361.1775
44.4500,318.4875
44.4600,293.9675
44.4700,281.9625
44.4800,278.6750
44.4900,277.9925
44.5000,294.7125
44.5100,298.6525
44.5200,283.3225
44.5300,278.6675
44.5400,283.9975
44.5500,282.6725
44.5600,289.9800
44.5700,284.7000
44.5800,280.6525
44.5900,291.3000
44.6000,310.5975
44.6100,302.1025
44.6200,284.0400
44.6300,270.0725
44.6400,263.3325
44.6500,273.2450
44.6600,291.8850
44.6700,292.0825
44.6800,276.7775
44.6900,271.9775
44.7000,269.3825
44.7100,286.4025
44.7200,292.1125
44.7300,272.8725
44.7400,271.2100
44.7500,308.1500
44.7600,330.0000
44.7700,324.1050
44.7800,329.8150
44.7900,371.9775
44.8000,441.7525
44.8100,506.6325
44.8200,563.2750
44.8300,633.6075
44.8400,727.2525
44.8500,756.3300
44.8600,699.8300
44.8700,645.2175
44.8800,608.5650
44.8900,531.0250
44.9000,463.3200
44.9100,423.3375
44.9200,420.2650
44.9300,447.4725
44.9400,467.7600
44.9500,519.8550
44.9600,533.9650
44.9700,512.2575
44.9800,479.5900
44.9900,425.2125
45.0000,396.1375
45.0100,366.3175
45.0200,331.2400
45.0300,291.0975
45.0400,260.3725
45.0500,270.6500
45.0600,291.0225
45.0700,281.2975
45.0800,298.7950
45.0900,283.5550
45.1000,262.4175
45.1100,260.9200
45.1200,271.9775
45.1300,294.8075
45.1400,259.3775
45.1500,240.0350
45.1600,278.6250
45.1700,275.2100
45.1800,271.9100
45.1900,283.3325
45.2000,277.6250
45.2100,271.4325
45.2200,268.1000
45.2300,268.5650
45.2400,271.8975
45.2500,294.1850
45.2600,304.3175
45.2700,277.2875
45.2800,269.4575
45.2900,299.3450
45.3000,299.6700
45.3100,313.0875
45.3200,342.7625
45.3300,346.2325
45.3400,343.3325
45.3500,333.9250
45.3600,311.6250
45.3700,305.6375
45.3800,317.5100
45.3900,308.3250
45.4000,300.4150
45.4100,297.7125
45.4200,304.5650
45.4300,287.1450
45.4400,274.1425
45.4500,274.3975
45.4600,270.0000
45.4700,264.4050
45.4800,250.6825
45.4900,243.3325
45.5000,252.6375
45.5100,269.2975
45.5200,276.6675
45.5300,282.2375
45.5400,273.6775
45.5500,267.0425
45.5600,273.7050
45.5700,289.6275
45.5800,301.8500
45.5900,290.3925
45.6000,289.2375
45.6100,287.4375
45.6200,289.2225
45.6300,287.4500
45.6400,283.6850
45.6500,282.9850
45.6600,278.1600
45.6700,252.7750
45.6800,262.7175
45.6900,277.4900
45.7000,281.0025
45.7100,311.9900
45.7200,319.0125
45.7300,311.8300
45.7400,318.8200
45.7500,321.5050
45.7600,301.7400
45.7700,286.6675
45.7800,314.0150
45.7900,329.3800
45.8000,316.0500
45.8100,344.5675
45.8200,367.8800
45.8300,363.3325
45.8400,366.9650
45.8500,393.5825
45.8600,411.5200
45.8700,431.7375
45.8800,469.9125
45.8900,497.5200
45.9000,459.6725
45.9100,410.9700
45.9200,392.5050
45.9300,377.9225
45.9400,366.1250
45.9500,352.7950
45.9600,352.0650
45.9700,363.8600
45.9800,391.5650
45.9900,401.0200
46.0000,389.7450
46.0100,388.4600
46.0200,397.1675
46.0300,396.1700
46.0400,379.2625
46.0500,357.4825
46.0600,330.5850
46.0700,302.3825
46.0800,300.7050
46.0900,301.0850
46.1000,275.5150
46.1100,284.9275
46.1200,292.4325
46.1300,285.3350
46.1400,263.3500
46.1500,255.9775
46.1600,259.3550
46.1700,253.5450
46.1800,272.6100
46.1900,293.7475
46.2000,300.0000
46.2100,285.8575
46.2200,276.8675
46.2300,288.8275
46.2400,287.8450
46.2500,278.2375
46.2600,274.9050
46.2700,278.6150
46.2800,271.0200
46.2900,263.5150
46.3000,261.3975
46.3100,253.1550
46.3200,250.0000
46.3300,271.0350
46.3400,274.2350
46.3500,261.7500
46.3600,263.3325
46.3700,249.3500
46.3800,264.6150
46.3900,276.0350
46.4000,263.3325
46.4100,259.8475
46.4200,260.1500
46.4300,275.5175
46.4400,293.6250
46.4500,298.2625
46.4600,296.6675
46.4700,305.3450
46.4800,301.1925
46.4900,296.9325
46.5000,292.9400
46.5100,260.8300
46.5200,255.5675
46.5300,271.7275
46.5400,269.8775
46.5500,271.8450
46.5600,290.4650
46.5700,287.8200
46.5800,287.1125
46.5900,312.0500
46.6000,297.5300
46.6100,266.4575
46.6200,270.3075
46.6300,283.4325
46.6400,278.0900
46.6500,292.2850
46.6600,315.0475
46.6700,301.2600
46.6800,259.2950
46.6900,252.1375
46.7000,281.9575
46.7100,303.5750
46.7200,294.5675
46.7300,261.3225
46.7400,250.0750
46.7500,243.1175
46.7600,255.4500
46.7700,286.8675
46.7800,284.7750
46.7900,263.1475
46.8000,270.3000
46.8100,298.5350
46.8200,289.6675
46.8300,259.8400
46.8400,271.9975
46.8500,303.4775
46.8600,287.9875
46.8700,270.0875
46.8800,276.6675
46.8900,278.3525
46.9000,280.0000
46.9100,288.4200
46.9200,305.0800
46.9300,318.3775
46.9400,340.1400
46.9500,333.1550
46.9600,298.2525
46.9700,266.5400
46.9800,266.7800
46.9900,305.0900
47.0000,308.2700
47.0100,291.6600
47.0200,296.6875
47.0300,325.0500
47.0400,321.6275
47.0500,300.0025
47.0600,331.6750
47.0700,373.3275
47.0800,378.3425
47.0900,374.9925
47.1000,396.6275
47.1100,424.9650
47.1200,439.9875
47.1300,503.0700
47.1400,563.3325
47.1500,586.5325
47.1600,669.6175
47.1700,726.6900
47.1800,713.4100
47.1900,716.5550
47.2000,720.0900
47.2100,643.9775
47.2200,565.1200
47.2300,574.7625
47.2400,576.9000
47.2500,538.5575
47.2600,490.3875
47.2700,466.5775
47.2800,499.6200
47.2900,528.3075
47.3000,531.6400
47.3100,516.9350
47.3200,506.5550
47.3300,505.1450
47.3400,472.1175
47.3500,443.3950
47.3600,402.4075
47.3700,358.4325
47.3800,350.0675
47.3900,330.3550
47.4000,314.9625
47.4100,321.5550
47.4200,315.2700
47.4300,290.3175
47.4400,284.7975
47.4500,281.9600
47.4600,271.6250
47.4700,283.0700
47.4800,280.3600
47.4900,278.0125
47.5000,290.0000
47.5100,296.4750
47.5200,304.9500
47.5300,301.8175
47.5400,285.3575
47.5500,287.8650
47.5600,282.3575
47.5700,258.3875
47.5800,277.6150
47.5900,311.2725
47.6000,294.3650
47.6100,266.5500
47.6200,282.8575
47.6300,295.0600
47.6400,282.0975
47.6500,281.2300
47.6600,272.4900
47.6700,272.4325
47.6800,306.2750
47.6900,305.4650
47.7000,277.3400
47.7100,263.1975
47.7200,289.0275
47.7300,290.9875
47.7400,260.2850
47.7500,269.2750
47.7600,283.4800
47.7700,287.9600
47.7800,309.3975
47.7900,315.3825
47.8000,295.5425
47.8100,283.3325
47.8200,288.0950
47.8300,286.9875
47.8400,278.4150
47.8500,276.6675
47.8600,278.2500
47.8700,275.2525
47.8800,258.9300
47.8900,237.1850
47.9000,251.9375
47.9100,275.2650
47.9200,274.7325
47.9300,273.6950
47.9400,272.9675
47.9500,283.1500
47.9600,277.2250
47.9700,266.6675
47.9800,271.3825
47.9900,262.5300
48.0000,259.2250
48.0100,257.6450
48.0200,235.2975
48.0300,269.1725
48.0400,297.6750
48.0500,265.9150
48.0600,251.5650
48.0700,289.2850
48.0800,303.4450
48.0900,267.0875
48.1000,270.9225
48.1100,289.5700
48.1200,316.9250
48.1300,354.0175
48.1400,370.0000
48.1500,387.1100
48.1600,403.5575
48.1700,438.8425
48.1800,460.0425
48.1900,428.6775
48.2000,421.7825
48.2100,396.7500
48.2200,360.7050
48.2300,353.0950
48.2400,341.1950
48.2500,340.3425
48.2600,386.2700
48.2700,408.9450
48.2800,426.2400
48.2900,467.4650
48.3000,490.7925
48.3100,529.5275
48.3200,600.0375
48.3300,698.9925
48.3400,775.3800
48.3500,807.1675
48.3600,857.1300
48.3700,905.8800
48.3800,955.0275
48.3900,969.3300
48.4000,891.9525
48.4100,772.8725
48.4200,662.4450
48.4300,605.5200
48.4400,584.3125
48.4500,587.2200
48.4600,575.4175
48.4700,580.6850
48.4800,619.2675
48.4900,640.8525
48.5000,625.4275
48.5100,621.5225
48.5200,623.3325
48.5300,602.0375
48.5400,526.4975
48.5500,433.2400
48.5600,387.2600
48.5700,369.3775
48.5800,353.6325
48.5900,339.3875
48.6000,313.0325
48.6100,298.1800
48.6200,280.3275
48.6300,268.7675
48.6400,265.1950
48.6500,253.9075
48.6600,266.6675
48.6700,265.1575
48.6800,267.8575
48.6900,273.3325
48.7000,256.7625
48.7100,250.2175
48.7200,275.6950
48.7300,283.6600
48.7400,276.9950
48.7500,280.8450
48.7600,290.0000
48.7700,283.9975
48.7800,288.6650
48.7900,286.8450
48.8000,274.1575
48.8100,290.8200
48.8200,311.9700
48.8300,302.7375
48.8400,276.3225
48.8500,300.9150
48.8600,325.1725
48.8700,342.7325
48.8800,359.2100
48.8900,369.3775
48.9000,394.8225
48.9100,424.9575
48.9200,462.9775
48.9300,471.1275
48.9400,491.5325
48.9500,515.9425
48.9600,511.4550
48.9700,496.6675
48.9800,492.2175
48.9900,491.1150
49.0000,465.5525
49.0100,425.1850
49.0200,442.5725
49.0300,450.3950
49.0400,409.3025
49.0500,378.9000
49.0600,379.2400
49.0700,397.0000
49.0800,442.4550
49.0900,471.5375
49.1000,449.2975
49.1100,453.2550
49.1200,509.7450
49.1300,601.1950
49.1400,660.6850
49.1500,674.4100
49.1600,697.6275
49.1700,702.3825
49.1800,643.3150
49.1900,571.7350
49.2000,496.0250
49.2100,406.3050
49.2200,358.9400
49.2300,359.1875
49.2400,371.0550
49.2500,400.0575
49.2600,424.1550
49.2700,428.3500
49.2800,437.4950
49.2900,448.9650
49.3000,448.5450
49.3100,419.5825
49.3200,407.3100
49.3300,388.1225
49.3400,363.8075
49.3500,311.0950
49.3600,291.0275
49.3700,282.1375
49.3800,272.0450
49.3900,302.2000
49.4000,323.7650
49.4100,283.7550
49.4200,248.2600
49.4300,283.6100
49.4400,302.7625
49.4500,316.4825
49.4600,322.0825
49.4700,272.6550
49.4800,261.5575
49.4900,301.2125
49.5000,311.6850
49.5100,291.9875
49.5200,290.3575
49.5300,281.9800
49.5400,287.5725
49.5500,258.4075
49.5600,241.5100
49.5700,252.3525
49.5800,242.3550
49.5900,232.3575
49.6000,229.5375
49.6100,240.5100
49.6200,250.0000
49.6300,254.3000
49.6400,262.8650
49.6500,278.1250
49.6600,293.3325
49.6700,294.7650
49.6800,285.2250
49.6900,270.0000
49.7000,267.1425
49.7100,270.4725
49.7200,277.1450
49.7300,260.4950
49.7400,244.7600
49.7500,250.9425
49.7600,250.9675
49.7700,234.7900
49.7800,219.0650
49.7900,220.4450
49.8000,248.4825
49.8100,277.5975
49.8200,281.9125
49.8300,268.6425
49.8400,246.2375
49.8500,243.7575
49.8600,260.4225
49.8700,262.9150
49.8800,246.2525
49.8900,247.9900
49.9000,263.3325
49.9100,266.1625
49.9200,274.2400
49.9300,254.5700
49.9400,236.9450
49.9500,261.4125
49.9600,291.5500
49.9700,314.4875
49.9800,293.3325
49.9900,293.3325
50.0000,293.3325
