#Intensity_unit=cps
#Attenuator_coefficient=1.0000
10.0000,935.4800
10.0100,888.1025
10.0200,904.5725
10.0300,930.9300
10.0400,939.3975
10.0500,900.6025
10.0600,933.0200
10.0700,897.2975
10.0800,835.8175
10.0900,805.7925
10.1000,894.0775
10.1100,927.5225
10.1200,926.9775
10.1300,911.5600
10.1400,894.9000
10.1500,947.6725
10.1600,902.0325
10.1700,857.4525
10.1800,913.6400
10.1900,910.9575
10.2000,867.8175
10.2100,926.5800
10.2200,951.3975
10.2300,905.1825
10.2400,900.0000
10.2500,924.0550
10.2600,890.5975
10.2700,856.6200
10.2800,874.3575
10.2900,900.6850
10.3000,912.3350
10.3100,883.3350
10.3200,877.0025
10.3300,870.6725
10.3400,887.9775
10.3500,890.0000
10.3600,898.9800
10.3700,870.0750
10.3800,857.6925
10.3900,952.3475
10.4000,930.4575
10.4100,878.8650
10.4200,903.1975
10.4300,927.5625
10.4400,915.0800
10.4500,874.5575
10.4600,861.0550
10.4700,865.9600
10.4800,854.7500
10.4900,844.4000
10.5000,870.1225
10.5100,950.6900
10.5200,951.0775
10.5300,893.5175
10.5400,907.4675
10.5500,883.2675
10.5600,865.1550
10.5700,925.6575
10.5800,918.5000
10.5900,845.5000
10.6000,892.9825
10.6100,885.1850
10.6200,921.8325
10.6300,985.8725
10.6400,996.2925
10.6500,893.1475
10.6600,859.3050
10.6700,874.3975
10.6800,938.7000
10.6900,920.0925
10.7000,857.6400
10.7100,844.1000
10.7200,813.8450
10.7300,883.6900
10.7400,922.7950
10.7500,864.8225
10.7600,830.1725
10.7700,829.6100
10.7800,897.6475
10.7900,891.9675
10.8000,916.4475
10.8100,925.8750
10.8200,859.1375
10.8300,826.5225
10.8400,858.5350
10.8500,872.1300
10.8600,952.4650
10.8700,860.8000
10.8800,814.4550
10.8900,830.4875
10.9000,909.4000
10.9100,902.4550
10.9200,920.4600
10.9300,815.2300
10.9400,811.6825
10.9500,801.6575
10.9600,875.8625
10.9700,912.9150
10.9800,942.9025
10.9900,882.5625
11.0000,861.6825
11.0100,868.7325
11.0200,826.3525
11.0300,840.3600
11.0400,886.9425
11.0500,849.7450
11.0600,866.5700
11.0700,890.3225
11.0800,878.8250
11.0900,838.9600
11.1000,821.7375
11.1100,834.4900
11.1200,833.7700
11.1300,888.3425
11.1400,876.4100
11.1500,882.0100
11.1600,863.0950
11.1700,836.8800
11.1800,867.9950
11.1900,838.6875
11.2000,818.9050
11.2100,851.2800
11.2200,879.7325
11.2300,848.7525
11.2400,805.8875
11.2500,825.9125
11.2600,884.6750
11.2700,881.8275
11.2800,825.3750
11.2900,888.5075
11.3000,902.8725
11.3100,851.6575
11.3200,880.6375
11.3300,840.7775
11.3400,859.1350
11.3500,871.9300
11.3600,841.8300
11.3700,856.7050
11.3800,860.0000
11.3900,877.1600
11.4000,914.3025
11.4100,894.2850
11.4200,844.3075
11.4300,782.4350
11.4400,793.3050
11.4500,842.2925
11.4600,875.6525
11.4700,885.6975
11.4800,866.7350
11.4900,851.9500
11.5000,881.2900
11.5100,807.0575
11.5200,824.5925
11.5300,895.3300
11.5400,935.0575
11.5500,903.1125
11.5600,871.1400
11.5700,878.0050
11.5800,863.0000
11.5900,854.3350
11.6000,819.3675
11.6100,804.8450
11.6200,814.6450
11.6300,836.4500
11.6400,871.0725
11.6500,902.0775
11.6600,889.7350
11.6700,858.4600
11.6800,853.3325
11.6900,912.5075
11.7000,883.9050
11.7100,780.9600
11.7200,746.4525
11.7300,788.3275
11.7400,858.5000
11.7500,914.9475
11.7600,931.7575
11.7700,818.2750
11.7800,835.9350
11.7900,815.3000
11.8000,868.8425
11.8100,902.4050
11.8200,895.4700
11.8300,851.3675
11.8400,871.2950
11.8500,804.0025
11.8600,803.9675
11.8700,826.2100
11.8800,827.2100
11.8900,860.1350
11.9000,810.9175
11.9100,788.8550
11.9200,872.9900
11.9300,937.3125
11.9400,924.4125
11.9500,836.5950
11.9600,808.8850
11.9700,848.3250
11.9800,856.6675
11.9900,848.3425
12.0000,846.6675
12.0100,849.4375
12.0200,897.0875
12.0300,876.2150
12.0400,856.1650
12.0500,858.8650
12.0600,815.7750
12.0700,839.8175
12.0800,849.4275
12.0900,841.7225
12.1000,856.5475
12.1100,868.2700
12.1200,825.9175
12.1300,786.3775
12.1400,777.2475
12.1500,828.9275
12.1600,848.2475
12.1700,860.9900
12.1800,863.3325
12.1900,860.5875
12.2000,854.5125
12.2100,784.7925
12.2200,830.2825
12.2300,840.5950
12.2400,829.0525
12.2500,812.9875
12.2600,771.7225
12.2700,823.4500
12.2800,803.8950
12.2900,802.1250
12.3000,803.3325
12.3100,795.1525
12.3200,785.1575
12.3300,835.0800
12.3400,873.8875
12.3500,850.0750
12.3600,856.9275
12.3700,873.5875
12.3800,865.8025
12.3900,860.6200
12.4000,841.0100
12.4100,858.3575
12.4200,866.0425
12.4300,920.8300
12.4400,903.5600
12.4500,912.8975
12.4600,951.8125
12.4700,924.8725
12.4800,965.2750
12.4900,1054.9375
12.5000,1111.0975
12.5100,1152.3500
12.5200,1157.3050
12.5300,1191.6725
12.5400,1272.6625
12.5500,1284.6200
12.5600,1286.0225
12.5700,1367.2650
12.5800,1402.7775
12.5900,1548.8900
12.6000,1545.7875
12.6100,1600.9950
12.6200,1573.8050
12.6300,1557.9800
12.6400,1671.7200
12.6500,1828.3575
12.6600,1675.5950
12.6700,1646.0250
12.6800,1692.7100
12.6900,1668.6525
12.7000,1668.0000
12.7100,1675.3300
12.7200,1658.0250
12.7300,1600.1025
12.7400,1520.1675
12.7500,1482.0675
12.7600,1452.7550
12.7700,1446.6675
12.7800,1316.6400
12.7900,1370.8500
12.8000,1414.5375
12.8100,1417.3500
12.8200,1403.4300
12.8300,1347.0875
12.8400,1359.7750
12.8500,1427.4450
12.8600,1459.1800
12.8700,1508.2025
12.8800,1533.1875
12.8900,1439.1300
12.9000,1421.2375
12.9100,1439.1300
12.9200,1385.4450
12.9300,1496.2250
12.9400,1506.3475
12.9500,1389.6875
12.9600,1333.7500
12.9700,1384.3775
12.9800,1350.1875
12.9900,1265.9250
13.0000,1204.7725
13.0100,1172.4000
13.0200,1164.0525
13.0300,1016.9725
13.0400,927.0400
13.0500,889.8400
13.0600,885.9425
13.0700,842.3450
13.0800,822.1825
13.0900,817.3950
13.1000,879.1200
13.1100,873.2625
13.1200,874.4625
13.1300,827.3175
13.1400,789.9725
13.1500,809.2750
13.1600,803.7050
13.1700,753.3650
13.1800,786.6050
13.1900,756.0125
13.2000,779.5350
13.2100,805.5050
13.2200,840.9900
13.2300,831.9325
13.2400,842.1425
13.2500,836.3550
13.2600,799.8450
13.2700,761.6825
13.2800,768.7700
13.2900,799.0425
13.3000,773.2650
13.3100,753.0625
13.3200,767.9625
13.3300,739.9975
13.3400,719.7500
13.3500,788.3750
13.3600,866.3075
13.3700,852.6400
13.3800,781.9875
13.3900,760.7800
13.4000,742.1300
13.4100,757.0750
13.4200,791.3775
13.4300,764.3325
13.4400,727.8725
13.4500,709.8225
13.4600,749.8925
13.4700,755.7100
13.4800,760.9525
13.4900,793.7850
13.5000,745.0075
13.5100,726.6675
13.5200,736.7975
13.5300,770.3700
13.5400,757.2375
13.5500,739.8900
13.5600,782.1325
13.5700,799.1900
13.5800,777.2975
13.5900,782.6025
13.6000,786.6675
13.6100,779.1150
13.6200,769.1200
13.6300,776.7225
13.6400,764.9275
13.6500,770.0425
13.6600,800.9300
13.6700,842.5925
13.6800,825.7725
13.6900,781.6150
13.7000,792.5175
13.7100,764.9950
13.7200,780.8175
13.7300,832.4475
13.7400,796.7625
13.7500,725.1450
13.7600,666.8000
13.7700,703.1325
13.7800,737.4175
13.7900,745.8200
13.8000,756.6050
13.8100,782.3475
13.8200,767.6675
13.8300,752.5600
13.8400,745.0450
13.8500,701.2375
13.8600,612.4325
13.8700,673.2125
13.8800,715.6875
13.8900,710.1225
13.9000,684.4600
13.9100,743.2425
13.9200,761.7375
13.9300,720.6025
13.9400,706.6675
13.9500,691.9125
13.9600,708.7800
13.9700,724.0325
13.9800,704.5850
13.9900,708.9250
14.0000,730.4850
14.0100,731.7700
14.0200,712.8750
14.0300,736.0050
14.0400,768.6550
14.0500,781.5500
14.0600,807.7300
14.0700,767.9100
14.0800,745.1275
14.0900,745.7675
14.1000,717.4750
14.1100,718.8200
14.1200,725.7625
14.1300,702.3950
14.1400,676.3550
14.1500,699.0850
14.1600,734.2200
14.1700,753.0150
14.1800,730.0650
14.1900,729.6675
14.2000,747.8225
14.2100,770.2250
14.2200,730.8525
14.2300,713.3325
14.2400,795.1975
14.2500,802.6075
14.2600,733.2300
14.2700,676.3675
14.2800,725.7500
14.2900,797.9775
14.3000,759.1375
14.3100,722.2950
14.3200,711.8800
14.3300,745.8750
14.3400,788.6775
14.3500,771.3425
14.3600,709.8875
14.3700,718.6150
14.3800,708.5550
14.3900,704.7625
14.4000,737.5950
14.4100,766.6400
14.4200,785.2100
14.4300,737.7800
14.4400,702.4350
14.4500,734.5875
14.4600,771.3150
14.4700,758.7025
14.4800,754.7300
14.4900,751.9400
14.5000,759.4450
14.5100,704.3525
14.5200,687.0725
14.5300,713.5550
14.5400,753.9325
14.5500,719.6275
14.5600,690.6000
14.5700,684.3175
14.5800,680.9875
14.5900,708.1350
14.6000,705.9425
14.6100,725.7500
14.6200,776.4325
14.6300,734.9000
14.6400,717.0075
14.6500,689.6625
14.6600,678.9975
14.6700,747.5700
14.6800,760.3700
14.6900,746.3550
14.7000,745.6575
14.7100,737.3750
14.7200,761.1825
14.7300,729.2725
14.7400,740.1225
14.7500,767.2250
14.7600,754.8250
14.7700,737.4200
14.7800,742.5725
14.7900,718.9725
14.8000,720.5025
14.8100,703.6250
14.8200,688.7275
14.8300,716.5725
14.8400,762.1800
14.8500,783.5575
14.8600,731.5875
14.8700,695.2025
14.8800,726.6600
14.8900,752.4900
14.9000,774.9675
14.9100,767.3350
14.9200,762.2850
14.9300,761.0525
14.9400,778.2400
14.9500,793.5000
14.9600,760.2450
14.9700,775.1750
14.9800,821.8150
14.9900,832.1250
15.0000,818.6550
15.0100,804.2650
15.0200,786.4100
15.0300,780.0000
15.0400,804.8750
15.0500,850.5575
15.0600,839.5775
15.0700,844.7125
15.0800,882.6325
15.0900,903.4225
15.1000,868.4175
15.1100,832.0150
15.1200,852.5350
15.1300,871.1550
15.1400,862.1200
15.1500,832.0200
15.1600,862.5350
15.1700,887.8075
15.1800,829.6600
15.1900,837.9600
15.2000,847.7425
15.2100,812.1250
15.2200,812.2575
15.2300,868.9575
15.2400,886.6625
15.2500,863.3400
15.2600,840.0150
15.2700,833.3325
15.2800,835.5500
15.2900,854.3775
15.3000,881.0300
15.3100,878.9500
15.3200,787.2150
15.3300,745.5400
15.3400,762.0975
15.3500,730.3550
15.3600,727.6050
15.3700,725.6725
15.3800,691.4425
15.3900,700.8100
15.4000,752.8050
15.4100,751.4250
15.4200,685.2750
15.4300,682.9125
15.4400,703.2225
15.4500,693.5675
15.4600,684.4850
15.4700,687.6925
15.4800,692.1775
15.4900,658.5250
15.5000,637.8275
15.5100,656.2100
15.5200,660.1575
15.5300,691.3500
15.5400,722.9950
15.5500,680.2300
15.5600,612.2575
15.5700,637.5200
15.5800,669.8075
15.5900,703.5175
15.6000,730.7700
15.6100,706.5350
15.6200,728.7050
15.6300,730.6650
15.6400,698.5375
15.6500,665.2225
15.6600,664.0450
15.6700,663.5775
15.6800,627.9225
15.6900,659.1425
15.7000,731.4950
15.7100,763.0650
15.7200,734.7050
15.7300,699.6375
15.7400,670.8600
15.7500,651.5000
15.7600,678.5100
15.7700,730.6000
15.7800,741.5250
15.7900,702.7950
15.8000,681.2175
15.8100,646.1925
15.8200,641.4450
15.8300,664.7625
15.8400,654.3700
15.8500,651.7550
15.8600,677.6975
15.8700,668.9875
15.8800,688.1550
15.8900,696.1800
15.9000,662.7625
15.9100,646.6675
15.9200,652.9400
15.9300,681.7375
15.9400,679.9675
15.9500,692.9400
15.9600,667.0825
15.9700,651.6600
15.9800,669.1425
15.9900,662.1250
16.0000,676.1625
16.0100,673.4125
16.0200,648.8325
16.0300,648.2775
16.0400,669.8725
16.0500,710.9825
16.0600,663.9700
16.0700,604.7800
16.0800,630.4025
16.0900,647.1600
16.1000,612.5025
16.1100,607.7075
16.1200,624.8725
16.1300,613.6050
16.1400,601.2850
16.1500,626.5900
16.1600,647.4200
16.1700,643.8750
16.1800,662.4325
16.1900,676.6675
16.2000,680.7375
16.2100,681.3000
16.2200,657.6550
16.2300,694.0650
16.2400,698.2850
16.2500,661.7725
16.2600,650.0000
16.2700,662.1275
16.2800,667.9800
16.2900,640.4425
16.3000,641.4700
16.3100,679.5050
16.3200,682.5900
16.3300,703.4700
16.3400,717.3125
16.3500,691.2775
16.3600,644.6175
16.3700,663.3525
16.3800,699.9950
16.3900,652.7500
16.4000,626.6400
16.4100,635.3250
16.4200,598.8425
16.4300,589.2425
16.4400,623.8400
16.4500,638.0150
16.4600,648.5625
16.4700,672.5125
16.4800,687.2900
16.4900,688.0225
16.5000,698.5125
16.5100,710.6125
16.5200,709.3925
16.5300,698.7925
16.5400,673.6700
16.5500,646.2500
16.5600,656.2875
16.5700,666.0800
16.5800,671.1650
16.5900,676.6675
16.6000,662.9900
16.6100,682.6125
16.6200,658.4875
16.6300,620.8225
16.6400,657.5275
16.6500,651.6800
16.6600,646.0825
16.6700,650.3025
16.6800,627.8325
16.6900,663.1150
16.7000,690.8675
16.7100,692.4600
16.7200,698.5950
16.7300,680.7300
16.7400,668.5925
16.7500,681.5375
16.7600,676.5525
16.7700,632.1275
16.7800,656.5025
16.7900,655.0400
16.8000,640.0550
16.8100,651.9100
16.8200,641.8825
16.8300,595.2050
16.8400,625.7000
16.8500,643.3700
16.8600,613.8325
16.8700,599.0750
16.8800,619.8775
16.8900,632.4250
16.9000,630.4500
16.9100,659.7900
16.9200,672.4500
16.9300,657.2400
16.9400,648.1175
16.9500,652.3100
16.9600,641.6325
16.9700,639.3850
16.9800,635.4175
16.9900,621.0475
17.0000,609.1825
17.0100,597.7275
17.0200,643.7325
17.0300,687.0625
17.0400,662.0625
17.0500,636.2800
17.0600,668.6400
17.0700,692.9550
17.0800,634.3800
17.0900,627.0375
17.1000,704.7625
17.1100,721.1600
17.1200,649.8125
17.1300,630.6325
17.1400,664.7300
17.1500,676.6675
17.1600,709.7350
17.1700,731.1625
17.1800,669.8475
17.1900,594.0400
17.2000,560.8575
17.2100,546.0275
17.2200,563.7175
17.2300,594.2675
17.2400,605.1525
17.2500,577.5775
17.2600,593.2825
17.2700,613.9700
17.2800,605.1450
17.2900,612.0950
17.3000,594.9775
17.3100,594.7200
17.3200,606.3925
17.3300,592.5275
17.3400,594.1275
17.3500,626.6900
17.3600,653.8450
17.3700,661.7925
17.3800,677.6550
17.3900,698.9400
17.4000,674.5175
17.4100,659.1550
17.4200,655.7450
17.4300,657.5700
17.4400,648.6700
17.4500,615.7975
17.4600,624.6125
17.4700,639.7900
17.4800,626.0525
17.4900,602.5325
17.5000,595.2950
17.5100,589.4250
17.5200,604.6450
17.5300,617.8750
17.5400,610.0000
17.5500,622.2775
17.5600,638.5875
17.5700,625.8375
17.5800,636.2100
17.5900,644.2925
17.6000,614.3125
17.6100,620.8925
17.6200,629.5675
17.6300,602.6350
17.6400,617.8875
17.6500,646.6675
17.6600,641.4775
17.6700,605.5625
17.6800,597.3775
17.6900,637.3500
17.7000,672.1600
17.7100,655.7200
17.7200,602.6275
17.7300,592.0050
17.7400,606.7600
17.7500,623.6850
17.7600,634.9575
17.7700,631.6275
17.7800,626.5925
17.7900,613.1225
17.8000,627.1300
17.8100,612.6550
17.8200,583.4475
17.8300,595.0800
17.8400,562.7975
17.8500,560.4425
17.8600,640.5600
17.8700,676.5600
17.8800,659.9375
17.8900,631.4925
17.9000,618.3900
17.9100,614.9375
17.9200,605.0075
17.9300,633.4075
17.9400,616.6025
17.9500,578.3350
17.9600,596.6525
17.9700,610.0000
17.9800,631.5850
17.9900,638.4100
18.0000,618.3650
18.0100,610.0250
18.0200,643.0025
18.0300,650.3100
18.0400,603.5275
18.0500,614.6325
18.0600,669.6175
18.0700,686.8225
18.0800,670.1125
18.0900,637.1550
18.1000,621.4375
18.1100,644.7550
18.1200,628.9650
18.1300,622.7825
18.1400,640.1650
18.1500,636.5800
18.1600,628.6550
18.1700,647.4175
18.1800,655.7550
18.1900,612.2450
18.2000,583.6625
18.2100,602.3075
18.2200,630.1175
18.2300,610.6150
18.2400,602.9525
18.2500,600.5275
18.2600,593.0600
18.2700,593.6150
18.2800,593.0425
18.2900,607.9600
18.3000,624.6150
18.3100,630.1575
18.3200,612.4000
18.3300,612.4975
18.3400,618.9350
18.3500,584.5675
18.3600,586.7975
18.3700,637.1300
18.3800,641.1375
18.3900,648.2525
18.4000,662.7600
18.4100,662.1150
18.4200,708.3400
18.4300,767.8800
18.4400,808.0075
18.4500,811.7775
18.4600,839.5250
18.4700,905.9200
18.4800,951.0800
18.4900,1024.9850
18.5000,1110.8150
18.5100,1138.7600
18.5200,1165.9100
18.5300,1235.1200
18.5400,1292.5800
18.5500,1280.0000
18.5600,1355.0450
18.5700,1455.5675
18.5800,1419.6075
18.5900,1340.1775
18.6000,1310.5775
18.6100,1327.6575
18.6200,1349.0775
18.6300,1333.9375
18.6400,1344.8275
18.6500,1359.1100
18.6600,1312.2750
18.6700,1232.0125
18.6800,1188.4950
18.6900,1138.5950
18.7000,1038.0000
18.7100,940.2375
18.7200,853.4250
18.7300,783.8175
18.7400,735.8800
18.7500,741.5525
18.7600,712.4350
18.7700,622.1675
18.7800,607.0425
18.7900,636.6675
18.8000,613.0300
18.8100,577.4325
18.8200,590.6200
18.8300,626.9600
18.8400,634.1275
18.8500,616.4050
18.8600,596.0150
18.8700,598.3575
18.8800,622.0875
18.8900,634.7900
18.9000,627.9400
18.9100,615.2150
18.9200,593.0325
18.9300,568.1150
18.9400,554.1000
18.9500,570.8550
18.9600,624.3225
18.9700,618.4900
18.9800,604.7700
18.9900,606.6675
19.0000,606.6675
19.0100,593.8025
19.0200,599.5025
19.0300,634.2750
19.0400,621.5050
19.0500,600.9275
19.0600,613.7575
19.0700,609.1750
19.0800,581.5200
19.0900,560.1225
19.1000,566.3900
19.1100,589.1125
19.1200,565.0775
19.1300,544.2050
19.1400,559.7975
19.1500,619.4475
19.1600,648.4575
19.1700,600.0000
19.1800,609.7325
19.1900,608.0625
19.2000,586.6675
19.2100,611.5700
19.2200,599.7025
19.2300,537.4700
19.2400,548.8400
19.2500,548.4200
19.2600,531.1775
19.2700,534.2900
19.2800,565.0425
19.2900,590.7625
19.3000,592.5775
19.3100,585.3050
19.3200,583.3325
19.3300,572.4875
19.3400,570.2025
19.3500,580.5425
19.3600,588.2500
19.3700,638.8525
19.3800,645.1575
19.3900,599.9125
19.4000,578.6600
19.4100,602.0750
19.4200,613.3000
19.4300,577.3325
19.4400,572.6900
19.4500,568.6200
19.4600,598.5975
19.4700,607.4025
19.4800,585.4075
19.4900,562.7825
19.5000,553.2500
19.5100,558.0775
19.5200,560.4950
19.5300,585.8325
19.5400,589.5425
19.5500,578.5525
19.5600,590.5750
19.5700,603.1675
19.5800,604.2500
19.5900,588.7050
19.6000,595.7175
19.6100,602.2550
19.6200,602.8850
19.6300,615.6175
19.6400,582.7925
19.6500,553.8450
19.6600,572.7900
19.6700,604.8250
19.6800,614.4125
19.6900,572.0150
19.7000,530.4750
19.7100,550.6075
19.7200,567.0075
19.7300,550.3525
19.7400,533.6975
19.7500,547.2350
19.7600,587.9225
19.7700,583.7325
19.7800,574.5850
19.7900,562.9325
19.8000,561.1850
19.8100,607.8625
19.8200,619.2175
19.8300,594.2750
19.8400,570.8600
19.8500,582.7150
19.8600,587.8225
19.8700,557.3775
19.8800,560.1800
19.8900,553.1325
19.9000,585.8950
19.9100,635.3000
19.9200,666.0250
19.9300,655.7650
19.9400,691.5450
19.9500,762.4075
19.9600,806.9200
19.9700,858.3775
19.9800,915.9275
19.9900,977.6325
20.0000,1002.6850
20.0100,968.3775
20.0200,1026.3300
20.0300,1125.9800
20.0400,1166.6675
20.0500,1199.9100
20.0600,1282.5125
20.0700,1312.6900
20.0800,1296.8725
20.0900,1318.6450
20.1000,1343.1400
20.1100,1321.4175
20.1200,1289.8225
20.1300,1291.5100
20.1400,1283.3500
20.1500,1245.8175
20.1600,1279.8900
20.1700,1301.3175
20.1800,1255.3750
20.1900,1236.2800
20.2000,1179.8150
20.2100,1090.4625
20.2200,1012.0475
20.2300,915.0225
20.2400,868.5800
20.2500,814.7550
20.2600,753.3325
20.2700,728.3650
20.2800,664.1450
20.2900,623.1625
20.3000,604.4600
20.3100,592.0375
20.3200,556.5950
20.3300,555.6600
20.3400,595.6550
20.3500,628.8975
20.3600,607.7250
20.3700,538.8900
20.3800,507.7675
20.3900,524.4100
20.4000,548.8300
20.4100,569.9700
20.4200,588.7550
20.4300,615.5275
20.4400,635.3200
20.4500,650.2900
20.4600,593.7875
20.4700,565.1450
20.4800,578.3875
20.4900,528.8300
20.5000,539.8125
20.5100,564.1075
20.5200,594.1925
20.5300,613.2175
20.5400,626.4200
20.5500,644.2700
20.5600,649.0725
20.5700,641.0625
20.5800,649.6975
20.5900,659.1000
20.6000,639.4425
20.6100,628.2525
20.6200,645.9775
20.6300,622.6600
20.6400,621.3125
20.6500,639.7650
20.6600,613.1250
20.6700,634.5450
20.6800,662.5200
20.6900,641.9600
20.7000,625.9525
20.7100,659.0175
20.7200,694.8800
20.7300,723.5775
20.7400,741.5575
20.7500,720.8250
20.7600,688.8125
20.7700,670.4350
20.7800,698.8150
20.7900,722.6275
20.8000,725.4225
20.8100,771.4225
20.8200,828.3725
20.8300,887.3375
20.8400,930.3625
20.8500,911.9425
20.8600,988.6500
20.8700,1117.2000
20.8800,1152.9650
20.8900,1164.9275
20.9000,1153.0700
20.9100,1127.0700
20.9200,1163.8025
20.9300,1075.6900
20.9400,1076.2525
20.9500,1086.2475
20.9600,1104.9550
20.9700,1118.8425
20.9800,1087.1875
20.9900,1097.6275
21.0000,1103.8350
21.0100,1084.6425
21.0200,992.3475
21.0300,942.8550
21.0400,947.1525
21.0500,932.4275
21.0600,891.6175
21.0700,811.2400
21.0800,732.5775
21.0900,692.9200
21.1000,657.1700
21.1100,605.8425
21.1200,642.0200
21.1300,618.8750
21.1400,590.9250
21.1500,590.5675
21.1600,582.4125
21.1700,579.0825
21.1800,575.7525
21.1900,578.8075
21.2000,590.6025
21.2100,563.3700
21.2200,519.9550
21.2300,557.4975
21.2400,596.5675
21.2500,629.6175
21.2600,624.2875
21.2700,569.5825
21.2800,612.4850
21.2900,696.6500
21.3000,724.4800
21.3100,720.3075
21.3200,753.7750
21.3300,701.4150
21.3400,756.9725
21.3500,846.0325
21.3600,930.8950
21.3700,1007.3625
21.3800,1045.4125
21.3900,1039.2300
21.4000,1140.8775
21.4100,1213.9925
21.4200,1227.4775
21.4300,1307.2800
21.4400,1308.0800
21.4500,1408.6650
21.4600,1495.4800
21.4700,1649.8900
21.4800,1846.8525
21.4900,1915.0525
21.5000,1951.7050
21.5100,2020.8450
21.5200,2177.3600
21.5300,2330.8850
21.5400,2327.2950
21.5500,2423.0650
21.5600,2488.4050
21.5700,2507.7225
21.5800,2601.0875
21.5900,2545.4275
21.6000,2520.8325
21.6100,2627.1825
21.6200,2664.8375
21.6300,2672.7650
21.6400,2618.7425
21.6500,2496.8300
21.6600,2394.6575
21.6700,2296.1875
21.6800,2259.8775
21.6900,2223.7675
21.7000,2208.9100
21.7100,2056.8700
21.7200,1927.1725
21.7300,1767.0175
21.7400,1581.6825
21.7500,1517.0125
21.7600,1392.1875
21.7700,1242.8200
21.7800,1128.0650
21.7900,987.0725
21.8000,906.9525
21.8100,883.0000
21.8200,819.2600
21.8300,750.9475
21.8400,726.0150
21.8500,763.1500
21.8600,810.2925
21.8700,787.0875
21.8800,832.2350
21.8900,862.5950
21.9000,873.2625
21.9100,939.8275
21.9200,1011.4625
21.9300,1037.8175
21.9400,1121.3300
21.9500,1158.6925
21.9600,1222.4850
21.9700,1326.3325
21.9800,1301.7575
21.9900,1417.6225
22.0000,1478.1925
22.0100,1376.8800
22.0200,1379.3975
22.0300,1351.9750
22.0400,1408.5975
22.0500,1445.6400
22.0600,1410.3950
22.0700,1398.4700
22.0800,1432.9550
22.0900,1404.3625
22.1000,1425.3750
22.1100,1332.3850
22.1200,1301.5900
22.1300,1324.9275
22.1400,1221.7250
22.1500,1127.0725
22.1600,1015.8400
22.1700,943.3725
22.1800,970.6650
22.1900,918.6725
22.2000,895.4650
22.2100,822.0150
22.2200,829.1450
22.2300,872.8025
22.2400,838.7725
22.2500,844.6700
22.2600,966.0675
22.2700,1046.6675
22.2800,1076.8250
22.2900,1212.9200
22.3000,1273.0675
22.3100,1394.7125
22.3200,1598.9825
22.3300,1810.1950
22.3400,1966.3150
22.3500,2123.0575
22.3600,2340.4550
22.3700,2477.0475
22.3800,2500.1150
22.3900,2569.2925
22.4000,2728.6600
22.4100,2690.1250
22.4200,2808.7875
22.4300,2806.9575
22.4400,2861.8200
22.4500,3037.2650
22.4600,3023.9000
22.4700,2963.0625
22.4800,3019.1950
22.4900,2979.9850
22.5000,2873.7700
22.5100,2779.4825
22.5200,2588.0375
22.5300,2415.2575
22.5400,2251.6950
22.5500,1910.7825
22.5600,1660.3075
22.5700,1497.9075
22.5800,1364.7875
22.5900,1136.9000
22.6000,1002.5800
22.6100,886.6000
22.6200,809.4400
22.6300,746.1550
22.6400,687.2750
22.6500,646.8000
22.6600,593.3925
22.6700,575.0375
22.6800,564.5050
22.6900,546.3375
22.7000,513.2125
22.7100,534.7975
22.7200,560.5300
22.7300,553.8300
22.7400,503.8575
22.7500,511.8950
22.7600,535.8375
22.7700,509.1925
22.7800,487.1825
22.7900,491.0250
22.8000,496.6675
22.8100,492.6050
22.8200,471.5150
22.8300,480.5025
22.8400,475.8350
22.8500,434.8250
22.8600,447.2925
22.8700,469.5075
22.8800,466.6675
22.8900,469.1025
22.9000,489.6350
22.9100,517.0250
22.9200,455.2050
22.9300,430.4825
22.9400,445.7425
22.9500,404.7200
22.9600,429.5775
22.9700,410.4025
22.9800,438.4400
22.9900,469.0775
23.0000,458.2825
23.0100,435.8000
23.0200,493.3325
23.0300,481.1425
23.0400,410.9650
23.0500,460.4475
23.0600,468.6600
23.0700,502.0100
23.0800,488.5075
23.0900,453.1775
23.1000,427.8325
23.1100,412.9025
23.1200,416.0000
23.1300,458.7975
23.1400,470.3700
23.1500,448.7375
23.1600,445.4375
23.1700,478.3450
23.1800,435.8975
23.1900,386.2075
23.2000,407.8900
23.2100,419.5050
23.2200,443.6250
23.2300,471.2000
23.2400,477.2150
23.2500,456.6675
23.2600,456.2750
23.2700,449.8225
23.2800,425.6575
23.2900,444.8725
23.3000,456.6675
23.3100,459.3250
23.3200,483.7725
23.3300,510.7100
23.3400,491.1175
23.3500,498.8925
23.3600,485.2300
23.3700,447.7600
23.3800,458.8375
23.3900,474.5100
23.4000,455.5975
23.4100,451.6250
23.4200,494.0375
23.4300,500.0000
23.4400,502.7700
23.4500,527.0100
23.4600,532.0475
23.4700,552.3700
23.4800,569.3000
23.4900,536.6675
23.5000,569.6450
23.5100,601.2625
23.5200,648.5450
23.5300,704.7475
23.5400,797.6350
23.5500,963.9700
23.5600,986.7200
23.5700,1159.4950
23.5800,1297.6075
23.5900,1453.2850
23.6000,1620.6325
23.6100,1676.9450
23.6200,1874.2650
23.6300,2166.4200
23.6400,2297.0525
23.6500,2270.7575
23.6600,2326.9475
23.6700,2477.4650
23.6800,2558.0900
23.6900,2571.0775
23.7000,2546.6675
23.7100,2542.7925
23.7200,2495.0650
23.7300,2436.1975
23.7400,2385.8025
23.7500,2296.0050
23.7600,2241.5575
23.7700,2134.9750
23.7800,2033.3050
23.7900,1984.1150
23.8000,1849.2550
23.8100,1550.8975
23.8200,1467.3375
23.8300,1299.6800
23.8400,1159.5475
23.8500,1017.0475
23.8600,896.1875
23.8700,930.7450
23.8800,890.1500
23.8900,798.2700
23.9000,728.6350
23.9100,707.7500
23.9200,676.6675
23.9300,676.8875
23.9400,678.6975
23.9500,657.4250
23.9600,621.0600
23.9700,634.5725
23.9800,601.8850
23.9900,579.1825
24.0000,569.8925
24.0100,616.4175
24.0200,562.3575
24.0300,598.6425
24.0400,575.7100
24.0500,559.0575
24.0600,544.6350
24.0700,569.0500
24.0800,606.5650
24.0900,546.6675
24.1000,544.2075
24.1100,499.4800
24.1200,490.0000
24.1300,489.3300
24.1400,476.3375
24.1500,471.7875
24.1600,505.7075
24.1700,487.4525
24.1800,501.9400
24.1900,472.4200
24.2000,452.5850
24.2100,437.1075
24.2200,447.6775
24.2300,469.7175
24.2400,461.2450
24.2500,414.0150
24.2600,429.0625
24.2700,406.1425
24.2800,392.9475
24.2900,384.3425
24.3000,411.9750
24.3100,462.4875
24.3200,440.1175
24.3300,442.2925
24.3400,414.2375
24.3500,439.4475
24.3600,421.9300
24.3700,379.1575
24.3800,354.9750
24.3900,406.9675
24.4000,415.3025
24.4100,371.2325
24.4200,413.8875
24.4300,433.2450
24.4400,428.4350
24.4500,370.0850
24.4600,374.8875
24.4700,435.9550
24.4800,407.0500
24.4900,422.8150
24.5000,400.3575
24.5100,416.3225
24.5200,399.8025
24.5300,390.3800
24.5400,410.0600
24.5500,412.7525
24.5600,379.3325
24.5700,340.0525
24.5800,343.7350
24.5900,369.6175
24.6000,343.1525
24.6100,330.3825
24.6200,360.7975
24.6300,426.9650
24.6400,452.7100
24.6500,393.4925
24.6600,409.6775
24.6700,374.0825
24.6800,466.6425
24.6900,463.1600
24.7000,436.6100
24.7100,426.4550
24.7200,383.3200
24.7300,380.0775
24.7400,403.3925
24.7500,426.6775
24.7600,433.3300
24.7700,429.9975
24.7800,410.0125
24.7900,373.3850
24.8000,383.3125
24.8100,383.3325
24.8200,406.5775
24.8300,426.5750
24.8400,386.8800
24.8500,363.4775
24.8600,350.0925
24.8700,363.2300
24.8800,393.0775
24.8900,383.4275
24.9000,380.0325
24.9100,360.2175
24.9200,445.6550
24.9300,410.4575
24.9400,363.9525
24.9500,419.2050
24.9600,413.4325
24.9700,393.6450
24.9800,442.5125
24.9900,420.4000
25.0000,374.1725
25.0100,448.5600
25.0200,410.7825
25.0300,364.2825
25.0400,399.2250
25.0500,435.8625
25.0600,459.4700
25.0700,407.9200
25.0800,419.6750
25.0900,423.2500
25.1000,377.8750
25.1100,392.8900
25.1200,403.0575
25.1300,438.9650
25.1400,459.4200
25.1500,456.7650
25.1600,453.4350
25.1700,463.0200
25.1800,489.1400
25.1900,509.3400
25.2000,484.2350
25.2100,492.9875
25.2200,512.6250
25.2300,526.1850
25.2400,619.7600
25.2500,594.4650
25.2600,570.9000
25.2700,595.6175
25.2800,667.0575
25.2900,682.7875
25.3000,747.2200
25.3100,832.9825
25.3200,858.9900
25.3300,914.1675
25.3400,1005.8125
25.3500,1079.9850
25.3600,1283.5750
25.3700,1340.9700
25.3800,1454.3950
25.3900,1586.8200
25.4000,1678.8650
25.4100,1778.2900
25.4200,1821.2850
25.4300,1858.0925
25.4400,1894.7300
25.4500,1890.3575
25.4600,1912.0650
25.4700,2017.2625
25.4800,2120.8825
25.4900,2126.6675
25.5000,2010.4350
25.5100,2003.3325
25.5200,2125.6425
25.5300,2017.3950
25.5400,1853.4575
25.5500,1724.4625
25.5600,1651.0300
25.5700,1434.3100
25.5800,1345.1150
25.5900,1177.8850
25.6000,1119.9425
25.6100,1013.9600
25.6200,848.0750
25.6300,780.7400
25.6400,680.4325
25.6500,567.8750
25.6600,513.5150
25.6700,494.5175
25.6800,502.6150
25.6900,453.8750
25.7000,434.5575
25.7100,485.7925
25.7200,474.5850
25.7300,461.0125
25.7400,435.3775
25.7500,448.7100
25.7600,486.8700
25.7700,453.1625
25.7800,394.7900
25.7900,402.2575
25.8000,430.8900
25.8100,405.8000
25.8200,391.1075
25.8300,377.7850
25.8400,398.0250
25.8500,390.8550
25.8600,423.5050
25.8700,429.7100
25.8800,414.7975
25.8900,401.1800
25.9000,378.7525
25.9100,373.6350
25.9200,388.4825
25.9300,390.0000
25.9400,332.5300
25.9500,356.8875
25.9600,432.4675
25.9700,415.8650
25.9800,413.3325
25.9900,383.2175
26.0000,370.9725
26.0100,391.0425
26.0200,393.3325
26.0300,372.3275
26.0400,405.9775
26.0500,392.0275
26.0600,375.0350
26.0700,364.3625
26.0800,342.4200
26.0900,390.7425
26.1000,432.4525
26.1100,403.8925
26.1200,388.0925
26.1300,437.2275
26.1400,446.3050
26.1500,384.3200
26.1600,367.7675
26.1700,422.9750
26.1800,424.0775
26.1900,405.5850
26.2000,421.0675
26.2100,423.3325
26.2200,346.6275
26.2300,374.9850
26.2400,415.3400
26.2500,384.6925
26.2600,371.1800
26.2700,405.2425
26.2800,427.6050
26.2900,415.3425
26.3000,427.9775
26.3100,470.9675
26.3200,441.5825
26.3300,404.5350
26.3400,397.0825
26.3500,393.7500
26.3600,460.3325
26.3700,435.0775
26.3800,473.6150
26.3900,436.4250
26.4000,418.3900
26.4100,483.3575
26.4200,513.6125
26.4300,551.3975
26.4400,504.6175
26.4500,476.4450
26.4600,473.3325
26.4700,438.7300
26.4800,424.6900
26.4900,466.5075
26.5000,513.5925
26.5100,525.7450
26.5200,495.0925
26.5300,490.0000
26.5400,467.0800
26.5500,417.5375
26.5600,470.0525
26.5700,482.8575
26.5800,451.9350
26.5900,409.5950
26.6000,406.1825
26.6100,446.5150
26.6200,424.8975
26.6300,391.5900
26.6400,395.1825
26.6500,402.3375
26.6600,406.1675
26.6700,412.3275
26.6800,424.6425
26.6900,409.7175
26.7000,412.3100
26.7100,407.6950
26.7200,378.4975
26.7300,356.4475
26.7400,358.9575
26.7500,413.3700
26.7600,417.7200
26.7700,413.8625
26.7800,346.1125
26.7900,350.1225
26.8000,350.5375
26.8100,355.5850
26.8200,376.1975
26.8300,405.0875
26.8400,421.1400
26.8500,431.6800
26.8600,391.6400
26.8700,366.6725
26.8800,393.8500
26.8900,391.6850
26.9000,365.0800
26.9100,418.0875
26.9200,471.4525
26.9300,430.3050
26.9400,389.6600
26.9500,375.0675
26.9600,365.0750
26.9700,357.8325
26.9800,362.1625
26.9900,393.5250
27.0000,397.2575
27.0100,385.7100
27.0200,380.5975
27.0300,380.0000
27.0400,404.5825
27.0500,385.4425
27.0600,418.1650
27.0700,410.3275
27.0800,436.5925
27.0900,437.8975
27.1000,433.9525
27.1100,455.0350
27.1200,416.6400
27.1300,357.9350
27.1400,373.7125
27.1500,396.2125
27.1600,394.6025
27.1700,404.1200
27.1800,433.6050
27.1900,423.8525
27.2000,425.3775
27.2100,432.0375
27.2200,433.3325
27.2300,411.8900
27.2400,441.4775
27.2500,458.0250
27.2600,427.9300
27.2700,425.3400
27.2800,464.0050
27.2900,478.6625
27.3000,474.6775
27.3100,481.3100
27.3200,531.1475
27.3300,519.4500
27.3400,542.4950
27.3500,613.5600
27.3600,659.1025
27.3700,701.0250
27.3800,707.3600
27.3900,838.5475
27.4000,941.8425
27.4100,981.0575
27.4200,1031.3700
27.4300,1158.9175
27.4400,1308.0900
27.4500,1499.9150
27.4600,1637.6125
27.4700,1710.4250
27.4800,1757.3100
27.4900,1803.2175
27.5000,1941.1325
27.5100,2135.6000
27.5200,2239.8650
27.5300,2269.6675
27.5400,2395.4125
27.5500,2513.0325
27.5600,2591.1000
27.5700,2635.1500
27.5800,2687.3075
27.5900,2632.8150
27.6000,2618.4950
27.6100,2625.1575
27.6200,2510.7475
27.6300,2386.6025
27.6400,2228.9000
27.6500,2028.2200
27.6600,1795.3025
27.6700,1619.5600
27.6800,1450.2200
27.6900,1297.4825
27.7000,1276.1050
27.7100,1093.7175
27.7200,949.9950
27.7300,849.4850
27.7400,709.6525
27.7500,617.4300
27.7600,605.0775
27.7700,586.3800
27.7800,531.8725
27.7900,529.3175
27.8000,520.6950
27.8100,496.4675
27.8200,502.6125
27.8300,489.0300
27.8400,500.9525
27.8500,506.6675
27.8600,479.0400
27.8700,409.7875
27.8800,445.1375
27.8900,475.8500
27.9000,444.9875
27.9100,423.3400
27.9200,457.4325
27.9300,477.4775
27.9400,482.4900
27.9500,478.3575
27.9600,489.0900
27.9700,510.7075
27.9800,524.1050
27.9900,459.7950
28.0000,451.5100
28.0100,488.7950
28.0200,482.7200
28.0300,464.3375
28.0400,484.6325
28.0500,481.0300
28.0600,486.4975
28.0700,467.9025
28.0800,469.8100
28.0900,453.7350
28.1000,488.2700
28.1100,505.7775
28.1200,513.9925
28.1300,472.7625
28.1400,451.7950
28.1500,484.0725
28.1600,506.3900
28.1700,485.7150
28.1800,481.5175
28.1900,500.2950
28.2000,513.9275
28.2100,499.7425
28.2200,515.0675
28.2300,518.5075
28.2400,485.3425
28.2500,466.1125
28.2600,506.6100
28.2700,547.3500
28.2800,535.0775
28.2900,502.7050
28.3000,512.4825
28.3100,560.6450
28.3200,552.7850
28.3300,550.4900
28.3400,539.0375
28.3500,611.8750
28.3600,621.9375
28.3700,570.5875
28.3800,553.3325
28.3900,600.7200
28.4000,634.2000
28.4100,611.6325
28.4200,600.0000
28.4300,668.4000
28.4400,800.3275
28.4500,885.6925
28.4600,905.6850
28.4700,970.0600
28.4800,1118.6175
28.4900,1242.6175
28.5000,1352.8875
28.5100,1538.5800
28.5200,1752.7375
28.5300,1954.2400
28.5400,2118.1425
28.5500,2300.5900
28.5600,2471.5375
28.5700,2633.7300
28.5800,2847.9350
28.5900,3089.0425
28.6000,3343.7450
28.6100,3550.4000
28.6200,3675.8950
28.6300,4004.0025
28.6400,4334.6600
28.6500,4407.2375
28.6600,4473.5000
28.6700,4619.0825
28.6800,4738.7450
28.6900,4943.9500
28.7000,4979.8975
28.7100,4960.0000
28.7200,4798.0650
28.7300,4709.6650
28.7400,4539.5050
28.7500,4133.7900
28.7600,3905.0900
28.7700,3733.9600
28.7800,3599.7950
28.7900,3415.1125
28.8000,3225.8500
28.8100,3111.3275
28.8200,2921.0500
28.8300,2744.2775
28.8400,2626.9600
28.8500,2575.3650
28.8600,2573.3975
28.8700,2466.8800
28.8800,2348.4350
28.8900,2368.0750
28.9000,2341.9875
28.9100,2359.0325
28.9200,2400.0450
28.9300,2521.2200
28.9400,2587.7750
28.9500,2675.4375
28.9600,2721.1000
28.9700,2918.1375
28.9800,3025.5100
28.9900,3171.3325
29.0000,3208.0425
29.0100,3280.3225
29.0200,3456.4825
29.0300,3479.3825
29.0400,3401.7950
29.0500,3423.7550
29.0600,3513.4975
29.0700,3467.9400
29.0800,3437.5875
29.0900,3240.4550
29.1000,2952.4925
29.1100,2760.9175
29.1200,2644.7975
29.1300,2555.7300
29.1400,2598.2125
29.1500,2474.2600
29.1600,2272.0425
29.1700,2091.1975
29.1800,1858.3925
29.1900,1721.4175
29.2000,1638.5625
29.2100,1583.0250
29.2200,1591.4675
29.2300,1541.1575
29.2400,1521.6550
29.2500,1572.7725
29.2600,1583.8500
29.2700,1519.0700
29.2800,1537.8000
29.2900,1679.4450
29.3000,1790.0875
29.3100,1969.4875
29.3200,2183.8575
29.3300,2294.7750
29.3400,2380.1000
29.3500,2488.4675
29.3600,2601.7100
29.3700,2738.1225
29.3800,2824.8900
29.3900,3024.0250
29.4000,3115.3125
29.4100,3136.0075
29.4200,3228.6825
29.4300,3210.6225
29.4400,3142.0175
29.4500,3075.3775
29.4600,2998.7725
29.4700,2805.7100
29.4800,2642.2800
29.4900,2476.8025
29.5000,2327.4950
29.5100,2130.2325
29.5200,1904.4275
29.5300,1784.1250
29.5400,1582.7650
29.5500,1395.1225
29.5600,1260.3350
29.5700,1118.3950
29.5800,1020.2800
29.5900,956.4775
29.6000,845.4075
29.6100,779.7900
29.6200,783.5300
29.6300,741.1175
29.6400,689.6600
29.6500,656.3525
29.6600,598.7000
29.6700,567.9750
29.6800,597.0175
29.6900,596.4600
29.7000,593.4225
29.7100,581.8625
29.7200,559.9375
29.7300,587.5025
29.7400,551.7875
29.7500,545.4075
29.7600,562.6625
29.7700,571.9950
29.7800,591.9800
29.7900,576.0725
29.8000,558.0075
29.8100,564.6200
29.8200,566.0275
29.8300,547.4675
29.8400,568.3550
29.8500,556.3750
29.8600,559.0125
29.8700,582.5850
29.8800,568.9375
29.8900,538.9625
29.9000,524.7025
29.9100,566.4950
29.9200,594.7075
29.9300,581.5950
29.9400,594.8250
29.9500,621.7075
29.9600,589.0825
29.9700,565.8375
29.9800,599.1475
29.9900,614.1775
30.0000,594.4975
30.0100,610.4250
30.0200,647.3925
30.0300,646.4925
30.0400,707.9700
30.0500,781.1700
30.0600,773.6050
30.0700,789.2900
30.0800,878.4925
30.0900,974.5100
30.1000,1050.1325
30.1100,1114.3525
30.1200,1174.3025
30.1300,1241.8675
30.1400,1328.4450
30.1500,1510.4325
30.1600,1692.4700
30.1700,1802.9875
30.1800,1932.1500
30.1900,2188.7050
30.2000,2438.8575
30.2100,2644.1925
30.2200,3008.7025
30.2300,3353.6425
30.2400,3596.7800
30.2500,3867.9825
30.2600,4151.7400
30.2700,4402.0650
30.2800,4633.7450
30.2900,4723.6450
30.3000,4782.0675
30.3100,5012.8925
30.3200,5281.1450
30.3300,5533.1575
30.3400,5612.7000
30.3500,5537.5800
30.3600,5505.1750
30.3700,5497.4725
30.3800,5269.6375
30.3900,4952.4750
30.4000,4744.7875
30.4100,4483.8325
30.4200,4174.5000
30.4300,3966.7675
30.4400,3775.9100
30.4500,3722.7125
30.4600,3643.2450
30.4700,3418.5725
30.4800,3316.6675
30.4900,3370.8775
30.5000,3310.2100
30.5100,3135.3200
30.5200,3137.0925
30.5300,3300.5975
30.5400,3431.5100
30.5500,3572.0900
30.5600,3736.9000
30.5700,3810.4750
30.5800,3818.4500
30.5900,3868.0700
30.6000,3979.3325
30.6100,4160.7050
30.6200,4232.9900
30.6300,4144.9325
30.6400,4142.8125
30.6500,4199.0175
30.6600,4162.4325
30.6700,4070.7450
30.6800,3863.3175
30.6900,3525.5050
30.7000,3207.9900
30.7100,3060.9300
30.7200,2964.6150
30.7300,2755.7800
30.7400,2476.6900
30.7500,2333.3325
30.7600,2230.9600
30.7700,2050.0425
30.7800,1900.8075
30.7900,1776.2150
30.8000,1604.4575
30.8100,1477.7250
30.8200,1392.9500
30.8300,1330.0000
30.8400,1288.8675
30.8500,1244.8675
30.8600,1173.3650
30.8700,1116.8225
30.8800,1147.1800
30.8900,1144.4900
30.9000,1079.2500
30.9100,1082.3825
30.9200,1148.7225
30.9300,1196.9925
30.9400,1208.1875
30.9500,1206.7750
30.9600,1204.8925
30.9700,1221.8825
30.9800,1270.1200
30.9900,1288.3250
31.0000,1271.6250
31.0100,1273.3550
31.0200,1338.3175
31.0300,1434.9075
31.0400,1461.7425
31.0500,1421.7600
31.0600,1396.7125
31.0700,1358.5975
31.0800,1298.6125
31.0900,1199.1575
31.1000,1097.0600
31.1100,1066.6675
31.1200,1014.2000
31.1300,917.4400
31.1400,852.0875
31.1500,797.3675
31.1600,768.2200
31.1700,734.3025
31.1800,646.2475
31.1900,606.3925
31.2000,605.3375
31.2100,580.4075
31.2200,537.6325
31.2300,514.7200
31.2400,508.8625
31.2500,462.8350
31.2600,439.6150
31.2700,480.3975
31.2800,486.1800
31.2900,466.2350
31.3000,463.9325
31.3100,438.8750
31.3200,436.1875
31.3300,456.1700
31.3400,466.6675
31.3500,465.0875
31.3600,461.7575
31.3700,447.4125
31.3800,430.1925
31.3900,423.5300
31.4000,424.6975
31.4100,442.5025
31.4200,444.1850
31.4300,444.0175
31.4400,455.3350
31.4500,451.5525
31.4600,467.2800
31.4700,478.6925
31.4800,474.8775
31.4900,456.6250
31.5000,437.9500
31.5100,444.8700
31.5200,451.2675
31.5300,441.3550
31.5400,401.9350
31.5500,379.7175
31.5600,406.1800
31.5700,442.4575
31.5800,451.8150
31.5900,428.7875
31.6000,429.0475
31.6100,452.4500
31.6200,426.7525
31.6300,408.1725
31.6400,432.5300
31.6500,442.0075
31.6600,425.9875
31.6700,425.8625
31.6800,404.7350
31.6900,401.9100
31.7000,456.7950
31.7100,493.3150
31.7200,444.0850
31.7300,416.6375
31.7400,430.3825
31.7500,423.7200
31.7600,437.6450
31.7700,452.6600
31.7800,437.4725
31.7900,435.8500
31.8000,450.6325
31.8100,458.5425
31.8200,446.4850
31.8300,421.7175
31.8400,416.8125
31.8500,444.4675
31.8600,451.7800
31.8700,440.9900
31.8800,429.4000
31.8900,419.5925
31.9000,463.9050
31.9100,475.6725
31.9200,470.4725
31.9300,492.4100
31.9400,467.6400
31.9500,468.5225
31.9600,475.7475
31.9700,451.6025
31.9800,422.4300
31.9900,432.1775
32.0000,446.2975
32.0100,445.0950
32.0200,459.4700
32.0300,439.5425
32.0400,406.6675
32.0500,408.0600
32.0600,410.0000
32.0700,389.1650
32.0800,365.5450
32.0900,396.8575
32.1000,402.3775
32.1100,410.2025
32.1200,465.6600
32.1300,434.8950
32.1400,405.1100
32.1500,383.7575
32.1600,356.3475
32.1700,351.6575
32.1800,370.6125
32.1900,396.5325
32.2000,446.7750
32.2100,426.9175
32.2200,369.8375
32.2300,348.6525
32.2400,361.4550
32.2500,372.6000
32.2600,367.3800
32.2700,402.0450
32.2800,420.6625
32.2900,397.3475
32.3000,393.9625
32.3100,416.6300
32.3200,410.7850
32.3300,405.1600
32.3400,428.0600
32.3500,391.0550
32.3600,347.9800
32.3700,361.7925
32.3800,386.5400
32.3900,386.2250
32.4000,383.0250
32.4100,391.6325
32.4200,373.3325
32.4300,378.5125
32.4400,390.5425
32.4500,399.2450
32.4600,405.9075
32.4700,412.5675
32.4800,419.2300
32.4900,411.8225
32.5000,389.5050
32.5100,385.8800
32.5200,416.6950
32.5300,456.1950
32.5400,456.3300
32.5500,475.5100
32.5600,482.4350
32.5700,472.5175
32.5800,490.4775
32.5900,527.1175
32.6000,548.7500
32.6100,542.9225
32.6200,559.0800
32.6300,601.6375
32.6400,598.8400
32.6500,580.0000
32.6600,603.4600
32.6700,653.1900
32.6800,636.8025
32.6900,599.6325
32.7000,625.9875
32.7100,596.2275
32.7200,580.0775
32.7300,592.3850
32.7400,580.6175
32.7500,595.7550
32.7600,574.6150
32.7700,528.7950
32.7800,514.6300
32.7900,493.3325
32.8000,480.1500
32.8100,465.0375
32.8200,476.4200
32.8300,459.2850
32.8400,447.1275
32.8500,451.7025
32.8600,428.3875
32.8700,418.0550
32.8800,417.2450
32.8900,398.8250
32.9000,400.1850
32.9100,416.0250
32.9200,414.6575
32.9300,384.6575
32.9400,388.6850
32.9500,370.7250
32.9600,361.4325
32.9700,389.3650
32.9800,400.6650
32.9900,365.1750
33.0000,362.8250
33.0100,388.5600
33.0200,360.9600
33.0300,367.0825
33.0400,420.4500
33.0500,450.9325
33.0600,406.1900
33.0700,363.4900
33.0800,395.7175
33.0900,426.7400
33.1000,435.5175
33.1100,426.6675
33.1200,421.0900
33.1300,404.4350
33.1400,398.8850
33.1500,410.0000
33.1600,414.4200
33.1700,450.8975
33.1800,489.0675
33.1900,437.9700
33.2000,405.5725
33.2100,401.1500
33.2200,415.1900
33.2300,463.1175
33.2400,475.7425
33.2500,460.0000
33.2600,457.8425
33.2700,453.3325
33.2800,454.4075
33.2900,460.9525
33.3000,475.3450
33.3100,494.1325
33.3200,505.7450
33.3300,506.2175
33.3400,503.3750
33.3500,475.5125
33.3600,519.1200
33.3700,474.2650
33.3800,418.6850
33.3900,476.0800
33.4000,487.2775
33.4100,458.3400
33.4200,445.1900
33.4300,443.2050
33.4400,421.5975
33.4500,450.3050
33.4600,463.0550
33.4700,445.1275
33.4800,465.8725
33.4900,493.8075
33.5000,498.8075
33.5100,481.4525
33.5200,491.9000
33.5300,492.5225
33.5400,519.5425
33.5500,481.0050
33.5600,503.3775
33.5700,556.9975
33.5800,586.2950
33.5900,619.6500
33.6000,612.7800
33.6100,606.7150
33.6200,670.9875
33.6300,666.4425
33.6400,669.6350
33.6500,739.1875
33.6600,779.6600
33.6700,741.7975
33.6800,759.1450
33.6900,849.3775
33.7000,905.3650
33.7100,918.9575
33.7200,910.5725
33.7300,981.7250
33.7400,1067.5175
33.7500,989.0300
33.7600,980.9125
33.7700,1069.9175
33.7800,1120.0000
33.7900,1136.0375
33.8000,1170.0800
33.8100,1181.4800
33.8200,1291.6975
33.8300,1398.3975
33.8400,1442.3350
33.8500,1526.9125
33.8600,1629.0600
33.8700,1751.1750
33.8800,1875.7700
33.8900,1959.8550
33.9000,2011.5700
33.9100,2093.5750
33.9200,2324.3300
33.9300,2526.9475
33.9400,2604.0625
33.9500,2730.4825
33.9600,2828.8675
33.9700,3000.5150
33.9800,3087.8075
33.9900,3147.2975
34.0000,3314.9300
34.0100,3330.3825
34.0200,3030.2475
34.0300,2885.0975
34.0400,2814.3475
34.0500,2554.2125
34.0600,2359.8175
34.0700,2155.5250
34.0800,2007.3925
34.0900,1936.3975
34.1000,1895.9200
34.1100,1789.2625
34.1200,1607.7875
34.1300,1439.8225
34.1400,1322.2275
34.1500,1278.9275
34.1600,1219.4925
34.1700,1130.6875
34.1800,1110.9300
34.1900,1148.4825
34.2000,1177.3900
34.2100,1131.6725
34.2200,1140.0025
34.2300,1152.4950
34.2400,1155.8550
34.2500,1114.4075
34.2600,1025.0200
34.2700,1024.9275
34.2800,1045.7325
34.2900,1028.2325
34.3000,910.2350
34.3100,880.8125
34.3200,886.5675
34.3300,888.6050
34.3400,870.5675
34.3500,891.7300
34.3600,881.8750
34.3700,853.1325
34.3800,802.8575
34.3900,779.2100
34.4000,778.2425
34.4100,806.1275
34.4200,880.7825
34.4300,904.4200
34.4400,968.6625
34.4500,936.2625
34.4600,890.0550
34.4700,950.3150
34.4800,1035.3900
34.4900,994.7275
34.5000,940.5350
34.5100,1071.4850
34.5200,1184.1075
34.5300,1257.6925
34.5400,1311.9400
34.5500,1324.7450
34.5600,1308.9125
34.5700,1326.3625
34.5800,1387.5000
34.5900,1505.5550
34.6000,1565.6175
34.6100,1507.0125
34.6200,1522.9325
34.6300,1547.2150
34.6400,1571.1800
34.6500,1482.9025
34.6600,1482.4850
34.6700,1446.9375
34.6800,1439.8925
34.6900,1355.2175
34.7000,1315.4725
34.7100,1293.4875
34.7200,1182.6250
34.7300,1164.4775
34.7400,1097.5275
34.7500,1061.9325
34.7600,1042.7050
34.7700,980.2625
34.7800,938.4825
34.7900,922.0725
34.8000,915.5500
34.8100,846.2875
34.8200,783.0875
34.8300,727.0000
34.8400,656.5525
34.8500,626.6225
34.8600,603.9100
34.8700,572.0325
34.8800,603.3550
34.8900,634.0150
34.9000,586.0575
34.9100,537.3875
34.9200,508.7275
34.9300,489.3450
34.9400,476.2150
34.9500,436.5875
34.9600,448.7025
34.9700,438.8125
34.9800,413.5675
34.9900,392.4325
35.0000,421.7725
35.0100,434.4325
35.0200,396.0325
35.0300,397.7475
35.0400,405.9850
35.0500,366.2575
35.0600,397.6975
35.0700,422.2550
35.0800,438.6275
35.0900,400.8700
35.1000,393.0675
35.1100,398.7250
35.1200,362.7250
35.1300,365.4525
35.1400,385.1725
35.1500,368.1400
35.1600,391.7950
35.1700,397.0200
35.1800,384.5200
35.1900,391.1825
35.2000,393.1350
35.2100,384.2850
35.2200,417.6650
35.2300,406.0850
35.2400,406.2275
35.2500,417.1200
35.2600,406.2025
35.2700,424.5700
35.2800,438.7025
35.2900,401.7000
35.3000,407.7450
35.3100,395.5450
35.3200,390.5600
35.3300,395.0025
35.3400,393.9150
35.3500,352.1825
35.3600,375.6075
35.3700,356.6125
35.3800,377.1425
35.3900,383.1250
35.4000,314.4125
35.4100,326.9775
35.4200,364.9350
35.4300,375.9925
35.4400,390.5300
35.4500,389.1175
35.4600,368.7650
35.4700,383.1325
35.4800,392.2075
35.4900,356.2050
35.5000,388.9700
35.5100,380.2600
35.5200,364.8625
35.5300,375.3625
35.5400,391.2100
35.5500,416.1650
35.5600,414.3325
35.5700,412.0425
35.5800,363.2025
35.5900,341.8550
35.6000,332.8425
35.6100,337.8025
35.6200,388.6700
35.6300,418.0700
35.6400,403.3050
35.6500,383.8100
35.6600,389.5175
35.6700,413.7600
35.6800,451.9625
35.6900,417.2500
35.7000,383.2600
35.7100,408.8900
35.7200,445.1750
35.7300,450.7100
35.7400,415.1575
35.7500,432.5600
35.7600,473.6075
35.7700,494.4250
35.7800,488.0275
35.7900,543.1050
35.8000,562.8925
35.8100,557.3675
35.8200,550.4700
35.8300,623.4700
35.8400,646.6675
35.8500,649.6700
35.8600,668.2950
35.8700,657.9400
35.8800,662.0275
35.8900,632.0950
35.9000,659.1700
35.9100,745.4225
35.9200,749.4375
35.9300,845.7325
35.9400,878.9325
35.9500,821.3100
35.9600,816.7225
35.9700,893.9975
35.9800,914.9875
35.9900,847.4100
36.0000,801.7625
36.0100,790.0000
36.0200,794.2650
36.0300,828.5925
36.0400,835.2925
36.0500,768.7675
36.0600,730.6875
36.0700,706.9950
36.0800,682.2150
36.0900,671.1100
36.1000,653.3325
36.1100,651.8700
36.1200,632.3675
36.1300,572.8875
36.1400,593.4375
36.1500,562.7475
36.1600,526.8150
36.1700,498.9450
36.1800,495.2350
36.1900,535.1475
36.2000,493.3325
36.2100,493.3325
36.2200,491.6375
36.2300,477.6775
36.2400,485.6625
36.2500,474.3425
36.2600,455.3125
36.2700,475.9525
36.2800,497.0750
36.2900,465.4850
36.3000,421.0925
36.3100,401.5875
36.3200,424.2350
36.3300,486.3400
36.3400,392.5675
36.3500,449.0750
36.3600,441.2225
36.3700,445.1425
36.3800,366.9450
36.3900,405.7225
36.4000,429.7050
36.4100,423.7300
36.4200,393.0425
36.4300,389.1325
36.4400,377.1350
36.4500,345.5300
36.4600,336.1500
36.4700,367.7850
36.4800,378.6150
36.4900,364.4325
36.5000,378.3000
36.5100,395.8575
36.5200,388.2700
36.5300,404.2825
36.5400,379.0300
36.5500,404.5850
36.5600,382.5800
36.5700,415.8875
36.5800,446.6675
36.5900,445.6625
36.6000,433.0850
36.6100,434.6725
36.6200,494.7950
36.6300,511.6450
36.6400,486.6575
36.6500,443.5700
36.6600,451.3475
36.6700,516.3450
36.6800,558.2725
36.6900,579.7725
36.7000,576.6675
36.7100,576.0000
36.7200,567.9850
36.7300,586.6675
36.7400,583.2250
36.7500,530.9925
36.7600,496.6675
36.7700,499.3700
36.7800,539.3825
36.7900,530.0000
36.8000,528.7950
36.8100,508.2125
36.8200,479.2150
36.8300,465.8925
36.8400,450.6525
36.8500,408.9350
36.8600,446.6675
36.8700,444.4550
36.8800,407.5775
36.8900,422.9750
36.9000,414.7175
36.9100,379.4750
36.9200,371.3800
36.9300,398.1975
36.9400,427.6725
36.9500,444.1850
36.9600,397.8075
36.9700,418.5525
36.9800,389.8425
36.9900,387.4475
37.0000,401.1825
37.0100,358.9375
37.0200,407.4125
37.0300,422.0125
37.0400,393.4775
37.0500,396.3825
37.0600,388.7425
37.0700,360.2750
37.0800,367.7450
37.0900,393.2000
37.1000,390.9125
37.1100,411.7975
37.1200,373.5850
37.1300,381.4775
37.1400,420.8450
37.1500,442.3850
37.1600,417.2475
37.1700,433.1050
37.1800,426.1100
37.1900,410.2175
37.2000,418.2700
37.2100,465.1000
37.2200,416.7700
37.2300,419.9000
37.2400,417.2525
37.2500,436.9525
37.2600,445.4600
37.2700,403.1525
37.2800,397.5475
37.2900,430.0000
37.3000,430.0000
37.3100,430.2425
37.3200,439.2900
37.3300,410.2300
37.3400,420.4450
37.3500,440.1450
37.3600,446.8050
37.3700,452.4600
37.3800,410.6500
37.3900,443.7725
37.4000,467.8725
37.4100,533.5075
37.4200,543.3325
37.4300,541.8925
37.4400,453.8425
37.4500,487.8850
37.4600,570.1400
37.4700,580.7925
37.4800,639.8325
37.4900,626.5875
37.5000,620.1125
37.5100,630.3825
37.5200,667.6100
37.5300,763.5750
37.5400,790.2225
37.5500,817.2300
37.5600,890.5125
37.5700,963.7100
37.5800,1023.1100
37.5900,983.7750
37.6000,1074.1200
37.6100,1260.1400
37.6200,1300.3500
37.6300,1423.6550
37.6400,1573.3775
37.6500,1603.3700
37.6600,1650.0175
37.6700,1879.8600
37.6800,1840.0525
37.6900,1873.2675
37.7000,1976.3900
37.7100,2033.1425
37.7200,2109.6900
37.7300,2083.4600
37.7400,2149.6375
37.7500,2146.6875
37.7600,2116.8700
37.7700,2166.2925
37.7800,2037.7300
37.7900,1901.2100
37.8000,1777.8450
37.8100,1697.4850
37.8200,1637.3225
37.8300,1633.3725
37.8400,1643.2100
37.8500,1623.5925
37.8600,1597.0300
37.8700,1609.8100
37.8800,1547.6175
37.8900,1559.7900
37.9000,1668.1975
37.9100,1702.7650
37.9200,1706.6075
37.9300,1791.7350
37.9400,1917.5775
37.9500,1952.6725
37.9600,1972.9225
37.9700,2126.6825
37.9800,2208.2525
37.9900,2226.2900
38.0000,2405.7450
38.0100,2488.0875
38.0200,2603.8000
38.0300,2590.4200
38.0400,2602.9875
38.0500,2674.7150
38.0600,2608.5775
38.0700,2642.3075
38.0800,2578.5775
38.0900,2541.0750
38.1000,2281.3350
38.1100,2066.5475
38.1200,2056.7700
38.1300,1869.5275
38.1400,1666.6525
38.1500,1602.0050
38.1600,1525.9450
38.1700,1504.0275
38.1800,1426.1675
38.1900,1301.2400
38.2000,1184.2900
38.2100,1029.2000
38.2200,959.2075
38.2300,895.7900
38.2400,902.9375
38.2500,842.5425
38.2600,855.9850
38.2700,815.1325
38.2800,870.8025
38.2900,924.3825
38.3000,980.8675
38.3100,1062.9850
38.3200,1104.8725
38.3300,1138.4825
38.3400,1238.5575
38.3500,1262.3950
38.3600,1298.2575
38.3700,1328.5525
38.3800,1434.6225
38.3900,1481.1850
38.4000,1638.4625
38.4100,1766.8850
38.4200,1795.4625
38.4300,1979.9000
38.4400,1980.5300
38.4500,1967.3800
38.4600,2042.3275
38.4700,2109.6725
38.4800,1918.1550
38.4900,1761.9600
38.5000,1737.6150
38.5100,1746.0900
38.5200,1712.1350
38.5300,1678.6300
38.5400,1545.0100
38.5500,1427.0300
38.5600,1457.5625
38.5700,1425.5925
38.5800,1295.1750
38.5900,1192.9575
38.6000,1130.4825
38.6100,1064.2825
38.6200,994.5425
38.6300,905.9025
38.6400,840.8625
38.6500,811.7850
38.6600,859.7300
38.6700,798.1100
38.6800,756.0900
38.6900,716.1150
38.7000,669.9425
38.7100,651.1825
38.7200,625.2400
38.7300,620.2400
38.7400,629.2725
38.7500,592.9400
38.7600,611.6025
38.7700,628.7525
38.7800,605.3475
38.7900,587.9350
38.8000,558.9700
38.8100,522.8400
38.8200,526.1450
38.8300,594.2225
38.8400,569.3150
38.8500,585.0650
38.8600,574.4100
38.8700,600.8900
38.8800,621.6925
38.8900,611.1025
38.9000,661.9400
38.9100,678.8800
38.9200,814.2425
38.9300,857.1550
38.9400,972.7250
38.9500,980.2900
38.9600,1059.0975
38.9700,1191.3100
38.9800,1327.8875
38.9900,1409.8200
39.0000,1528.9075
39.0100,1682.4725
39.0200,1811.7750
39.0300,1826.3600
39.0400,1899.2625
39.0500,2115.2300
39.0600,2142.7075
39.0700,2236.9000
39.0800,2352.2300
39.0900,2381.4175
39.1000,2344.1800
39.1100,2306.8950
39.1200,2276.2675
39.1300,2192.1900
39.1400,1970.1125
39.1500,1862.6400
39.1600,1712.3900
39.1700,1594.7825
39.1800,1493.5000
39.1900,1405.5325
39.2000,1327.8925
39.2100,1236.3375
39.2200,1149.0350
39.2300,1101.2125
39.2400,1013.1850
39.2500,985.4575
39.2600,953.5600
39.2700,929.1750
39.2800,867.2075
39.2900,904.5625
39.3000,865.4700
39.3100,865.9325
39.3200,934.8450
39.3300,999.6150
39.3400,1012.5875
39.3500,1093.1950
39.3600,1177.2275
39.3700,1136.4550
39.3800,1233.3000
39.3900,1296.8050
39.4000,1285.6500
39.4100,1312.7825
39.4200,1354.9250
39.4300,1409.9925
39.4400,1448.9925
39.4500,1465.0800
39.4600,1384.5050
39.4700,1382.1300
39.4800,1292.5000
39.4900,1218.5125
39.5000,1054.9300
39.5100,1018.7150
39.5200,1075.0975
39.5300,1057.0575
39.5400,1015.4075
39.5500,1036.2375
39.5600,993.3900
39.5700,1044.8850
39.5800,1079.5125
39.5900,1109.4925
39.6000,1212.0900
39.6100,1252.7900
39.6200,1271.1675
39.6300,1322.6025
39.6400,1471.9100
39.6500,1530.9550
39.6600,1527.9900
39.6700,1581.5725
39.6800,1685.2925
39.6900,1737.5125
39.7000,1812.5350
39.7100,1918.4175
39.7200,1988.0375
39.7300,2065.7175
39.7400,2099.6675
39.7500,2051.6200
39.7600,2017.4950
39.7700,1927.2725
39.7800,1873.2000
39.7900,1872.3950
39.8000,1741.6625
39.8100,1617.0300
39.8200,1477.0975
39.8300,1368.1275
39.8400,1281.9825
39.8500,1195.8500
39.8600,1217.5325
39.8700,1180.6175
39.8800,1073.7350
39.8900,957.1425
39.9000,900.2200
39.9100,808.1525
39.9200,713.8900
39.9300,640.4600
39.9400,601.6675
39.9500,582.5125
39.9600,531.9075
39.9700,509.2000
39.9800,506.6675
39.9900,523.6025
40.0000,453.3300
40.0100,428.7250
40.0200,474.5475
40.0300,488.9625
40.0400,436.5650
40.0500,437.9075
40.0600,465.2725
40.0700,425.1025
40.0800,397.0375
40.0900,412.9475
40.1000,441.8650
40.1100,413.0925
40.1200,423.4425
40.1300,449.0175
40.1400,458.9175
40.1500,471.1575
40.1600,451.0325
40.1700,460.5950
40.1800,463.3325
40.1900,424.3950
40.2000,402.7700
40.2100,400.0000
40.2200,436.0775
40.2300,437.7875
40.2400,439.4375
40.2500,420.6175
40.2600,397.2975
40.2700,401.6275
40.2800,383.9925
40.2900,388.2825
40.3000,420.3475
40.3100,429.4225
40.3200,402.4525
40.3300,421.4400
40.3400,456.9225
40.3500,413.8600
40.3600,403.3325
40.3700,425.2900
40.3800,451.9400
40.3900,442.9650
40.4000,426.3075
40.4100,475.3225
40.4200,500.3375
40.4300,486.9400
40.4400,518.8275
40.4500,545.7650
40.4600,525.4650
40.4700,495.4825
40.4800,498.1675
40.4900,516.3200
40.5000,533.5900
40.5100,539.3825
40.5200,548.1425
40.5300,506.6075
40.5400,561.7050
40.5500,555.0025
40.5600,587.8825
40.5700,566.9225
40.5800,619.4425
40.5900,560.4375
40.6000,537.9375
40.6100,547.4500
40.6200,614.6525
40.6300,640.7675
40.6400,613.7450
40.6500,644.2950
40.6600,615.7325
40.6700,679.1300
40.6800,734.2125
40.6900,770.1325
40.7000,838.2550
40.7100,946.9850
40.7200,961.9775
40.7300,1029.4675
40.7400,1108.0725
40.7500,1307.4100
40.7600,1435.9725
40.7700,1520.5975
40.7800,1627.1675
40.7900,1761.7125
40.8000,1930.8650
40.8100,2112.7375
40.8200,2224.3075
40.8300,2381.2300
40.8400,2570.3600
40.8500,2726.5075
40.8600,2854.5650
40.8700,2914.3700
40.8800,3047.5050
40.8900,3288.5550
40.9000,3343.3325
40.9100,3203.6275
40.9200,3077.1100
40.9300,2882.2525
40.9400,2576.2925
40.9500,2372.6350
40.9600,2163.3450
40.9700,2064.1850
40.9800,2084.0875
40.9900,2190.2800
41.0000,2109.3200
41.0100,1941.3400
41.0200,1738.6325
41.0300,1544.4325
41.0400,1482.4500
41.0500,1320.1625
41.0600,1141.1325
41.0700,947.0650
41.0800,843.4750
41.0900,821.4650
41.1000,744.6400
41.1100,694.7700
41.1200,658.1250
41.1300,618.8875
41.1400,542.6400
41.1500,531.1000
41.1600,572.1350
41.1700,554.9000
41.1800,533.7525
41.1900,522.2575
41.2000,512.2625
41.2100,481.6525
41.2200,460.4575
41.2300,438.6550
41.2400,407.6200
41.2500,448.8175
41.2600,463.3325
41.2700,458.2025
41.2800,423.3400
41.2900,426.1425
41.3000,440.2375
41.3100,402.4100
41.3200,407.8900
41.3300,428.6575
41.3400,415.4700
41.3500,399.8000
41.3600,396.6675
41.3700,422.1275
41.3800,432.5450
41.3900,463.8400
41.4000,465.7125
41.4100,415.1025
41.4200,415.2200
41.4300,420.0000
41.4400,452.9250
41.4500,463.3325
41.4600,450.6900
41.4700,439.0850
41.4800,482.1175
41.4900,516.8525
41.5000,530.8975
41.5100,498.0625
41.5200,486.6675
41.5300,526.9150
41.5400,590.2725
41.5500,546.3875
41.5600,516.6275
41.5700,485.7475
41.5800,491.7025
41.5900,526.7150
41.6000,554.1825
41.6100,567.5000
41.6200,517.5350
41.6300,487.5175
41.6400,488.3225
41.6500,485.0150
41.6600,520.6950
41.6700,518.4000
41.6800,523.2825
41.6900,521.6975
41.7000,534.9000
41.7100,562.3325
41.7200,570.0000
41.7300,594.7750
41.7400,543.9175
41.7500,486.2275
41.7600,502.9975
41.7700,486.1625
41.7800,449.5175
41.7900,447.4000
41.8000,486.9650
41.8100,495.0750
41.8200,495.7950
41.8300,496.6675
41.8400,513.8650
41.8500,465.9900
41.8600,444.2125
41.8700,438.4300
41.8800,456.2625
41.8900,411.9350
41.9000,442.2475
41.9100,457.5550
41.9200,442.0150
41.9300,451.3075
41.9400,466.4200
41.9500,487.0550
41.9600,527.4175
41.9700,549.7300
41.9800,553.3325
41.9900,580.0525
42.0000,556.0200
42.0100,531.2075
42.0200,543.6300
42.0300,608.1175
42.0400,646.9375
42.0500,646.0800
42.0600,643.3325
42.0700,655.4050
42.0800,708.2475
42.0900,721.8450
42.1000,732.0425
42.1100,731.8525
42.1200,686.7100
42.1300,662.7900
42.1400,640.7900
42.1500,630.9350
42.1600,601.2275
42.1700,630.7300
42.1800,593.9975
42.1900,535.0575
42.2000,522.3900
42.2100,523.3325
42.2200,520.9475
42.2300,484.2275
42.2400,465.2350
42.2500,456.1900
42.2600,527.0950
42.2700,497.2250
42.2800,492.3400
42.2900,483.3825
42.3000,457.6900
42.3100,423.9250
42.3200,465.4425
42.3300,479.5675
42.3400,486.1275
42.3500,492.3625
42.3600,486.2500
42.3700,514.0075
42.3800,569.1050
42.3900,600.8025
42.4000,604.3125
42.4100,593.9250
42.4200,622.9075
42.4300,714.1750
42.4400,756.0550
42.4500,792.8325
42.4600,830.1000
42.4700,811.9025
42.4800,870.1925
42.4900,885.9725
42.5000,915.0425
42.5100,934.6675
42.5200,936.6675
42.5300,943.6600
42.5400,939.6800
42.5500,880.8125
42.5600,868.2950
42.5700,931.4250
42.5800,947.3800
42.5900,892.2900
42.6000,886.2275
42.6100,976.7300
42.6200,1004.0750
42.6300,993.0600
42.6400,980.7550
42.6500,976.6675
42.6600,1055.1300
42.6700,1126.8950
42.6800,1074.2075
42.6900,1050.2400
42.7000,1028.0250
42.7100,1002.8725
42.7200,964.5075
42.7300,931.6375
42.7400,911.8650
42.7500,890.6225
42.7600,890.2025
42.7700,863.5850
42.7800,801.9825
42.7900,734.3025
42.8000,706.4850
42.8100,689.6450
42.8200,674.2150
42.8300,676.8325
42.8400,673.1725
42.8500,656.3550
42.8600,656.8175
42.8700,605.5000
42.8800,541.4250
42.8900,511.9975
42.9000,506.6675
42.9100,465.9150
42.9200,448.9300
42.9300,456.7825
42.9400,432.8950
42.9500,435.8000
42.9600,443.3325
42.9700,405.0225
42.9800,382.1625
42.9900,431.7525
43.0000,447.6725
43.0100,465.8000
43.0200,463.1975
43.0300,443.2075
43.0400,472.5300
43.0500,467.6025
43.0600,472.3325
43.0700,484.4725
43.0800,473.2600
43.0900,448.8025
43.1000,495.7800
43.1100,516.6450
43.1200,506.6500
43.1300,434.3250
43.1400,440.0375
43.1500,513.3425
43.1600,522.2325
43.1700,480.0450
43.1800,483.2900
43.1900,488.9025
43.2000,475.5950
43.2100,445.6625
43.2200,428.9125
43.2300,442.1300
43.2400,478.6950
43.2500,464.6600
43.2600,425.7550
43.2700,426.5475
43.2800,468.5425
43.2900,499.8600
43.3000,491.2850
43.3100,494.3100
43.3200,456.1225
43.3300,435.5250
43.3400,452.0000
43.3500,492.8325
43.3600,512.1875
43.3700,502.4050
43.3800,529.4250
43.3900,535.7550
43.4000,593.2325
43.4100,631.0250
43.4200,602.8525
43.4300,593.1925
43.4400,616.2300
43.4500,639.7000
43.4600,655.3475
43.4700,686.0250
43.4800,691.3325
43.4900,658.5150
43.5000,660.6450
43.5100,674.3250
43.5200,674.5050
43.5300,697.0800
43.5400,653.9125
43.5500,608.2450
43.5600,567.6925
43.5700,560.7625
43.5800,583.8725
43.5900,606.2275
43.6000,617.6275
43.6100,624.2925
43.6200,633.1000
43.6300,662.3750
43.6400,663.8225
43.6500,675.9200
43.6600,690.9425
43.6700,736.0500
43.6800,796.2825
43.6900,827.3300
43.7000,829.0725
43.7100,830.9250
43.7200,856.7375
43.7300,918.9000
43.7400,923.2975
43.7500,907.8775
43.7600,904.5450
43.7700,926.6500
43.7800,967.5325
43.7900,957.9375
43.8000,949.6775
43.8100,953.3325
43.8200,944.8875
43.8300,916.7900
43.8400,886.4675
43.8500,889.3075
43.8600,884.0350
43.8700,849.3225
43.8800,833.3325
43.8900,818.6325
43.9000,826.7900
43.9100,788.4350
43.9200,730.6625
43.9300,715.4275
43.9400,702.0200
43.9500,741.4175
43.9600,788.8025
43.9700,772.8625
43.9800,752.4950
43.9900,741.6625
44.0000,734.5850
44.0100,689.6300
44.0200,696.6050
44.0300,747.8350
44.0400,750.0550
44.0500,766.9725
44.0600,801.9925
44.0700,846.4800
44.0800,879.0875
44.0900,892.8725
44.1000,923.5375
44.1100,962.7175
44.1200,962.2200
44.1300,973.9550
44.1400,1005.2125
44.1500,1014.6075
44.1600,1003.0450
44.1700,1011.0575
44.1800,1130.9350
44.1900,1150.7325
44.2000,1115.8975
44.2100,1107.1850
44.2200,1091.0450
44.2300,1036.2625
44.2400,955.5400
44.2500,890.6375
44.2600,861.8325
44.2700,854.6275
44.2800,855.3725
44.2900,846.4800
44.3000,815.5725
44.3100,775.5900
44.3200,792.5225
44.3300,837.7075
44.3400,831.0075
44.3500,822.7500
44.3600,820.5875
44.3700,753.8925
44.3800,697.1450
44.3900,716.9950
44.4000,710.4025
44.4100,705.4450
44.4200,703.2475
44.4300,765.2025
44.4400,743.5300
44.4500,663.7700
44.4600,668.1575
44.4700,662.5500
44.4800,620.5600
44.4900,645.4725
44.5000,675.3375
44.5100,684.6800
44.5200,669.9800
44.5300,676.6725
44.5400,682.0050
44.5500,678.6650
44.5600,664.0325
44.5700,645.3550
44.5800,641.9925
44.5900,653.2900
44.6000,675.9200
44.6100,694.6200
44.6200,723.8450
44.6300,704.2600
44.6400,638.3350
44.6500,594.1400
44.6600,571.4475
44.6700,537.6000
44.6800,520.0000
44.6900,482.4450
44.7000,484.3175
44.7100,532.9375
44.7200,533.6125
44.7300,533.7950
44.7400,500.0125
44.7500,456.2275
44.7600,458.4650
44.7700,482.3850
44.7800,475.6650
44.7900,435.8675
44.8000,457.8325
44.8100,472.9550
44.8200,430.0575
44.8300,396.8875
44.8400,427.1350
44.8500,482.6275
44.8600,493.5750
44.8700,500.3175
44.8800,515.8450
44.8900,520.0000
44.9000,504.4350
44.9100,487.5000
44.9200,516.3600
44.9300,553.5900
44.9400,594.3700
44.9500,630.2350
44.9600,634.1900
44.9700,622.2575
44.9800,605.0625
44.9900,596.6675
45.0000,614.0475
45.0100,640.1750
45.0200,617.2200
45.0300,606.8200
45.0400,610.8900
45.0500,595.1225
45.0600,582.8225
45.0700,558.8675
45.0800,520.2975
45.0900,534.0250
45.1000,552.8325
45.1100,523.1850
45.1200,482.2800
45.1300,437.9800
45.1400,437.6875
45.1500,459.0625
45.1600,453.7925
45.1700,482.8975
45.1800,487.1350
45.1900,435.7275
45.2000,417.6100
45.2100,436.6425
45.2200,414.3700
45.2300,408.9825
45.2400,430.9200
45.2500,393.0700
45.2600,373.2600
45.2700,377.6550
45.2800,399.8125
45.2900,444.5700
45.3000,429.3400
45.3100,395.7850
45.3200,393.7725
45.3300,398.5500
45.3400,398.1175
45.3500,409.8375
45.3600,421.8800
45.3700,412.0600
45.3800,431.4950
45.3900,445.8300
45.4000,419.3800
45.4100,435.1800
45.4200,484.3350
45.4300,520.1675
45.4400,561.3700
45.4500,560.9200
45.4600,535.8675
45.4700,541.1900
45.4800,533.2275
45.4900,540.4850
45.5000,558.5275
45.5100,483.7575
45.5200,486.5125
45.5300,545.9500
45.5400,568.1775
45.5500,583.7075
45.5600,575.5500
45.5700,574.0725
45.5800,557.8000
45.5900,512.2700
45.6000,495.5425
45.6100,533.2275
45.6200,558.1550
45.6300,565.8825
45.6400,556.7550
45.6500,580.1450
45.6600,582.4100
45.6700,565.5125
45.6800,586.5300
45.6900,644.0450
45.7000,683.6675
45.7100,730.6475
45.7200,814.2775
45.7300,846.0125
45.7400,882.0575
45.7500,960.5200
45.7600,1045.9675
45.7700,1150.5275
45.7800,1248.9150
45.7900,1323.1050
45.8000,1386.1050
45.8100,1515.2150
45.8200,1678.1725
45.8300,1728.8000
45.8400,1723.9275
45.8500,1757.2100
45.8600,1801.7525
45.8700,1803.6975
45.8800,1788.1900
45.8900,1788.4750
45.9000,1710.4700
45.9100,1643.3325
45.9200,1623.4800
45.9300,1541.7375
45.9400,1463.2375
45.9500,1427.1250
45.9600,1370.1400
45.9700,1347.7200
45.9800,1295.3025
45.9900,1182.5325
46.0000,1093.8525
46.0100,1025.9275
46.0200,966.2025
46.0300,893.4425
46.0400,867.6475
46.0500,867.4825
46.0600,811.9950
46.0700,760.8350
46.0800,737.5100
46.0900,682.0900
46.1000,600.5725
46.1100,568.6750
46.1200,562.6575
46.1300,537.3325
46.1400,539.3225
46.1500,512.5000
46.1600,462.4725
46.1700,444.6825
46.1800,457.7150
46.1900,457.4000
46.2000,450.4100
46.2100,461.9700
46.2200,456.0675
46.2300,469.6150
46.2400,475.8875
46.2500,454.5200
46.2600,430.8125
46.2700,404.3450
46.2800,400.3700
46.2900,399.6350
46.3000,405.6300
46.3100,397.3575
46.3200,390.5250
46.3300,385.9775
46.3400,352.3125
46.3500,350.8375
46.3600,377.1625
46.3700,404.1475
46.3800,416.5075
46.3900,441.2625
46.4000,461.4350
46.4100,430.5200
46.4200,406.6675
46.4300,406.6675
46.4400,403.1875
46.4500,434.7650
46.4600,477.0875
46.4700,486.6675
46.4800,490.1350
46.4900,508.9325
46.5000,538.9225
46.5100,536.0250
46.5200,521.7300
46.5300,573.4600
46.5400,626.9100
46.5500,636.7850
46.5600,667.6000
46.5700,695.0575
46.5800,736.2850
46.5900,764.7275
46.6000,770.4275
46.6100,790.2100
46.6200,808.6900
46.6300,826.8675
46.6400,838.4800
46.6500,843.3325
46.6600,803.9325
46.6700,723.8700
46.6800,666.2275
46.6900,643.1625
46.7000,662.2925
46.7100,667.8875
46.7200,634.6450
46.7300,611.4750
46.7400,591.4075
46.7500,564.6775
46.7600,570.4150
46.7700,586.6000
46.7800,559.5475
46.7900,548.5525
46.8000,546.4275
46.8100,512.9875
46.8200,491.6400
46.8300,473.0675
46.8400,454.9750
46.8500,429.6600
46.8600,413.4250
46.8700,447.0175
46.8800,448.0225
46.8900,416.5875
46.9000,408.3150
46.9100,415.0875
46.9200,446.8925
46.9300,422.9100
46.9400,390.1125
46.9500,406.6925
46.9600,418.3925
46.9700,401.5075
46.9800,364.9350
46.9900,381.8075
47.0000,411.6750
47.0100,396.6075
47.0200,390.0300
47.0300,386.6375
47.0400,393.3650
47.0500,404.9925
47.0600,391.6650
47.0700,406.6575
47.0800,420.0075
47.0900,383.3850
47.1000,369.9600
47.1100,416.5750
47.1200,420.1000
47.1300,398.3125
47.1400,431.5225
47.1500,471.6000
47.1600,463.4600
47.1700,441.6775
47.1800,436.6925
47.1900,423.4175
47.2000,395.1650
47.2100,389.8725
47.2200,413.2300
47.2300,406.8500
47.2400,404.8250
47.2500,429.8775
47.2600,431.7750
47.2700,424.9775
47.2800,429.9525
47.2900,438.2600
47.3000,449.8975
47.3100,450.1075
47.3200,428.5850
47.3300,406.7825
47.3400,403.2725
47.3500,421.3850
47.3600,446.4725
47.3700,451.7675
47.3800,440.1375
47.3900,421.9150
47.4000,383.9175
47.4100,403.9125
47.4200,453.3325
47.4300,445.1975
47.4400,404.1475
47.4500,379.7500
47.4600,386.7525
47.4700,381.7100
47.4800,388.1100
47.4900,390.1825
47.5000,381.7125
47.5100,396.1875
47.5200,437.5975
47.5300,429.3850
47.5400,390.1025
47.5500,383.4375
47.5600,407.4300
47.5700,415.7050
47.5800,407.8350
47.5900,437.8275
47.6000,442.0675
47.6100,433.2175
47.6200,438.2750
47.6300,451.2450
47.6400,464.9375
47.6500,482.7100
47.6600,535.2725
47.6700,563.7200
47.6800,580.5550
47.6900,627.6025
47.7000,635.4725
47.7100,634.5200
47.7200,669.0275
47.7300,691.7375
47.7400,718.7125
47.7500,783.4775
47.7600,783.3550
47.7700,789.5075
47.7800,884.5550
47.7900,920.6125
47.8000,882.8275
47.8100,848.7250
47.8200,847.9375
47.8300,836.0450
47.8400,824.4300
47.8500,811.3175
47.8600,750.0825
47.8700,708.5875
47.8800,712.8225
47.8900,707.5300
47.9000,650.5150
47.9100,620.8725
47.9200,665.0600
47.9300,669.8675
47.9400,608.4900
47.9500,579.6325
47.9600,572.5050
47.9700,536.2225
47.9800,513.3325
47.9900,492.9150
48.0000,471.5700
48.0100,468.6275
48.0200,480.5800
48.0300,465.5300
48.0400,418.8375
48.0500,389.6550
48.0600,396.3825
48.0700,422.1850
48.0800,396.1500
48.0900,396.9625
48.1000,418.4400
48.1100,396.3950
48.1200,374.8925
48.1300,364.2075
48.1400,376.4600
48.1500,423.7775
48.1600,432.4500
48.1700,413.7850
48.1800,403.5600
48.1900,379.8275
48.2000,381.4800
48.2100,411.5500
48.2200,411.7850
48.2300,399.1625
48.2400,397.4975
48.2500,413.0925
48.2600,421.3025
48.2700,448.2875
48.2800,470.2475
48.2900,460.4975
48.3000,467.2075
48.3100,500.2825
48.3200,506.1400
48.3300,502.3125
48.3400,535.1225
48.3500,538.2200
48.3600,527.4200
48.3700,543.0700
48.3800,535.9250
48.3900,520.2650
48.4000,533.5250
48.4100,538.0150
48.4200,518.4700
48.4300,535.0275
48.4400,550.5500
48.4500,581.5375
48.4600,646.5225
48.4700,682.2125
48.4800,664.6300
48.4900,611.4200
48.5000,616.1900
48.5100,647.9025
48.5200,660.9425
48.5300,679.1275
48.5400,688.4800
48.5500,671.4725
48.5600,662.4450
48.5700,664.2275
48.5800,651.8175
48.5900,650.0000
48.6000,610.6100
48.6100,572.4175
48.6200,586.3600
48.6300,573.3625
48.6400,545.7750
48.6500,520.0475
48.6600,490.9400
48.6700,478.4900
48.6800,476.6675
48.6900,482.6950
48.7000,485.4800
48.7100,483.0100
48.7200,465.6000
48.7300,429.4725
48.7400,406.1450
48.7500,372.3025
48.7600,366.1850
48.7700,380.9975
48.7800,358.0025
48.7900,361.3200
48.8000,360.8625
48.8100,333.3325
48.8200,349.7925
48.8300,378.9725
48.8400,409.4325
48.8500,398.9750
48.8600,358.1600
48.8700,377.9075
48.8800,394.0350
48.8900,398.5925
48.9000,402.9050
48.9100,384.0450
48.9200,396.0125
48.9300,412.5625
48.9400,403.3325
48.9500,409.2750
48.9600,434.4850
48.9700,452.2150
48.9800,443.7000
48.9900,432.5875
49.0000,441.1125
49.0100,466.2950
49.0200,449.2800
49.0300,463.2725
49.0400,498.5500
49.0500,471.1350
49.0600,479.1975
49.0700,494.4775
49.0800,501.0350
49.0900,518.9100
49.1000,510.3850
49.1100,536.1250
49.1200,568.9175
49.1300,554.5050
49.1400,538.9225
49.1500,543.6225
49.1600,572.8250
49.1700,581.5875
49.1800,578.4050
49.1900,610.9325
49.2000,620.1400
49.2100,612.1225
49.2200,649.6900
49.2300,714.0675
49.2400,716.7650
49.2500,655.3800
49.2600,617.6725
49.2700,587.4925
49.2800,596.0550
49.2900,631.2550
49.3000,647.0850
49.3100,636.0475
49.3200,625.2100
49.3300,595.6725
49.3400,587.6475
49.3500,592.7925
49.3600,544.6125
49.3700,546.4075
49.3800,585.1150
49.3900,607.5275
49.4000,579.6925
49.4100,537.3850
49.4200,521.0150
49.4300,517.9775
49.4400,511.0100
49.4500,528.2425
49.4600,517.3025
49.4700,483.3325
49.4800,507.8925
49.4900,545.7750
49.5000,531.6850
49.5100,488.9100
49.5200,452.7000
49.5300,425.6775
49.5400,440.1625
49.5500,459.4700
49.5600,445.6825
49.5700,451.5050
49.5800,455.1675
49.5900,428.5075
49.6000,424.8200
49.6100,429.9550
49.6200,405.1900
49.6300,394.3000
49.6400,394.2675
49.6500,390.9625
49.6600,415.2775
49.6700,440.0000
49.6800,432.8500
49.6900,420.4750
49.7000,438.0975
49.7100,476.6625
49.7200,472.8725
49.7300,451.4275
49.7400,457.6100
49.7500,449.0800
49.7600,447.0950
49.7700,472.8475
49.7800,478.0900
49.7900,455.8200
49.8000,409.1150
49.8100,390.0000
49.8200,388.5800
49.8300,413.6400
49.8400,431.5525
49.8500,412.3400
49.8600,411.4950
49.8700,382.9975
49.8800,391.1575
49.8900,426.2550
49.9000,408.1775
49.9100,400.9100
49.9200,423.6275
49.9300,422.6475
49.9400,391.4125
49.9500,391.9225
49.9600,392.8225
49.9700,396.6675
49.9800,396.6675
49.9900,396.6675
50.0000,396.6675
