#Intensity_unit=cps
#Attenuator_coefficient=1.0000
10.0000,826.6675
10.0100,881.3025
10.0200,917.0075
10.0300,862.3725
10.0400,832.4125
10.0500,893.6425
10.0600,921.2075
10.0700,862.7675
10.0800,820.3400
10.0900,868.1075
10.1000,861.2350
10.1100,850.9300
10.1200,822.7975
10.1300,841.1500
10.1400,849.3725
10.1500,856.0375
10.1600,859.6850
10.1700,878.1000
10.1800,828.7400
10.1900,802.2350
10.2000,787.9475
10.2100,822.8075
10.2200,862.7925
10.2300,857.6375
10.2400,838.6175
10.2500,863.7300
10.2600,884.7025
10.2700,877.6525
10.2800,798.5800
10.2900,808.0125
10.3000,816.0025
10.3100,819.6675
10.3200,840.9900
10.3300,864.3150
10.3400,863.6700
10.3500,809.4250
10.3600,803.3325
10.3700,845.2275
10.3800,850.0000
10.3900,838.0400
10.4000,854.6000
10.4100,877.5800
10.4200,862.0825
10.4300,770.4450
10.4400,760.0000
10.4500,795.7925
10.4600,797.0175
10.4700,787.7250
10.4800,804.5400
10.4900,839.4225
10.5000,831.4275
10.5100,818.1000
10.5200,864.2500
10.5300,849.1900
10.5400,855.5800
10.5500,889.3400
10.5600,825.0450
10.5700,766.2150
10.5800,798.5650
10.5900,853.7425
10.6000,806.6475
10.6100,797.0375
10.6200,814.4350
10.6300,748.5800
10.6400,757.7550
10.6500,792.5350
10.6600,846.9275
10.6700,874.0200
10.6800,873.7125
10.6900,811.3275
10.7000,838.7500
10.7100,796.1325
10.7200,831.2825
10.7300,801.2950
10.7400,787.8275
10.7500,777.8325
10.7600,835.5400
10.7700,816.8525
10.7800,804.5100
10.7900,782.7550
10.8000,806.4475
10.8100,815.8750
10.8200,760.8825
10.8300,735.7250
10.8400,806.6675
10.8500,804.9375
10.8600,838.5025
10.8700,796.4600
10.8800,816.3550
10.8900,834.6350
10.9000,792.7825
10.9100,795.4400
10.9200,784.9750
10.9300,757.0375
10.9400,797.1400
10.9500,788.7375
10.9600,777.9125
10.9700,832.0800
10.9800,796.2725
10.9900,731.7225
11.0000,761.1950
11.0100,804.5125
11.0200,798.3600
11.0300,770.4900
11.0400,772.4800
11.0500,764.6150
11.0600,766.2375
11.0700,746.3450
11.0800,743.3325
11.0900,769.4375
11.1000,813.9225
11.1100,753.3475
11.1200,792.5750
11.1300,814.4750
11.1400,807.9850
11.1500,797.9900
11.1600,782.2100
11.1700,794.4500
11.1800,802.4425
11.1900,837.9800
11.2000,794.2750
11.2100,778.0125
11.2200,770.9000
11.2300,741.1825
11.2400,713.6225
11.2500,787.7350
11.2600,782.7350
11.2700,805.8875
11.2800,784.1250
11.2900,751.2650
11.3000,769.6450
11.3100,799.1700
11.3200,754.5525
11.3300,732.3250
11.3400,804.5350
11.3500,810.9350
11.3600,778.4950
11.3700,793.3725
11.3800,825.2800
11.3900,824.2800
11.4000,780.4550
11.4100,804.7625
11.4200,767.1650
11.4300,748.5825
11.4400,743.8125
11.4500,743.3325
11.4600,751.8850
11.4700,727.6950
11.4800,697.7075
11.4900,696.1800
11.5000,733.6475
11.5100,819.6100
11.5200,782.1800
11.5300,750.6100
11.5400,766.5400
11.5500,784.1875
11.5600,883.0975
11.5700,769.6000
11.5800,772.1675
11.5900,734.1875
11.6000,763.4650
11.6100,812.4375
11.6200,822.8275
11.6300,752.6750
11.6400,737.1750
11.6500,779.0175
11.6600,761.2675
11.6700,776.4100
11.6800,768.7225
11.6900,789.2100
11.7000,813.0475
11.7100,785.7025
11.7200,774.3725
11.7300,773.3325
11.7400,736.7950
11.7500,808.6575
11.7600,778.4100
11.7700,778.4200
11.7800,771.5850
11.7900,753.1800
11.8000,831.2575
11.8100,841.0650
11.8200,800.8125
11.8300,756.9625
11.8400,775.1650
11.8500,771.6150
11.8600,789.5525
11.8700,804.5000
11.8800,801.0850
11.8900,802.7900
11.9000,767.0950
11.9100,754.4275
11.9200,756.1175
11.9300,731.6175
11.9400,721.1025
11.9500,720.0000
11.9600,778.3525
11.9700,770.5600
11.9800,816.6300
11.9900,815.5700
12.0000,788.3775
12.0100,786.1050
12.0200,786.6675
12.0300,772.8250
12.0400,750.6325
12.0500,735.6050
12.0600,722.2775
12.0700,747.6250
12.0800,756.0950
12.0900,684.9175
12.1000,692.0650
12.1100,738.0150
12.1200,757.6875
12.1300,820.5800
12.1400,772.7875
12.1500,795.7575
12.1600,773.0925
12.1700,747.4325
12.1800,768.0475
12.1900,787.0575
12.2000,751.5950
12.2100,759.7825
12.2200,768.8125
12.2300,726.1825
12.2400,724.8775
12.2500,792.3200
12.2600,806.6675
12.2700,765.6775
12.2800,781.2475
12.2900,767.5600
12.3000,785.1575
12.3100,795.4525
12.3200,834.8175
12.3300,846.0575
12.3400,767.7300
12.3500,758.1625
12.3600,702.9025
12.3700,755.2175
12.3800,797.1575
12.3900,792.4750
12.4000,752.0200
12.4100,811.1150
12.4200,780.6000
12.4300,832.2900
12.4400,868.3200
12.4500,894.9750
12.4600,978.4050
12.4700,1023.6875
12.4800,1078.6100
12.4900,1108.8925
12.5000,1159.1900
12.5100,1175.3925
12.5200,1246.7200
12.5300,1257.9475
12.5400,1326.6400
12.5500,1405.1975
12.5600,1366.2375
12.5700,1364.0800
12.5800,1404.2575
12.5900,1475.0525
12.6000,1487.3175
12.6100,1483.9875
12.6200,1429.7575
12.6300,1443.4400
12.6400,1423.2425
12.6500,1379.2300
12.6600,1439.4850
12.6700,1400.5775
12.6800,1359.9725
12.6900,1356.0000
12.7000,1319.3400
12.7100,1307.3350
12.7200,1285.3625
12.7300,1303.9550
12.7400,1416.3975
12.7500,1485.8675
12.7600,1419.6200
12.7700,1447.7950
12.7800,1521.0325
12.7900,1539.3175
12.8000,1513.4950
12.8100,1437.7950
12.8200,1480.8875
12.8300,1491.3750
12.8400,1455.6275
12.8500,1467.8075
12.8600,1441.6425
12.8700,1383.1875
12.8800,1359.4500
12.8900,1330.3050
12.9000,1207.4150
12.9100,1160.8700
12.9200,1159.2975
12.9300,1154.7400
12.9400,1166.4750
12.9500,1112.2175
12.9600,1104.5425
12.9700,1046.3325
12.9800,1022.1350
12.9900,1035.7200
13.0000,1058.3300
13.0100,1003.1475
13.0200,897.7500
13.0300,873.3325
13.0400,873.3325
13.0500,855.0600
13.0600,878.6950
13.0700,863.2025
13.0800,781.1075
13.0900,814.6800
13.1000,811.7850
13.1100,785.8625
13.1200,772.2025
13.1300,744.0275
13.1400,726.2850
13.1500,723.3325
13.1600,712.9625
13.1700,697.0450
13.1800,695.9225
13.1900,696.6675
13.2000,670.8075
13.2100,671.0850
13.2200,727.5675
13.2300,745.9150
13.2400,751.8250
13.2500,686.3150
13.2600,679.5475
13.2700,711.6500
13.2800,727.7175
13.2900,745.4250
13.3000,719.1675
13.3100,681.7550
13.3200,691.2950
13.3300,717.1825
13.3400,672.0800
13.3500,641.3000
13.3600,682.7350
13.3700,671.0900
13.3800,630.1050
13.3900,625.1100
13.4000,703.2475
13.4100,744.5250
13.4200,719.4075
13.4300,710.0000
13.4400,674.3550
13.4500,663.3325
13.4600,660.7900
13.4700,652.3775
13.4800,693.1675
13.4900,709.2050
13.5000,720.1450
13.5100,733.4700
13.5200,711.3400
13.5300,688.1475
13.5400,703.5675
13.5500,720.1100
13.5600,705.6525
13.5700,700.0000
13.5800,725.2250
13.5900,718.2100
13.6000,683.1050
13.6100,663.2650
13.6200,665.0325
13.6300,704.3750
13.6400,699.0800
13.6500,703.3750
13.6600,691.6125
13.6700,704.2175
13.6800,697.4725
13.6900,708.3550
13.7000,660.7900
13.7100,620.8300
13.7200,668.3025
13.7300,701.6475
13.7400,661.7550
13.7500,596.7975
13.7600,614.8850
13.7700,654.0575
13.7800,693.1925
13.7900,715.7650
13.8000,677.7575
13.8100,650.9175
13.8200,659.0725
13.8300,680.6900
13.8400,612.3275
13.8500,613.9050
13.8600,620.8600
13.8700,649.6725
13.8800,647.6450
13.8900,596.4175
13.9000,621.9475
13.9100,639.1325
13.9200,615.3600
13.9300,633.7525
13.9400,658.0975
13.9500,628.9100
13.9600,636.3225
13.9700,618.7800
13.9800,624.7225
13.9900,620.1925
14.0000,616.6675
14.0100,611.7700
14.0200,612.4475
14.0300,650.0050
14.0400,677.9925
14.0500,661.3625
14.0600,648.4550
14.0700,629.6025
14.0800,633.0775
14.0900,639.1000
14.1000,649.7300
14.1100,694.6575
14.1200,632.2725
14.1300,586.3425
14.1400,594.5525
14.1500,609.6950
14.1600,620.6000
14.1700,662.0550
14.1800,623.4625
14.1900,591.2500
14.2000,622.8900
14.2100,653.5575
14.2200,640.7100
14.2300,657.4275
14.2400,649.8125
14.2500,607.2450
14.2600,634.2050
14.2700,698.0475
14.2800,663.8525
14.2900,693.7075
14.3000,706.1425
14.3100,657.8225
14.3200,666.3275
14.3300,662.3175
14.3400,659.0575
14.3500,705.3725
14.3600,744.8100
14.3700,688.9525
14.3800,634.7400
14.3900,656.6650
14.4000,693.7900
14.4100,722.3525
14.4200,720.4975
14.4300,721.4150
14.4400,659.2925
14.4500,664.1450
14.4600,671.9300
14.4700,660.5350
14.4800,694.5000
14.4900,707.6375
14.5000,668.8900
14.5100,672.2075
14.5200,717.7175
14.5300,693.2875
14.5400,608.4075
14.5500,582.3525
14.5600,618.5850
14.5700,609.8500
14.5800,597.6525
14.5900,638.8700
14.6000,642.6100
14.6100,629.6425
14.6200,645.3800
14.6300,639.3100
14.6400,609.9775
14.6500,607.0000
14.6600,640.3150
14.6700,616.0525
14.6800,630.2650
14.6900,652.6375
14.7000,624.1225
14.7100,612.3225
14.7200,680.6375
14.7300,712.3200
14.7400,653.0875
14.7500,591.9375
14.7600,627.5625
14.7700,682.3625
14.7800,662.0200
14.7900,630.5125
14.8000,614.1100
14.8100,649.1725
14.8200,678.1775
14.8300,653.4275
14.8400,646.8950
14.8500,659.1875
14.8600,679.3975
14.8700,670.6150
14.8800,622.0925
14.8900,733.8250
14.9000,743.0075
14.9100,717.7150
14.9200,755.4900
14.9300,771.0525
14.9400,717.5600
14.9500,695.6125
14.9600,692.1150
14.9700,721.8425
14.9800,745.7575
14.9900,761.3525
15.0000,812.0425
15.0100,801.5975
15.0200,730.0400
15.0300,730.4925
15.0400,779.5150
15.0500,785.3700
15.0600,775.4850
15.0700,780.1000
15.0800,763.0500
15.0900,751.0825
15.1000,736.5000
15.1100,761.4725
15.1200,821.5900
15.1300,814.1575
15.1400,791.0300
15.1500,847.1600
15.1600,818.4625
15.1700,751.9750
15.1800,789.2050
15.1900,827.8325
15.2000,819.9475
15.2100,804.4175
15.2200,857.9075
15.2300,888.8925
15.2400,845.5300
15.2500,812.2250
15.2600,800.0075
15.2700,792.2300
15.2800,743.4675
15.2900,726.6425
15.3000,721.1525
15.3100,714.4575
15.3200,702.2925
15.3300,703.2850
15.3400,715.4850
15.3500,682.5575
15.3600,667.7350
15.3700,621.6300
15.3800,609.8475
15.3900,634.2250
15.4000,641.1400
15.4100,633.4275
15.4200,605.9200
15.4300,654.5700
15.4400,651.7050
15.4500,594.0350
15.4600,603.8725
15.4700,613.4625
15.4800,614.3550
15.4900,614.4900
15.5000,587.2500
15.5100,562.4750
15.5200,654.3025
15.5300,708.8350
15.5400,660.1875
15.5500,637.6600
15.5600,614.0575
15.5700,612.9600
15.5800,643.7375
15.5900,669.6025
15.6000,646.5075
15.6100,604.1725
15.6200,583.5500
15.6300,614.3725
15.6400,652.6500
15.6500,644.0325
15.6600,611.9100
15.6700,600.0000
15.6800,623.5250
15.6900,634.5300
15.7000,624.7950
15.7100,585.8775
15.7200,562.4050
15.7300,574.9025
15.7400,593.9675
15.7500,580.8775
15.7600,591.2275
15.7700,594.8500
15.7800,604.8325
15.7900,626.0350
15.8000,637.5625
15.8100,682.2600
15.8200,685.5550
15.8300,624.8250
15.8400,596.6675
15.8500,571.4050
15.8600,584.0075
15.8700,633.6200
15.8800,611.3500
15.8900,595.0550
15.9000,604.1900
15.9100,581.5475
15.9200,564.5750
15.9300,565.4225
15.9400,583.3650
15.9500,628.7850
15.9600,625.0000
15.9700,645.3825
15.9800,618.8400
15.9900,575.4575
16.0000,614.4000
16.0100,645.4075
16.0200,669.4525
16.0300,623.3200
16.0400,570.1275
16.0500,586.8500
16.0600,640.4750
16.0700,659.2100
16.0800,625.7750
16.0900,619.0125
16.1000,591.7250
16.1100,584.3750
16.1200,640.5150
16.1300,653.6050
16.1400,622.8600
16.1500,583.4100
16.1600,562.5800
16.1700,564.0825
16.1800,576.8625
16.1900,579.2575
16.2000,572.5950
16.2100,553.7325
16.2200,559.5850
16.2300,586.2350
16.2400,606.8025
16.2500,633.5850
16.2600,612.2725
16.2700,569.7875
16.2800,580.8975
16.2900,641.0450
16.3000,613.5750
16.3100,570.6275
16.3200,578.7325
16.3300,588.6750
16.3400,600.0350
16.3500,606.6675
16.3600,644.7225
16.3700,621.9775
16.3800,560.0150
16.3900,543.9950
16.4000,538.6875
16.4100,547.2825
16.4200,592.5000
16.4300,610.7000
16.4400,610.6400
16.4500,561.7325
16.4600,584.1625
16.4700,603.5275
16.4800,599.8925
16.4900,618.5250
16.5000,624.6925
16.5100,613.4725
16.5200,600.7550
16.5300,600.6025
16.5400,593.5025
16.5500,574.8825
16.5600,580.4025
16.5700,546.8775
16.5800,524.5000
16.5900,545.6475
16.6000,587.9300
16.6100,569.0100
16.6200,536.1000
16.6300,558.6550
16.6400,582.5050
16.6500,567.2300
16.6600,584.3975
16.6700,618.3050
16.6800,620.8550
16.6900,597.3125
16.7000,581.4000
16.7100,585.7950
16.7200,586.1425
16.7300,575.6250
16.7400,585.4000
16.7500,571.6675
16.7600,532.2025
16.7700,533.9350
16.7800,554.3325
16.7900,573.4025
16.8000,566.1200
16.8100,557.1550
16.8200,567.6350
16.8300,535.2050
16.8400,540.9425
16.8500,581.8850
16.8600,581.9325
16.8700,596.1100
16.8800,579.2075
16.8900,538.1825
16.9000,536.1250
16.9100,550.8925
16.9200,583.0925
16.9300,590.1350
16.9400,561.1650
16.9500,559.8350
16.9600,583.1550
16.9700,600.8425
16.9800,580.4175
16.9900,560.0000
17.0000,565.6125
17.0100,584.9500
17.0200,628.4000
17.0300,614.1775
17.0400,603.8200
17.0500,597.6750
17.0600,574.4250
17.0700,536.5900
17.0800,526.6850
17.0900,552.9625
17.1000,552.2350
17.1100,550.7250
17.1200,569.5850
17.1300,563.4100
17.1400,573.9375
17.1500,604.3700
17.1600,594.9625
17.1700,556.1450
17.1800,516.5050
17.1900,571.4000
17.2000,593.4275
17.2100,545.0675
17.2200,557.3675
17.2300,574.5325
17.2400,559.0800
17.2500,548.1825
17.2600,541.2200
17.2700,574.7575
17.2800,624.7825
17.2900,594.7625
17.3000,545.8225
17.3100,589.0200
17.3200,609.8925
17.3300,588.2000
17.3400,579.4700
17.3500,539.1950
17.3600,526.1525
17.3700,561.5100
17.3800,583.5800
17.3900,561.6325
17.4000,534.6425
17.4100,537.1350
17.4200,587.8775
17.4300,594.6325
17.4400,570.2225
17.4500,578.6600
17.4600,578.0125
17.4700,591.0450
17.4800,594.2850
17.4900,595.7000
17.5000,604.9025
17.5100,566.3200
17.5200,519.2500
17.5300,515.4575
17.5400,523.3325
17.5500,539.1175
17.5600,537.5675
17.5700,558.3250
17.5800,603.9800
17.5900,593.9775
17.6000,582.0500
17.6100,598.7050
17.6200,599.7125
17.6300,579.4400
17.6400,578.8075
17.6500,570.9450
17.6600,570.6350
17.6700,600.4900
17.6800,589.1725
17.6900,571.8375
17.7000,557.7300
17.7100,545.1575
17.7200,563.7375
17.7300,557.8025
17.7400,557.1275
17.7500,566.4900
17.7600,560.0000
17.7700,577.0625
17.7800,608.6700
17.7900,611.4200
17.8000,576.2025
17.8100,522.7775
17.8200,506.8975
17.8300,542.0125
17.8400,561.6425
17.8500,512.7125
17.8600,481.8475
17.8700,538.7775
17.8800,585.0475
17.8900,576.5600
17.9000,561.6550
17.9100,566.7025
17.9200,581.7000
17.9300,574.9575
17.9400,529.9550
17.9500,528.3375
17.9600,564.9900
17.9700,579.9825
17.9800,598.2900
17.9900,578.4950
18.0000,520.1700
18.0100,509.8700
18.0200,543.1825
18.0300,564.9475
18.0400,563.4100
18.0500,540.2175
18.0600,538.1175
18.0700,569.7400
18.0800,593.2200
18.0900,600.0000
18.1000,582.0275
18.1100,566.5975
18.1200,596.0725
18.1300,597.2950
18.1400,547.2475
18.1500,557.4150
18.1600,567.4025
18.1700,554.5675
18.1800,597.4775
18.1900,613.7550
18.2000,593.5525
18.2100,575.4000
18.2200,534.4000
18.2300,514.5700
18.2400,544.3000
18.2500,544.1250
18.2600,547.3125
18.2700,578.1225
18.2800,583.3325
18.2900,569.0075
18.3000,558.1025
18.3100,552.2225
18.3200,546.3400
18.3300,562.8300
18.3400,579.6575
18.3500,627.7075
18.3600,651.2650
18.3700,599.9075
18.3800,588.8625
18.3900,635.1125
18.4000,682.1425
18.4100,712.7250
18.4200,751.4650
18.4300,825.4725
18.4400,879.5675
18.4500,936.4650
18.4600,1060.1525
18.4700,1183.2175
18.4800,1280.0525
18.4900,1354.7550
18.5000,1426.5925
18.5100,1519.8625
18.5200,1577.7025
18.5300,1580.5125
18.5400,1524.1800
18.5500,1500.4100
18.5600,1535.4050
18.5700,1497.8850
18.5800,1434.0400
18.5900,1410.9575
18.6000,1371.2800
18.6100,1279.8875
18.6200,1212.6750
18.6300,1176.9675
18.6400,1170.3075
18.6500,1124.3525
18.6600,1085.4050
18.6700,1086.4400
18.6800,1029.3800
18.6900,948.4525
18.7000,923.5000
18.7100,935.5075
18.7200,871.6775
18.7300,795.5200
18.7400,767.6375
18.7500,717.6700
18.7600,694.4600
18.7700,692.5800
18.7800,669.9975
18.7900,654.8125
18.8000,625.6425
18.8100,591.0925
18.8200,578.9925
18.8300,550.7850
18.8400,547.7375
18.8500,553.3325
18.8600,567.9700
18.8700,595.4350
18.8800,609.5850
18.8900,591.4800
18.9000,554.6050
18.9100,552.0475
18.9200,564.7825
18.9300,571.0100
18.9400,552.0950
18.9500,548.8625
18.9600,578.0225
18.9700,583.9300
18.9800,589.4300
18.9900,572.4025
19.0000,574.2725
19.0100,582.3900
19.0200,600.4800
19.0300,566.7425
19.0400,538.0475
19.0500,563.2750
19.0600,559.6500
19.0700,533.8350
19.0800,548.3750
19.0900,569.1000
19.1000,545.0175
19.1100,536.8800
19.1200,551.5750
19.1300,514.7650
19.1400,488.3975
19.1500,508.3850
19.1600,553.4825
19.1700,605.5700
19.1800,582.7425
19.1900,523.3425
19.2000,506.9300
19.2100,516.6675
19.2200,509.7600
19.2300,534.4750
19.2400,568.1900
19.2500,545.2925
19.2600,532.3575
19.2700,497.4900
19.2800,482.3075
19.2900,504.0950
19.3000,520.9025
19.3100,524.4225
19.3200,510.7400
19.3300,542.4275
19.3400,561.0500
19.3500,531.9825
19.3600,534.0475
19.3700,530.5750
19.3800,511.2900
19.3900,497.9650
19.4000,485.9800
19.4100,493.3725
19.4200,525.3475
19.4300,542.0000
19.4400,550.6425
19.4500,562.6825
19.4600,550.0375
19.4700,534.7075
19.4800,542.5200
19.4900,574.5800
19.5000,587.9825
19.5100,570.2875
19.5200,549.1825
19.5300,571.1900
19.5400,585.9475
19.5500,582.1725
19.5600,568.6975
19.5700,547.1650
19.5800,510.1775
19.5900,527.2050
19.6000,549.3100
19.6100,525.7025
19.6200,547.7300
19.6300,563.8575
19.6400,566.1475
19.6500,551.0300
19.6600,536.6675
19.6700,531.5600
19.6800,514.4125
19.6900,500.0000
19.7000,482.2250
19.7100,467.2750
19.7200,503.9150
19.7300,515.3025
19.7400,511.7900
19.7500,525.3450
19.7600,490.3425
19.7700,488.4000
19.7800,532.5025
19.7900,536.6675
19.8000,525.4500
19.8100,534.0325
19.8200,555.1700
19.8300,517.0500
19.8400,539.4125
19.8500,556.7900
19.8600,525.2150
19.8700,517.2175
19.8800,550.3500
19.8900,572.5925
19.9000,603.6675
19.9100,620.9825
19.9200,663.1425
19.9300,726.4300
19.9400,777.5850
19.9500,809.9875
19.9600,870.7975
19.9700,957.1725
19.9800,990.9250
19.9900,998.6800
20.0000,1029.5925
20.0100,1047.8625
20.0200,1061.9425
20.0300,1086.9100
20.0400,1092.1425
20.0500,1099.4975
20.0600,1111.9275
20.0700,1097.4200
20.0800,1089.0275
20.0900,1083.9125
20.1000,1059.6150
20.1100,1054.8775
20.1200,1059.4650
20.1300,1016.6350
20.1400,991.9875
20.1500,1026.6675
20.1600,972.0950
20.1700,867.6825
20.1800,871.4275
20.1900,858.9725
20.2000,808.9700
20.2100,829.4225
20.2200,840.5050
20.2300,771.2900
20.2400,683.7325
20.2500,660.6850
20.2600,694.0000
20.2700,629.4300
20.2800,580.0650
20.2900,602.4875
20.3000,610.7775
20.3100,575.6700
20.3200,587.7175
20.3300,573.3050
20.3400,561.0750
20.3500,553.3475
20.3600,555.5475
20.3700,538.8900
20.3800,535.5275
20.3900,566.6375
20.4000,597.6600
20.4100,609.1025
20.4200,549.0100
20.4300,516.7975
20.4400,502.1375
20.4500,532.9875
20.4600,584.2275
20.4700,609.9275
20.4800,621.0050
20.4900,632.1650
20.5000,637.7475
20.5100,661.5475
20.5200,704.5175
20.5300,705.3625
20.5400,719.8775
20.5500,737.3450
20.5600,766.3925
20.5700,784.2525
20.5800,799.6975
20.5900,812.2750
20.6000,818.4450
20.6100,858.7875
20.6200,888.8000
20.6300,857.3400
20.6400,848.2275
20.6500,794.3775
20.6600,796.6675
20.6700,811.2100
20.6800,839.1875
20.6900,834.1350
20.7000,846.4275
20.7100,830.6900
20.7200,788.2150
20.7300,803.5925
20.7400,804.8425
20.7500,834.5475
20.7600,857.9650
20.7700,837.0975
20.7800,827.3300
20.7900,913.2275
20.8000,970.6975
20.8100,1018.1900
20.8200,1081.6025
20.8300,1005.3300
20.8400,992.2675
20.8500,1073.9350
20.8600,1097.7300
20.8700,1097.4650
20.8800,1130.8575
20.8900,1103.1900
20.9000,1118.8025
20.9100,1102.9425
20.9200,1091.4125
20.9300,1042.7625
20.9400,1034.3075
20.9500,1038.6075
20.9600,1039.4600
20.9700,1000.0500
20.9800,943.0500
20.9900,988.1400
21.0000,975.0700
21.0100,899.9450
21.0200,871.4375
21.0300,867.1575
21.0400,822.8700
21.0500,811.4400
21.0600,789.6725
21.0700,738.1900
21.0800,710.0925
21.0900,668.0375
21.1000,607.0700
21.1100,618.5300
21.1200,617.7575
21.1300,609.8225
21.1400,631.2900
21.1500,626.7350
21.1600,578.7350
21.1700,565.7500
21.1800,565.1625
21.1900,582.7725
21.2000,608.4775
21.2100,600.2775
21.2200,636.6675
21.2300,627.6400
21.2400,607.8350
21.2500,616.4100
21.2600,632.6275
21.2700,705.1200
21.2800,712.6700
21.2900,721.7750
21.3000,739.0625
21.3100,798.9375
21.3200,874.4025
21.3300,885.7875
21.3400,898.2175
21.3500,966.1925
21.3600,1046.0950
21.3700,1078.9600
21.3800,1156.2300
21.3900,1262.9475
21.4000,1296.5575
21.4100,1319.2825
21.4200,1433.8750
21.4300,1482.2400
21.4400,1464.4650
21.4500,1558.4225
21.4600,1739.6100
21.4700,1871.3725
21.4800,2016.7900
21.4900,2091.8875
21.5000,2221.7500
21.5100,2315.8400
21.5200,2399.9300
21.5300,2484.1425
21.5400,2541.2825
21.5500,2674.1950
21.5600,2682.2700
21.5700,2728.3625
21.5800,2722.5175
21.5900,2715.9300
21.6000,2698.4650
21.6100,2656.6400
21.6200,2568.4950
21.6300,2559.7650
21.6400,2560.7650
21.6500,2465.6425
21.6600,2351.0900
21.6700,2323.8050
21.6800,2262.4625
21.6900,2135.7150
21.7000,2049.0275
21.7100,2002.5625
21.7200,1796.9650
21.7300,1685.9750
21.7400,1626.0200
21.7500,1553.6775
21.7600,1424.2225
21.7700,1274.1025
21.7800,1223.3975
21.7900,1138.3250
21.8000,1048.4825
21.8100,939.6675
21.8200,901.6575
21.8300,930.0000
21.8400,912.7100
21.8500,863.0750
21.8600,908.6150
21.8700,952.9775
21.8800,996.7150
21.8900,1109.6375
21.9000,1109.1925
21.9100,1175.3625
21.9200,1284.8025
21.9300,1380.6200
21.9400,1341.5050
21.9500,1414.6350
21.9600,1452.7175
21.9700,1467.2450
21.9800,1395.2325
21.9900,1395.7150
22.0000,1414.5300
22.0100,1410.9225
22.0200,1428.0800
22.0300,1428.4025
22.0400,1395.9625
22.0500,1350.3275
22.0600,1377.3625
22.0700,1367.5025
22.0800,1315.1575
22.0900,1296.6675
22.1000,1306.2825
22.1100,1328.9625
22.1200,1250.8325
22.1300,1142.2750
22.1400,1040.3725
22.1500,976.1450
22.1600,1013.9025
22.1700,961.9950
22.1800,948.6650
22.1900,908.6950
22.2000,864.0925
22.2100,812.0150
22.2200,818.4875
22.2300,884.9850
22.2400,967.1700
22.2500,1007.0550
22.2600,1074.5750
22.2700,1200.5000
22.2800,1322.4575
22.2900,1453.7375
22.3000,1632.2825
22.3100,1756.4700
22.3200,1916.8075
22.3300,2070.6950
22.3400,2132.9575
22.3500,2252.6325
22.3600,2458.5875
22.3700,2404.7625
22.3800,2296.8250
22.3900,2175.0875
22.4000,2161.8925
22.4100,2190.8675
22.4200,2151.8200
22.4300,2143.0925
22.4400,2052.2350
22.4500,1982.4750
22.4600,1971.6825
22.4700,2011.1875
22.4800,2005.4325
22.4900,1935.0825
22.5000,1830.0700
22.5100,1720.9075
22.5200,1612.3800
22.5300,1436.1125
22.5400,1348.1100
22.5500,1240.4650
22.5600,1207.2525
22.5700,1109.3550
22.5800,1067.9275
22.5900,953.2400
22.6000,898.1250
22.6100,786.6500
22.6200,758.8825
22.6300,697.2475
22.6400,657.8550
22.6500,608.4000
22.6600,580.0600
22.6700,558.4450
22.6800,541.9825
22.6900,573.7525
22.7000,501.8475
22.7100,480.9300
22.7200,508.1075
22.7300,540.1950
22.7400,562.4825
22.7500,480.3925
22.7600,450.3075
22.7700,478.2850
22.7800,516.6350
22.7900,479.4875
22.8000,481.7675
22.8100,507.9700
22.8200,495.6575
22.8300,482.4625
22.8400,440.5000
22.8500,441.3425
22.8600,434.4525
22.8700,464.4300
22.8800,486.0825
22.8900,466.7450
22.9000,484.7275
22.9100,471.8875
22.9200,461.8950
22.9300,447.6100
22.9400,411.9100
22.9500,405.6925
22.9600,423.7550
22.9700,447.6000
22.9800,456.5825
22.9900,468.8175
23.0000,426.8875
23.0100,470.9125
23.0200,467.5850
23.0300,415.4175
23.0400,456.7350
23.0500,487.9475
23.0600,413.9950
23.0700,440.0000
23.0800,436.4900
23.0900,415.0775
23.1000,425.8000
23.1100,419.5700
23.1200,424.8075
23.1300,483.8325
23.1400,502.8025
23.1500,452.0700
23.1600,442.0775
23.1700,436.2425
23.1800,459.9725
23.1900,476.3525
23.2000,426.2575
23.2100,424.5500
23.2200,430.5125
23.2300,414.8050
23.2400,446.0225
23.2500,420.2225
23.2600,445.8825
23.2700,442.3400
23.2800,461.1625
23.2900,468.8450
23.3000,459.2350
23.3100,451.0550
23.3200,437.8600
23.3300,472.5850
23.3400,465.9225
23.3500,464.8050
23.3600,504.0675
23.3700,506.7200
23.3800,478.9150
23.3900,469.2825
23.4000,467.2575
23.4100,504.6025
23.4200,541.9275
23.4300,533.8375
23.4400,563.8950
23.4500,543.4375
23.4600,577.7700
23.4700,614.9725
23.4800,605.3775
23.4900,660.6700
23.5000,740.2350
23.5100,881.3925
23.5200,1054.8100
23.5300,1142.6050
23.5400,1274.1075
23.5500,1427.3400
23.5600,1635.3200
23.5700,1760.3250
23.5800,1888.8600
23.5900,2195.5425
23.6000,2444.2250
23.6100,2424.5375
23.6200,2475.4000
23.6300,2541.6000
23.6400,2670.6150
23.6500,2771.2325
23.6600,2680.2900
23.6700,2684.7675
23.6800,2700.2850
23.6900,2686.1375
23.7000,2498.3250
23.7100,2483.8750
23.7200,2520.9100
23.7300,2449.8775
23.7400,2358.8075
23.7500,2189.0700
23.7600,2140.5275
23.7700,2132.3000
23.7800,1945.7450
23.7900,1733.3375
23.8000,1682.9425
23.8100,1544.3750
23.8200,1390.6025
23.8300,1346.8400
23.8400,1218.4725
23.8500,1154.5025
23.8600,1114.5325
23.8700,952.6650
23.8800,894.1825
23.8900,815.7450
23.9000,797.8725
23.9100,717.7100
23.9200,640.4450
23.9300,647.9850
23.9400,667.3175
23.9500,671.3025
23.9600,589.7300
23.9700,538.1325
23.9800,563.9300
23.9900,621.0875
24.0000,586.8675
24.0100,586.2200
24.0200,530.2025
24.0300,584.1475
24.0400,542.5675
24.0500,531.3200
24.0600,553.3325
24.0700,554.4350
24.0800,570.8025
24.0900,528.0925
24.1000,551.0500
24.1100,510.3450
24.1200,514.9625
24.1300,483.6700
24.1400,488.8425
24.1500,466.8300
24.1600,469.0400
24.1700,448.7400
24.1800,423.4875
24.1900,425.9050
24.2000,411.6450
24.2100,446.3725
24.2200,439.1350
24.2300,420.2825
24.2400,426.8050
24.2500,431.5025
24.2600,466.9350
24.2700,470.9700
24.2800,412.4325
24.2900,390.3775
24.3000,400.8650
24.3100,423.9375
24.3200,439.2900
24.3300,420.0000
24.3400,419.6600
24.3500,409.7800
24.3600,402.5775
24.3700,379.2625
24.3800,358.0000
24.3900,401.2000
24.4000,439.3175
24.4100,415.5300
24.4200,376.2975
24.4300,364.5875
24.4400,411.2175
24.4500,455.9075
24.4600,426.1775
24.4700,406.9825
24.4800,420.2300
24.4900,429.1125
24.5000,389.4300
24.5100,363.9500
24.5200,391.9475
24.5300,323.7150
24.5400,344.0025
24.5500,379.9425
24.5600,376.5550
24.5700,369.4700
24.5800,337.4225
24.5900,387.3350
24.6000,432.5675
24.6100,376.4550
24.6200,360.4775
24.6300,399.9625
24.6400,396.7700
24.6500,406.9225
24.6600,433.3925
24.6700,439.8925
24.6800,426.4975
24.6900,403.1400
24.7000,373.4100
24.7100,386.8300
24.7200,419.7400
24.7300,356.7875
24.7400,393.3925
24.7500,416.6325
24.7600,396.6325
24.7700,360.0050
24.7800,396.6425
24.7900,383.3525
24.8000,413.2675
24.8100,469.8300
24.8200,400.2650
24.8300,366.8200
24.8400,416.4000
24.8500,393.4775
24.8600,386.7125
24.8700,389.9750
24.8800,363.5600
24.8900,389.7525
24.9000,393.3000
24.9100,406.5225
24.9200,373.7225
24.9300,399.6675
24.9400,396.7100
24.9500,399.9525
24.9600,409.8525
24.9700,396.8750
24.9800,403.2250
24.9900,383.6775
25.0000,393.1525
25.0100,406.4175
25.0200,416.4700
25.0300,419.9325
25.0400,439.5775
25.0500,443.2600
25.0600,430.3025
25.0700,443.0200
25.0800,443.3325
25.0900,459.5825
25.1000,440.5175
25.1100,423.7775
25.1200,471.9600
25.1300,489.5300
25.1400,460.8725
25.1500,414.7250
25.1600,426.2575
25.1700,462.1825
25.1800,469.7850
25.1900,511.9025
25.2000,490.7875
25.2100,515.7450
25.2200,494.1575
25.2300,551.1625
25.2400,630.3775
25.2500,601.2575
25.2600,612.8200
25.2700,693.3900
25.2800,770.2575
25.2900,827.6825
25.3000,935.4125
25.3100,1029.3675
25.3200,1100.3025
25.3300,1237.1600
25.3400,1370.6825
25.3500,1408.4775
25.3600,1495.8175
25.3700,1592.0975
25.3800,1539.5500
25.3900,1644.4650
25.4000,1615.1525
25.4100,1625.9950
25.4200,1579.2275
25.4300,1503.9875
25.4400,1531.5725
25.4500,1574.3450
25.4600,1541.9950
25.4700,1505.3575
25.4800,1342.8500
25.4900,1411.9350
25.5000,1404.1000
25.5100,1236.9775
25.5200,1157.6725
25.5300,1137.6650
25.5400,1186.7600
25.5500,1121.1800
25.5600,1116.6675
25.5700,997.9975
25.5800,877.6700
25.5900,835.7075
25.6000,827.1025
25.6100,736.4100
25.6200,674.0250
25.6300,638.9300
25.6400,593.2050
25.6500,540.3725
25.6600,490.1800
25.6700,505.2450
25.6800,506.6675
25.6900,485.0300
25.7000,461.7150
25.7100,441.4850
25.7200,384.5025
25.7300,404.6450
25.7400,415.9000
25.7500,422.8175
25.7600,432.5500
25.7700,430.2625
25.7800,445.3350
25.7900,431.3450
25.8000,445.3100
25.8100,465.0225
25.8200,463.6100
25.8300,448.0625
25.8400,452.7700
25.8500,450.2850
25.8600,428.6775
25.8700,393.1900
25.8800,399.1225
25.8900,384.8100
25.9000,422.7925
25.9100,435.7650
25.9200,424.5475
25.9300,405.1700
25.9400,424.5075
25.9500,441.7775
25.9600,388.9825
25.9700,392.3825
25.9800,408.4050
25.9900,391.9300
26.0000,371.9475
26.0100,360.9825
26.0200,381.0250
26.0300,401.3375
26.0400,346.3675
26.0500,393.9200
26.0600,426.9350
26.0700,373.1875
26.0800,336.7925
26.0900,354.2275
26.1000,374.5600
26.1100,355.8100
26.1200,347.3800
26.1300,385.3325
26.1400,422.6875
26.1500,405.8850
26.1600,379.6025
26.1700,394.4475
26.1800,372.9800
26.1900,364.0825
26.2000,389.9325
26.2100,399.2400
26.2200,405.9000
26.2300,421.4050
26.2400,449.8375
26.2500,388.6025
26.2600,403.5175
26.2700,421.3525
26.2800,429.2025
26.2900,406.5475
26.3000,376.9725
26.3100,458.1950
26.3200,481.6950
26.3300,416.1500
26.3400,397.9125
26.3500,405.4125
26.3600,432.8825
26.3700,416.2950
26.3800,430.7800
26.3900,433.3325
26.4000,473.9650
26.4100,485.8000
26.4200,515.6375
26.4300,444.7475
26.4400,450.6825
26.4500,531.3350
26.4600,479.8350
26.4700,423.8625
26.4800,439.7150
26.4900,477.8725
26.5000,503.4625
26.5100,495.1750
26.5200,481.8525
26.5300,414.0450
26.5400,411.9275
26.5500,453.4050
26.5600,457.1400
26.5700,445.2400
26.5800,431.9150
26.5900,418.5925
26.6000,422.3650
26.6100,417.6400
26.6200,405.2925
26.6300,414.6975
26.6400,433.6975
26.6500,419.6525
26.6600,368.5075
26.6700,393.9625
26.6800,419.7925
26.6900,428.9825
26.7000,404.6000
26.7100,397.1800
26.7200,422.0200
26.7300,387.2675
26.7400,337.8275
26.7500,352.4700
26.7600,390.3425
26.7700,391.0600
26.7800,387.2000
26.7900,372.6750
26.8000,448.2750
26.8100,427.0250
26.8200,425.5800
26.8300,418.3050
26.8400,366.5400
26.8500,403.9625
26.8600,427.2300
26.8700,405.0075
26.8800,402.7750
26.8900,370.0750
26.9000,396.5600
26.9100,383.9700
26.9200,382.7625
26.9300,358.4875
26.9400,347.8175
26.9500,363.2000
26.9600,363.9150
26.9700,346.8325
26.9800,390.0400
26.9900,400.0000
27.0000,416.4525
27.0100,436.4350
27.0200,404.4225
27.0300,385.7300
27.0400,405.1850
27.0500,434.5575
27.0600,410.0150
27.0700,419.6725
27.0800,428.7750
27.0900,413.6925
27.1000,429.0075
27.1100,436.0450
27.1200,417.6975
27.1300,426.8700
27.1400,462.4550
27.1500,502.4225
27.1600,472.2100
27.1700,401.3125
27.1800,405.5225
27.1900,447.6775
27.2000,429.7825
27.2100,439.4475
27.2200,462.1150
27.2300,461.3050
27.2400,468.0325
27.2500,445.9250
27.2600,445.3450
27.2700,516.0800
27.2800,525.3325
27.2900,464.7175
27.3000,495.2500
27.3100,535.9150
27.3200,559.2725
27.3300,589.8700
27.3400,617.8750
27.3500,689.5425
27.3600,783.3900
27.3700,887.9075
27.3800,976.0075
27.3900,1075.1000
27.4000,1202.0650
27.4100,1337.9225
27.4200,1569.1450
27.4300,1565.5425
27.4400,1589.3625
27.4500,1744.1850
27.4600,1770.2400
27.4700,1792.8275
27.4800,1886.2450
27.4900,1873.4475
27.5000,1920.7125
27.5100,1887.1625
27.5200,1844.7025
27.5300,1795.0650
27.5400,1775.5400
27.5500,1825.2275
27.5600,1842.5925
27.5700,1853.6900
27.5800,1709.2250
27.5900,1594.3150
27.6000,1583.6575
27.6100,1535.0950
27.6200,1465.9050
27.6300,1372.8025
27.6400,1290.8750
27.6500,1293.8775
27.6600,1197.3900
27.6700,1082.1025
27.6800,982.4300
27.6900,908.8550
27.7000,893.3325
27.7100,793.8125
27.7200,684.3100
27.7300,619.2575
27.7400,578.6850
27.7500,570.0000
27.7600,559.8475
27.7700,554.1300
27.7800,520.4025
27.7900,512.5300
27.8000,508.2775
27.8100,506.6675
27.8200,519.2775
27.8300,472.9400
27.8400,446.6000
27.8500,486.0750
27.8600,482.4200
27.8700,449.0675
27.8800,477.5925
27.8900,452.4475
27.9000,462.5075
27.9100,467.5025
27.9200,469.1625
27.9300,465.0150
27.9400,473.2950
27.9500,456.7675
27.9600,497.2100
27.9700,453.7625
27.9800,458.1275
27.9900,469.1425
28.0000,447.7350
28.0100,442.4725
28.0200,482.8325
28.0300,508.9975
28.0400,464.0675
28.0500,476.1950
28.0600,454.7125
28.0700,475.2525
28.0800,452.3300
28.0900,496.3475
28.1000,509.3250
28.1100,506.6675
28.1200,496.9000
28.1300,483.5775
28.1400,465.3825
28.1500,469.7350
28.1600,504.9375
28.1700,489.9550
28.1800,460.5950
28.1900,436.3725
28.2000,439.6825
28.2100,450.5875
28.2200,462.9925
28.2300,464.2550
28.2400,494.6575
28.2500,518.7025
28.2600,542.5675
28.2700,518.7800
28.2800,480.2800
28.2900,496.3575
28.3000,516.2400
28.3100,548.6900
28.3200,552.8350
28.3300,530.9175
28.3400,544.7775
28.3500,600.9350
28.3600,620.0000
28.3700,634.2475
28.3800,651.8600
28.3900,696.9450
28.4000,710.9675
28.4100,707.6350
28.4200,765.7000
28.4300,853.6825
28.4400,927.1175
28.4500,1000.7900
28.4600,1209.0275
28.4700,1451.0175
28.4800,1632.5700
28.4900,1752.6175
28.5000,1935.4225
28.5100,2254.7475
28.5200,2536.0825
28.5300,2556.3700
28.5400,2626.4975
28.5500,2896.9800
28.5600,3112.8525
28.5700,3133.1600
28.5800,3122.3175
28.5900,3204.3825
28.6000,3323.2675
28.6100,3431.6200
28.6200,3546.4075
28.6300,3587.9425
28.6400,3728.1350
28.6500,3695.7175
28.6600,3680.8950
28.6700,3867.6925
28.6800,3880.2125
28.6900,3749.2925
28.7000,3765.0600
28.7100,3811.6000
28.7200,3790.3500
28.7300,3762.9975
28.7400,3702.0575
28.7500,3551.6675
28.7600,3286.7600
28.7700,3008.6125
28.7800,2984.4800
28.7900,2956.7825
28.8000,2884.8150
28.8100,2824.9700
28.8200,2770.6025
28.8300,2739.8250
28.8400,2746.8250
28.8500,2840.9225
28.8600,2874.3600
28.8700,2854.3175
28.8800,2837.7150
28.8900,2855.6850
28.9000,2866.6675
28.9100,3007.1425
28.9200,3141.2525
28.9300,3197.8025
28.9400,3247.7700
28.9500,3446.4100
28.9600,3530.0175
28.9700,3497.8875
28.9800,3494.3875
28.9900,3502.2075
29.0000,3509.9500
29.0100,3570.6100
29.0200,3644.0050
29.0300,3662.2725
29.0400,3554.6450
29.0500,3451.7700
29.0600,3391.6350
29.0700,3307.7275
29.0800,3135.7300
29.0900,2943.3500
29.1000,2784.1325
29.1100,2652.8175
29.1200,2555.6625
29.1300,2528.8375
29.1400,2421.5950
29.1500,2233.4100
29.1600,2202.2625
29.1700,2221.1725
29.1800,2273.9350
29.1900,2402.4475
29.2000,2590.0900
29.2100,2723.5150
29.2200,2902.6375
29.2300,3152.7050
29.2400,3452.2300
29.2500,3750.5850
29.2600,4056.2450
29.2700,4428.1200
29.2800,4846.0450
29.2900,5065.9650
29.3000,5273.3475
29.3100,5603.4750
29.3200,5817.2200
29.3300,5878.1525
29.3400,6197.4925
29.3500,6336.5425
29.3600,6307.0050
29.3700,6427.6125
29.3800,6424.2650
29.3900,6476.6500
29.4000,6365.4625
29.4100,6239.4225
29.4200,6108.2175
29.4300,5847.6875
29.4400,5624.7750
29.4500,5436.9850
29.4600,5146.7725
29.4700,4789.9875
29.4800,4420.7150
29.4900,4136.8750
29.5000,3958.8500
29.5100,3655.0625
29.5200,3356.6300
29.5300,2967.4500
29.5400,2579.3050
29.5500,2333.9575
29.5600,2064.7250
29.5700,1811.9500
29.5800,1565.9875
29.5900,1408.0500
29.6000,1297.6750
29.6100,1102.9675
29.6200,971.2500
29.6300,938.5200
29.6400,921.1275
29.6500,866.6100
29.6600,804.2075
29.6700,722.5500
29.6800,661.0750
29.6900,658.7900
29.7000,678.7750
29.7100,682.6350
29.7200,669.9375
29.7300,685.4425
29.7400,673.9050
29.7500,650.6525
29.7600,624.6450
29.7700,572.0125
29.7800,614.5525
29.7900,640.0600
29.8000,610.7375
29.8100,598.0125
29.8200,614.5400
29.8300,626.6675
29.8400,616.7650
29.8500,606.0450
29.8600,613.2100
29.8700,631.8350
29.8800,632.1200
29.8900,616.8300
29.9000,637.5025
29.9100,642.9325
29.9200,631.3750
29.9300,673.0425
29.9400,675.9800
29.9500,685.9350
29.9600,720.3050
29.9700,735.8375
29.9800,782.7500
29.9900,757.0600
30.0000,755.4225
30.0100,777.5275
30.0200,769.4675
30.0300,832.2800
30.0400,893.4900
30.0500,962.9900
30.0600,1039.3375
30.0700,1149.6925
30.0800,1232.4975
30.0900,1279.2000
30.1000,1389.3325
30.1100,1518.2200
30.1200,1694.3500
30.1300,1866.1225
30.1400,2008.8500
30.1500,2247.9250
30.1600,2533.5000
30.1700,2820.3150
30.1800,2995.3525
30.1900,3145.1100
30.2000,3393.5050
30.2100,3535.4825
30.2200,3752.9350
30.2300,3936.2700
30.2400,4007.2575
30.2500,4052.2800
30.2600,4086.5600
30.2700,4100.6725
30.2800,4104.5125
30.2900,4096.5900
30.3000,4090.7650
30.3100,4037.3050
30.3200,3934.4300
30.3300,3919.5950
30.3400,3923.0150
30.3500,3864.2475
30.3600,3686.3500
30.3700,3558.9650
30.3800,3526.1275
30.3900,3526.8375
30.4000,3532.3475
30.4100,3514.1925
30.4200,3577.8675
30.4300,3552.8075
30.4400,3523.3800
30.4500,3631.1925
30.4600,3784.0850
30.4700,3876.3100
30.4800,3899.0475
30.4900,3850.6500
30.5000,3839.4200
30.5100,3916.8450
30.5200,3958.4650
30.5300,3976.1675
30.5400,4056.3675
30.5500,4084.6775
30.5600,4076.0950
30.5700,4154.2850
30.5800,4347.2950
30.5900,4338.4775
30.6000,4128.8925
30.6100,3982.9800
30.6200,4070.0200
30.6300,4152.6300
30.6400,4045.9825
30.6500,3902.1700
30.6600,3778.9100
30.6700,3566.2200
30.6800,3295.4725
30.6900,3095.4700
30.7000,2899.5100
30.7100,2634.0600
30.7200,2451.7500
30.7300,2374.6775
30.7400,2246.3100
30.7500,2045.0200
30.7600,1799.7275
30.7700,1640.2850
30.7800,1575.5300
30.7900,1477.5800
30.8000,1380.5675
30.8100,1319.0075
30.8200,1271.0900
30.8300,1261.9150
30.8400,1295.7075
30.8500,1260.1075
30.8600,1177.7050
30.8700,1218.1575
30.8800,1223.7925
30.8900,1188.7075
30.9000,1218.5525
30.9100,1202.8750
30.9200,1176.6675
30.9300,1151.3175
30.9400,1123.2925
30.9500,1077.8825
30.9600,1077.0350
30.9700,1114.9875
30.9800,1141.8375
30.9900,1129.8225
31.0000,1073.2850
31.0100,1071.6850
31.0200,1073.3375
31.0300,1038.3750
31.0400,1008.3625
31.0500,970.1525
31.0600,908.5450
31.0700,873.3600
31.0800,881.5500
31.0900,842.2600
31.1000,781.7750
31.1100,728.9925
31.1200,683.3325
31.1300,673.5125
31.1400,650.2600
31.1500,612.1925
31.1600,575.2650
31.1700,576.3450
31.1800,578.6350
31.1900,560.1825
31.2000,546.8600
31.2100,527.0750
31.2200,495.5900
31.2300,489.5500
31.2400,506.5500
31.2500,492.3425
31.2600,474.9350
31.2700,478.2675
31.2800,483.1950
31.2900,486.6675
31.3000,505.7700
31.3100,512.3625
31.3200,515.7050
31.3300,525.5800
31.3400,521.2400
31.3500,522.1075
31.3600,499.1500
31.3700,477.0400
31.3800,446.4400
31.3900,412.1600
31.4000,429.9450
31.4100,461.5625
31.4200,455.5325
31.4300,440.4375
31.4400,424.0050
31.4500,442.8250
31.4600,475.1175
31.4700,474.8800
31.4800,447.3250
31.4900,431.8325
31.5000,451.7950
31.5100,459.2175
31.5200,454.6625
31.5300,448.9150
31.5400,464.8625
31.5500,455.9850
31.5600,426.5775
31.5700,402.1050
31.5800,399.7025
31.5900,418.4850
31.6000,450.2800
31.6100,448.5475
31.6200,423.6525
31.6300,441.0650
31.6400,454.6500
31.6500,438.5000
31.6600,445.6475
31.6700,447.7025
31.6800,436.6675
31.6900,450.0675
31.7000,483.0150
31.7100,500.3650
31.7200,486.3000
31.7300,476.2900
31.7400,451.9625
31.7500,435.8175
31.7600,474.7050
31.7700,469.8475
31.7800,445.8600
31.7900,466.4975
31.8000,473.1150
31.8100,426.4825
31.8200,393.5150
31.8300,402.3100
31.8400,398.1150
31.8500,447.7425
31.8600,515.7775
31.8700,477.2050
31.8800,425.3000
31.8900,468.2650
31.9000,494.2300
31.9100,486.2125
31.9200,474.7675
31.9300,428.1125
31.9400,409.5500
31.9500,405.6825
31.9600,409.0800
31.9700,408.9950
31.9800,409.6025
31.9900,395.7700
32.0000,398.4450
32.0100,419.8325
32.0200,424.9200
32.0300,403.5375
32.0400,388.6025
32.0500,396.4250
32.0600,397.4750
32.0700,368.8875
32.0800,353.3325
32.0900,372.7050
32.1000,427.6225
32.1100,465.2875
32.1200,449.5750
32.1300,416.2675
32.1400,395.2950
32.1500,411.1175
32.1600,435.3025
32.1700,426.5200
32.1800,396.2650
32.1900,397.8900
32.2000,459.5925
32.2100,460.3450
32.2200,421.2675
32.2300,407.9450
32.2400,412.1000
32.2500,440.7350
32.2600,433.9000
32.2700,378.6150
32.2800,346.6675
32.2900,369.3000
32.3000,388.7175
32.3100,387.8850
32.3200,410.7350
32.3300,392.7050
32.3400,402.4850
32.3500,420.0875
32.3600,417.8775
32.3700,428.6900
32.3800,412.2800
32.3900,390.0000
32.4000,390.0000
32.4100,401.7000
32.4200,426.4875
32.4300,423.7200
32.4400,395.5800
32.4500,397.5175
32.4600,431.5825
32.4700,447.4325
32.4800,457.4325
32.4900,465.9300
32.5000,434.3975
32.5100,426.3700
32.5200,436.6675
32.5300,469.6525
32.5400,529.6625
32.5500,540.0000
32.5600,540.0000
32.5700,529.9350
32.5800,518.3550
32.5900,529.1725
32.6000,530.8325
32.6100,547.8800
32.6200,567.1450
32.6300,513.9050
32.6400,482.4000
32.6500,507.0450
32.6600,512.0975
32.6700,514.9275
32.6800,538.0875
32.6900,562.1075
32.7000,526.9425
32.7100,483.4400
32.7200,507.8850
32.7300,511.2175
32.7400,513.3325
32.7500,501.2200
32.7600,486.0450
32.7700,493.0475
32.7800,467.4100
32.7900,446.5450
32.8000,461.6125
32.8100,437.1000
32.8200,421.1925
32.8300,440.0025
32.8400,477.1275
32.8500,482.8875
32.8600,464.0850
32.8700,446.2525
32.8800,422.7350
32.8900,395.1075
32.9000,390.5525
32.9100,422.8675
32.9200,456.0050
32.9300,453.5350
32.9400,401.5600
32.9500,406.9575
32.9600,444.5475
32.9700,396.6675
32.9800,416.2450
32.9900,447.5875
33.0000,422.9075
33.0100,398.9550
33.0200,419.3125
33.0300,440.8900
33.0400,424.4700
33.0500,427.8000
33.0600,430.0000
33.0700,411.9450
33.0800,380.0450
33.0900,402.3925
33.1000,437.8150
33.1100,444.4300
33.1200,431.0750
33.1300,413.3325
33.1400,429.9875
33.1500,458.9025
33.1600,443.3700
33.1700,428.8975
33.1800,423.3675
33.1900,423.2500
33.2000,449.8050
33.2100,472.2975
33.2200,456.7950
33.2300,458.5525
33.2400,481.3250
33.2500,460.0875
33.2600,464.1275
33.2700,484.5125
33.2800,476.7775
33.2900,466.7850
33.3000,462.1375
33.3100,479.4650
33.3200,488.5800
33.3300,453.1850
33.3400,473.7625
33.3500,508.6150
33.3600,508.4100
33.3700,479.1300
33.3800,490.9700
33.3900,516.7950
33.4000,454.5550
33.4100,410.2100
33.4200,426.1725
33.4300,487.0225
33.4400,498.6375
33.4500,472.3025
33.4600,468.9725
33.4700,469.7425
33.4800,492.0075
33.4900,530.7475
33.5000,546.1050
33.5100,547.8200
33.5200,534.1750
33.5300,587.8750
33.5400,637.6750
33.5500,651.0525
33.5600,670.6525
33.5700,641.6725
33.5800,642.5625
33.5900,726.6675
33.6000,713.7700
33.6100,688.2800
33.6200,713.8150
33.6300,766.3525
33.6400,797.6250
33.6500,768.8125
33.6600,786.0925
33.6700,788.3550
33.6800,808.8950
33.6900,806.4725
33.7000,884.3550
33.7100,957.3900
33.7200,925.3800
33.7300,1004.5575
33.7400,1147.7800
33.7500,1266.2100
33.7600,1355.1700
33.7700,1526.9350
33.7800,1701.5750
33.7900,1885.5950
33.8000,2100.7225
33.8100,2259.8025
33.8200,2332.6325
33.8300,2502.3875
33.8400,2747.0025
33.8500,2946.9125
33.8600,3036.1025
33.8700,3156.8100
33.8800,3342.7600
33.8900,3384.8775
33.9000,3504.1250
33.9100,3604.0500
33.9200,3675.7575
33.9300,3697.8400
33.9400,3767.8600
33.9500,3786.3175
33.9600,3811.4325
33.9700,3848.5900
33.9800,3872.9975
33.9900,3762.4150
34.0000,3531.4950
34.0100,3347.1700
34.0200,3246.0500
34.0300,3154.0300
34.0400,2918.4225
34.0500,2725.6150
34.0600,2622.0625
34.0700,2471.3775
34.0800,2338.2650
34.0900,2097.4425
34.1000,1883.2025
34.1100,1754.9525
34.1200,1593.7750
34.1300,1572.9475
34.1400,1571.3050
34.1500,1395.9300
34.1600,1291.5725
34.1700,1249.5725
34.1800,1146.3625
34.1900,1071.6175
34.2000,1050.7925
34.2100,1013.2550
34.2200,955.0025
34.2300,952.5175
34.2400,934.9750
34.2500,945.8675
34.2600,902.0250
34.2700,824.7375
34.2800,874.2675
34.2900,832.1775
34.3000,761.5500
34.3100,767.7425
34.3200,741.6175
34.3300,769.2400
34.3400,841.6075
34.3500,835.4500
34.3600,803.9925
34.3700,807.1125
34.3800,788.5700
34.3900,847.2350
34.4000,904.6600
34.4100,890.0300
34.4200,940.3850
34.4300,964.8950
34.4400,980.1200
34.4500,1038.1625
34.4600,1099.8900
34.4700,1041.0425
34.4800,1085.1075
34.4900,1155.0900
34.5000,1206.2325
34.5100,1274.9650
34.5200,1270.9325
34.5300,1357.1125
34.5400,1342.1275
34.5500,1253.4225
34.5600,1266.1900
34.5700,1229.2550
34.5800,1227.4100
34.5900,1231.4825
34.6000,1238.8825
34.6100,1248.1375
34.6200,1234.2700
34.6300,1187.8550
34.6400,1265.5175
34.6500,1266.0775
34.6600,1211.0750
34.6700,1105.2250
34.6800,1093.5375
34.6900,1057.8350
34.7000,1009.7675
34.7100,997.3775
34.7200,995.0425
34.7300,956.2050
34.7400,865.2350
34.7500,806.4975
34.7600,807.9925
34.7700,860.5500
34.7800,835.4450
34.7900,768.9500
34.8000,723.2250
34.8100,706.5725
34.8200,681.0375
34.8300,625.1650
34.8400,589.2650
34.8500,576.0350
34.8600,583.3000
34.8700,572.6825
34.8800,584.6700
34.8900,575.3575
34.9000,527.9400
34.9100,562.7625
34.9200,516.0500
34.9300,500.6550
34.9400,496.8025
34.9500,459.5900
34.9600,421.2050
34.9700,441.2925
34.9800,437.0175
34.9900,388.9775
35.0000,363.0500
35.0100,397.6300
35.0200,432.5325
35.0300,439.5500
35.0400,417.6800
35.0500,400.2175
35.0600,430.0000
35.0700,431.2425
35.0800,434.8125
35.0900,424.8200
35.1000,411.7600
35.1100,391.8325
35.1200,403.0425
35.1300,413.6375
35.1400,408.4475
35.1500,444.2625
35.1600,435.7275
35.1700,440.7075
35.1800,410.9600
35.1900,398.2275
35.2000,391.1775
35.2100,396.0800
35.2200,394.5000
35.2300,406.3925
35.2400,430.3000
35.2500,400.5750
35.2600,400.4650
35.2700,389.5225
35.2800,404.4700
35.2900,411.1325
35.3000,413.8475
35.3100,401.1225
35.3200,403.8725
35.3300,384.4350
35.3400,361.6525
35.3500,391.6300
35.3600,411.7250
35.3700,387.2125
35.3800,388.9125
35.3900,386.0425
35.4000,397.3050
35.4100,381.1875
35.4200,373.2050
35.4300,395.8500
35.4400,435.1350
35.4500,469.4625
35.4600,405.9925
35.4700,367.1875
35.4800,378.8325
35.4900,422.5300
35.5000,397.4275
35.5100,385.3825
35.5200,396.6675
35.5300,399.2025
35.5400,415.3525
35.5500,424.1550
35.5600,412.0000
35.5700,426.3175
35.5800,434.9200
35.5900,394.0550
35.6000,446.9575
35.6100,499.3525
35.6200,450.8450
35.6300,416.1850
35.6400,420.5375
35.6500,469.0675
35.6600,497.1550
35.6700,466.1475
35.6800,504.7450
35.6900,513.8025
35.7000,519.4600
35.7100,546.3925
35.7200,596.0700
35.7300,530.0000
35.7400,543.6725
35.7500,636.8000
35.7600,679.0975
35.7700,675.5750
35.7800,683.3100
35.7900,644.8800
35.8000,681.5200
35.8100,712.0175
35.8200,721.6575
35.8300,845.9375
35.8400,862.0400
35.8500,849.0425
35.8600,819.5725
35.8700,817.0900
35.8800,826.3250
35.8900,884.2550
35.9000,978.3325
35.9100,946.2350
35.9200,969.1375
35.9300,988.7150
35.9400,1004.1475
35.9500,1007.9775
35.9600,993.3325
35.9700,978.9400
35.9800,882.0750
35.9900,944.6925
36.0000,926.8600
36.0100,903.7225
36.0200,900.4625
36.0300,850.6375
36.0400,830.0000
36.0500,827.7175
36.0600,803.9525
36.0700,767.5575
36.0800,858.5575
36.0900,881.8325
36.1000,732.9825
36.1100,706.9925
36.1200,732.6675
36.1300,698.1950
36.1400,681.8975
36.1500,665.7250
36.1600,622.2150
36.1700,559.4775
36.1800,584.0325
36.1900,589.3075
36.2000,580.5800
36.2100,560.0850
36.2200,592.7150
36.2300,611.6125
36.2400,569.3425
36.2500,586.6900
36.2600,523.7000
36.2700,499.6125
36.2800,527.6425
36.2900,534.7325
36.3000,513.1450
36.3100,479.6825
36.3200,475.4050
36.3300,463.6475
36.3400,469.1500
36.3500,494.2575
36.3600,499.3600
36.3700,463.9425
36.3800,500.0225
36.3900,461.8900
36.4000,418.9600
36.4100,469.0300
36.4200,388.8350
36.4300,376.9550
36.4400,381.7200
36.4500,399.4325
36.4600,388.5425
36.4700,340.0200
36.4800,382.2075
36.4900,443.0575
36.5000,441.3600
36.5100,456.3975
36.5200,449.5900
36.5300,405.8725
36.5400,400.0800
36.5500,440.5200
36.5600,447.9550
36.5700,463.8450
36.5800,473.5425
36.5900,518.9225
36.6000,544.1825
36.6100,512.1025
36.6200,497.3975
36.6300,506.6675
36.6400,508.8150
36.6500,534.7750
36.6600,507.8925
36.6700,481.3900
36.6800,501.3750
36.6900,522.0425
36.7000,546.8550
36.7100,505.5550
36.7200,534.9075
36.7300,511.9575
36.7400,534.4075
36.7500,454.6100
36.7600,471.2300
36.7700,441.4550
36.7800,464.3625
36.7900,482.8450
36.8000,523.6525
36.8100,476.0700
36.8200,464.9025
36.8300,436.8600
36.8400,440.9575
36.8500,454.3975
36.8600,414.6125
36.8700,380.7375
36.8800,394.0600
36.8900,406.3075
36.9000,399.2900
36.9100,387.3650
36.9200,402.9325
36.9300,452.5825
36.9400,378.5125
36.9500,411.8450
36.9600,385.9425
36.9700,435.0600
36.9800,402.5425
36.9900,385.4175
37.0000,361.6900
37.0100,396.9700
37.0200,403.7800
37.0300,411.7200
37.0400,376.2350
37.0500,367.2350
37.0600,381.6750
37.0700,418.3525
37.0800,380.6750
37.0900,397.3300
37.1000,413.2025
37.1100,410.8950
37.1200,434.3375
37.1300,459.3850
37.1400,442.3675
37.1500,416.7850
37.1600,418.6050
37.1700,380.4550
37.1800,393.1100
37.1900,389.0675
37.2000,458.3975
37.2100,411.1500
37.2200,447.0750
37.2300,459.3000
37.2400,436.5700
37.2500,433.3325
37.2600,433.8900
37.2700,452.8800
37.2800,436.1375
37.2900,416.6675
37.3000,416.7500
37.3100,419.2700
37.3200,391.8150
37.3300,466.5900
37.3400,464.2250
37.3500,502.6150
37.3600,469.5825
37.3700,451.6150
37.3800,529.7400
37.3900,516.6675
37.4000,517.6925
37.4100,572.5225
37.4200,526.3325
37.4300,507.4125
37.4400,554.6075
37.4500,636.4725
37.4600,624.2150
37.4700,687.4600
37.4800,747.1250
37.4900,784.1225
37.5000,850.3725
37.5100,883.7850
37.5200,926.9925
37.5300,960.7250
37.5400,1040.8375
37.5500,1140.1025
37.5600,1154.1025
37.5700,1263.7525
37.5800,1331.7175
37.5900,1637.0750
37.6000,1720.0975
37.6100,1743.4400
37.6200,1773.1525
37.6300,1710.0425
37.6400,1729.9600
37.6500,1703.4150
37.6600,1810.0075
37.6700,1913.2700
37.6800,1880.0425
37.6900,1919.9200
37.7000,1973.1900
37.7100,1943.4350
37.7200,1807.2200
37.7300,1736.9975
37.7400,1809.6025
37.7500,1737.1150
37.7600,1640.6575
37.7700,1732.6350
37.7800,1591.1725
37.7900,1609.8225
37.8000,1662.8250
37.8100,1580.8525
37.8200,1649.2350
37.8300,1676.3575
37.8400,1614.1125
37.8500,1728.4875
37.8600,1723.4250
37.8700,1785.7575
37.8800,1901.5800
37.8900,1916.4575
37.9000,1946.1750
37.9100,2038.4050
37.9200,2141.4975
37.9300,2123.7025
37.9400,2139.6800
37.9500,2019.1100
37.9600,2104.8225
37.9700,2211.0750
37.9800,2170.9475
37.9900,2147.1925
38.0000,2032.7075
38.0100,2225.2200
38.0200,2314.5375
38.0300,2326.4150
38.0400,2625.3800
38.0500,2432.1675
38.0600,2507.7250
38.0700,2289.6750
38.0800,2092.3025
38.0900,2083.4300
38.1000,1999.2675
38.1100,1709.1050
38.1200,1664.4825
38.1300,1640.7475
38.1400,1527.1500
38.1500,1526.5550
38.1600,1426.8550
38.1700,1442.6375
38.1800,1385.4600
38.1900,1203.4050
38.2000,1048.9725
38.2100,1078.6275
38.2200,1022.2875
38.2300,987.9600
38.2400,941.8425
38.2500,968.7950
38.2600,1049.9300
38.2700,1030.9675
38.2800,1061.9275
38.2900,1101.6200
38.3000,1176.6625
38.3100,1259.6500
38.3200,1298.3550
38.3300,1334.9975
38.3400,1377.9975
38.3500,1446.7175
38.3600,1583.3425
38.3700,1672.4875
38.3800,1629.1125
38.3900,1797.7450
38.4000,1901.6425
38.4100,1960.4500
38.4200,1919.0725
38.4300,1862.9600
38.4400,1837.9025
38.4500,1833.5125
38.4600,1653.6400
38.4700,1718.9400
38.4800,1610.0025
38.4900,1584.4575
38.5000,1621.0575
38.5100,1463.1225
38.5200,1381.1325
38.5300,1364.1200
38.5400,1363.3325
38.5500,1278.7575
38.5600,1216.9875
38.5700,1185.1800
38.5800,1073.9300
38.5900,1019.8125
38.6000,976.0875
38.6100,923.4275
38.6200,876.3625
38.6300,770.5475
38.6400,816.2475
38.6500,717.3600
38.6600,706.8925
38.6700,681.8200
38.6800,698.6225
38.6900,631.7675
38.7000,654.5600
38.7100,678.3450
38.7200,559.3000
38.7300,587.1125
38.7400,549.8250
38.7500,552.8425
38.7600,537.9025
38.7700,582.9250
38.7800,577.4225
38.7900,533.5550
38.8000,603.8550
38.8100,560.8000
38.8200,578.1775
38.8300,626.0600
38.8400,654.5475
38.8500,656.6675
38.8600,748.5900
38.8700,808.7200
38.8800,892.8850
38.8900,985.6100
38.9000,1020.8325
38.9100,1099.6625
38.9200,1237.8575
38.9300,1265.2450
38.9400,1303.2250
38.9500,1327.9775
38.9600,1399.9725
38.9700,1500.9075
38.9800,1510.0000
38.9900,1510.0000
39.0000,1616.1725
39.0100,1596.3525
39.0200,1514.5750
39.0300,1576.2875
39.0400,1643.8300
39.0500,1643.9550
39.0600,1649.3750
39.0700,1586.6150
39.0800,1598.0975
39.0900,1527.6650
39.1000,1468.8000
39.1100,1433.2375
39.1200,1276.6200
39.1300,1287.0475
39.1400,1299.0100
39.1500,1152.9525
39.1600,1055.7000
39.1700,1103.6025
39.1800,1062.0875
39.1900,1014.7750
39.2000,1024.9500
39.2100,993.8000
39.2200,990.0000
39.2300,972.0975
39.2400,916.3325
39.2500,960.6500
39.2600,1050.0275
39.2700,1021.3250
39.2800,1034.5050
39.2900,1039.6375
39.3000,1037.0325
39.3100,1087.0975
39.3200,1176.3350
39.3300,1192.5900
39.3400,1258.4550
39.3500,1334.6975
39.3600,1301.9525
39.3700,1258.2700
39.3800,1188.4025
39.3900,1171.1525
39.4000,1202.4200
39.4100,1218.4475
39.4200,1184.6850
39.4300,1141.7700
39.4400,1133.7275
39.4500,1033.4925
39.4600,993.5900
39.4700,1013.4575
39.4800,1054.7575
39.4900,1036.5775
39.5000,1077.2200
39.5100,1071.6375
39.5200,1075.8425
39.5300,1102.9425
39.5400,1202.9375
39.5500,1272.0550
39.5600,1393.6100
39.5700,1485.6850
39.5800,1566.4775
39.5900,1608.6400
39.6000,1709.1850
39.6100,1781.3825
39.6200,1833.5050
39.6300,1868.9825
39.6400,1867.5400
39.6500,1976.6400
39.6600,2077.1975
39.6700,1968.6300
39.6800,1973.1025
39.6900,1999.7500
39.7000,2037.9350
39.7100,2011.6375
39.7200,1917.4100
39.7300,1883.1925
39.7400,1813.8750
39.7500,1768.8575
39.7600,1720.2700
39.7700,1693.2525
39.7800,1675.6675
39.7900,1495.7350
39.8000,1375.0700
39.8100,1279.9125
39.8200,1180.9200
39.8300,1152.3850
39.8400,1044.4000
39.8500,901.1825
39.8600,840.1025
39.8700,841.8775
39.8800,775.0375
39.8900,709.3050
39.9000,674.4275
39.9100,607.5325
39.9200,608.0150
39.9300,575.9775
39.9400,553.0000
39.9500,533.0125
39.9600,481.9075
39.9700,487.4675
39.9800,487.1750
39.9900,489.4900
40.0000,473.0750
40.0100,461.5450
40.0200,505.0650
40.0300,476.7450
40.0400,408.1275
40.0500,385.4250
40.0600,408.6075
40.0700,413.3325
40.0800,424.5500
40.0900,457.4875
40.1000,407.3350
40.1100,402.2625
40.1200,450.8625
40.1300,479.5550
40.1400,452.6250
40.1500,432.7175
40.1600,402.1250
40.1700,374.3825
40.1800,422.8850
40.1900,450.0225
40.2000,386.6300
40.2100,392.7750
40.2200,396.6675
40.2300,416.0775
40.2400,447.7100
40.2500,447.7950
40.2600,432.8325
40.2700,424.4700
40.2800,437.1475
40.2900,456.5650
40.3000,451.7225
40.3100,427.9450
40.3200,415.0700
40.3300,416.0850
40.3400,446.9225
40.3500,489.0650
40.3600,521.3850
40.3700,488.2450
40.3800,480.0000
40.3900,490.9625
40.4000,482.3800
40.4100,518.3075
40.4200,532.1350
40.4300,506.0100
40.4400,502.7300
40.4500,497.8775
40.4600,518.4750
40.4700,542.4025
40.4800,535.7775
40.4900,533.3325
40.5000,544.2050
40.5100,571.1100
40.5200,603.8075
40.5300,612.7125
40.5400,583.5225
40.5500,590.2075
40.5600,658.2750
40.5700,627.3675
40.5800,597.7525
40.5900,652.7300
40.6000,658.5725
40.6100,629.7075
40.6200,677.2100
40.6300,770.7550
40.6400,849.1750
40.6500,876.7725
40.6600,885.3725
40.6700,1004.7550
40.6800,1199.6050
40.6900,1282.8775
40.7000,1381.7000
40.7100,1550.5025
40.7200,1755.1150
40.7300,1908.8825
40.7400,2115.5425
40.7500,2250.7050
40.7600,2353.3075
40.7700,2514.5150
40.7800,2544.6775
40.7900,2532.6950
40.8000,2673.5225
40.8100,2667.5075
40.8200,2728.3200
40.8300,2810.3100
40.8400,2871.7150
40.8500,2915.1075
40.8600,2764.5800
40.8700,2593.7825
40.8800,2530.9400
40.8900,2502.2150
40.9000,2451.8225
40.9100,2387.2800
40.9200,2246.9000
40.9300,2102.7875
40.9400,1899.7500
40.9500,1761.3500
40.9600,1639.5000
40.9700,1539.8575
40.9800,1493.7775
40.9900,1473.5650
41.0000,1268.3975
41.0100,1155.7750
41.0200,1113.8575
41.0300,1054.4200
41.0400,972.1300
41.0500,919.4250
41.0600,883.9350
41.0700,788.1150
41.0800,760.7300
41.0900,702.7875
41.1000,606.1100
41.1100,549.5775
41.1200,545.1900
41.1300,528.5175
41.1400,523.3325
41.1500,500.0350
41.1600,488.1600
41.1700,502.1750
41.1800,478.2550
41.1900,475.1625
41.2000,463.7725
41.2100,429.0750
41.2200,427.7250
41.2300,409.4150
41.2400,418.7600
41.2500,451.5950
41.2600,485.6750
41.2700,485.6375
41.2800,496.1500
41.2900,484.6300
41.3000,459.5225
41.3100,453.3325
41.3200,440.5550
41.3300,434.1125
41.3400,446.0925
41.3500,457.6500
41.3600,465.0950
41.3700,423.3825
41.3800,420.1775
41.3900,443.6725
41.4000,419.5150
41.4100,458.2300
41.4200,491.0900
41.4300,448.5100
41.4400,405.4725
41.4500,454.8750
41.4600,465.7475
41.4700,450.6975
41.4800,466.8675
41.4900,511.1800
41.5000,488.0375
41.5100,479.1850
41.5200,480.0000
41.5300,512.7000
41.5400,538.4150
41.5500,515.7050
41.5600,506.6675
41.5700,509.1750
41.5800,527.5425
41.5900,480.7475
41.6000,458.3300
41.6100,509.1725
41.6200,519.1725
41.6300,509.1775
41.6400,514.1500
41.6500,506.6950
41.6600,525.7500
41.6700,508.4450
41.6800,475.1300
41.6900,503.9425
41.7000,462.0350
41.7100,453.2575
41.7200,471.5425
41.7300,489.0550
41.7400,446.2950
41.7500,430.0000
41.7600,494.2700
41.7700,482.0850
41.7800,470.0000
41.7900,484.7975
41.8000,457.9625
41.8100,466.3675
41.8200,507.7825
41.8300,517.5400
41.8400,536.3225
41.8500,582.6150
41.8600,599.1200
41.8700,612.2575
41.8800,611.7675
41.8900,688.3225
41.9000,765.5800
41.9100,822.4350
41.9200,851.3175
41.9300,885.9475
41.9400,908.8575
41.9500,962.0625
41.9600,997.0425
41.9700,1015.4975
41.9800,1078.3400
41.9900,1112.1450
42.0000,1157.9275
42.0100,1185.4600
42.0200,1199.6950
42.0300,1191.2250
42.0400,1237.4825
42.0500,1280.8450
42.0600,1261.0075
42.0700,1257.2425
42.0800,1264.8250
42.0900,1206.4025
42.1000,1168.8800
42.1100,1088.7200
42.1200,1081.6450
42.1300,1080.3875
42.1400,1055.0550
42.1500,1008.2750
42.1600,959.7650
42.1700,874.7900
42.1800,796.3925
42.1900,788.6275
42.2000,747.9150
42.2100,696.5600
42.2200,735.8425
42.2300,718.5075
42.2400,629.4575
42.2500,569.0425
42.2600,606.6350
42.2700,598.1350
42.2800,603.2975
42.2900,572.0150
42.3000,532.9450
42.3100,587.3325
42.3200,629.9125
42.3300,610.6325
42.3400,595.2700
42.3500,645.3225
42.3600,638.3300
42.3700,629.0250
42.3800,667.7225
42.3900,732.8075
42.4000,703.8975
42.4100,692.7425
42.4200,710.7700
42.4300,723.7125
42.4400,707.8925
42.4500,772.6975
42.4600,789.2725
42.4700,778.6500
42.4800,807.0825
42.4900,866.7600
42.5000,856.2975
42.5100,855.0050
42.5200,885.6575
42.5300,926.9675
42.5400,970.2775
42.5500,932.1350
42.5600,912.3250
42.5700,866.8600
42.5800,900.0700
42.5900,955.8150
42.6000,937.5425
42.6100,879.3175
42.6200,834.5375
42.6300,888.0975
42.6400,875.0650
42.6500,808.1675
42.6600,800.5125
42.6700,783.6075
42.6800,830.9375
42.6900,849.7600
42.7000,837.4650
42.7100,819.5400
42.7200,762.7975
42.7300,659.6625
42.7400,641.6825
42.7500,686.6700
42.7600,646.0800
42.7700,606.2700
42.7800,593.1400
42.7900,564.8675
42.8000,548.7675
42.8100,587.7300
42.8200,567.9125
42.8300,490.7750
42.8400,497.4750
42.8500,513.3325
42.8600,486.0625
42.8700,489.2300
42.8800,469.4375
42.8900,438.5275
42.9000,439.0625
42.9100,443.3325
42.9200,443.3325
42.9300,447.8550
42.9400,454.5175
42.9500,454.4100
42.9600,439.8025
42.9700,442.3475
42.9800,462.4300
42.9900,458.7500
43.0000,466.8225
43.0100,484.5675
43.0200,507.9600
43.0300,516.6675
43.0400,500.9775
43.0500,484.3750
43.0600,459.8575
43.0700,496.9625
43.0800,531.1725
43.0900,489.7750
43.1000,462.2050
43.1100,480.0650
43.1200,496.6825
43.1300,504.4525
43.1400,497.7700
43.1500,482.2200
43.1600,478.8875
43.1700,473.3425
43.1800,463.3475
43.1900,464.4325
43.2000,429.0275
43.2100,423.2750
43.2200,456.5300
43.2300,476.6275
43.2400,471.1700
43.2500,429.1700
43.2600,429.8350
43.2700,455.4150
43.2800,476.5375
43.2900,474.5375
43.3000,472.1975
43.3100,466.7475
43.3200,478.6900
43.3300,548.0475
43.3400,562.4750
43.3500,538.0125
43.3600,521.2525
43.3700,536.3350
43.3800,566.3200
43.3900,559.2100
43.4000,539.0975
43.4100,555.1225
43.4200,599.3225
43.4300,621.0175
43.4400,592.9000
43.4500,561.4625
43.4600,592.4025
43.4700,645.8650
43.4800,643.8300
43.4900,566.2025
43.5000,540.8200
43.5100,579.1000
43.5200,637.7175
43.5300,573.6450
43.5400,569.8100
43.5500,625.6675
43.5600,632.5650
43.5700,635.2750
43.5800,657.2050
43.5900,651.6250
43.6000,679.8375
43.6100,704.2925
43.6200,689.5150
43.6300,680.0000
43.6400,709.9700
43.6500,737.3625
43.6600,751.8825
43.6700,816.4700
43.6800,828.6575
43.6900,803.8700
43.7000,856.3325
43.7100,864.4475
43.7200,841.4900
43.7300,877.0625
43.7400,885.1300
43.7500,902.1400
43.7600,895.4550
43.7700,902.4100
43.7800,902.7425
43.7900,869.1550
43.8000,882.9400
43.8100,891.5475
43.8200,888.7775
43.8300,887.8900
43.8400,876.1250
43.8500,840.5075
43.8600,812.8075
43.8700,834.0125
43.8800,812.1675
43.8900,798.4000
43.9000,799.1350
43.9100,765.2100
43.9200,784.3850
43.9300,773.1650
43.9400,749.1500
43.9500,713.2150
43.9600,722.5800
43.9700,796.3625
43.9800,850.8600
43.9900,867.5025
44.0000,865.8350
44.0100,875.8200
44.0200,929.0825
44.0300,987.8350
44.0400,1033.6600
44.0500,1091.4950
44.0600,1106.3000
44.0700,1035.7800
44.0800,1031.8575
44.0900,1121.5925
44.1000,1142.6650
44.1100,1080.4325
44.1200,1083.0200
44.1300,1175.5100
44.1400,1193.2125
44.1500,1123.1300
44.1600,1100.2875
44.1700,1098.4425
44.1800,1107.7150
44.1900,1098.1925
44.2000,1033.3350
44.2100,963.1050
44.2200,950.2400
44.2300,962.8075
44.2400,935.9925
44.2500,904.4050
44.2600,894.6250
44.2700,868.8500
44.2800,887.9925
44.2900,891.6650
44.3000,877.9650
44.3100,874.6325
44.3200,867.2350
44.3300,836.9300
44.3400,785.4975
44.3500,775.5025
44.3600,795.4925
44.3700,805.3575
44.3800,737.8700
44.3900,737.8150
44.4000,758.5850
44.4100,745.2575
44.4200,762.1900
44.4300,738.3675
44.4400,723.4050
44.4500,725.9750
44.4600,713.2775
44.4700,698.6275
44.4800,663.2100
44.4900,621.2600
44.5000,632.7325
44.5100,637.9775
44.5200,597.9675
44.5300,580.6675
44.5400,595.3275
44.5500,613.3200
44.5600,631.9750
44.5700,655.9575
44.5800,648.7300
44.5900,586.8775
44.6000,557.3125
44.6100,550.0575
44.6200,535.3850
44.6300,524.0425
44.6400,539.8400
44.6500,525.5775
44.6600,490.8175
44.6700,485.9375
44.6800,497.9125
44.6900,485.5450
44.7000,445.6825
44.7100,448.3750
44.7200,508.6925
44.7300,506.5000
44.7400,447.8875
44.7500,413.4950
44.7600,432.2275
44.7700,471.6125
44.7800,472.9250
44.7900,451.5625
44.8000,449.2150
44.8100,478.7975
44.8200,504.4950
44.8300,502.1775
44.8400,490.8025
44.8500,486.6675
44.8600,494.4725
44.8700,525.3500
44.8800,518.0025
44.8900,515.5775
44.9000,551.9600
44.9100,591.3850
44.9200,626.0950
44.9300,618.6450
44.9400,611.0925
44.9500,589.5300
44.9600,581.6225
44.9700,603.5475
44.9800,593.9925
44.9900,620.5850
45.0000,644.2075
45.0100,626.4925
45.0200,599.3125
45.0300,561.6175
45.0400,535.6325
45.0500,531.9250
45.0600,541.0225
45.0700,525.5350
45.0800,475.4475
45.0900,446.1625
45.1000,431.8325
45.1100,430.9950
45.1200,453.8925
45.1300,485.7925
45.1400,492.3550
45.1500,446.5625
45.1600,401.4000
45.1700,428.1375
45.1800,424.2750
45.1900,400.0000
45.2000,434.2475
45.2100,431.4825
45.2200,415.7000
45.2300,429.4925
45.2400,417.6975
45.2500,388.1700
45.2600,397.5025
45.2700,411.4400
45.2800,406.2175
45.2900,414.6725
45.3000,427.1100
45.3100,446.9850
45.3200,456.2275
45.3300,442.0275
45.3400,448.3975
45.3500,469.4075
45.3600,478.5475
45.3700,489.3950
45.3800,479.7700
45.3900,474.1700
45.4000,506.2450
45.4100,534.1600
45.4200,508.1775
45.4300,494.5575
45.4400,510.8100
45.4500,522.2700
45.4600,545.3300
45.4700,511.5100
45.4800,491.9700
45.4900,493.6300
45.5000,487.0550
45.5100,504.8775
45.5200,546.3975
45.5300,575.5700
45.5400,567.0125
45.5500,539.9800
45.5600,508.1400
45.5700,509.9950
45.5800,556.6350
45.5900,585.1825
45.6000,584.8200
45.6100,598.1000
45.6200,622.9125
45.6300,651.7650
45.6400,694.2950
45.6500,746.1150
45.6600,799.4275
45.6700,821.4950
45.6800,816.3275
45.6900,859.2150
45.7000,929.6775
45.7100,973.1600
45.7200,1026.9550
45.7300,1087.4475
45.7400,1113.6575
45.7500,1155.0375
45.7600,1197.6225
45.7700,1221.2625
45.7800,1251.5650
45.7900,1273.9550
45.8000,1303.6675
45.8100,1323.3325
45.8200,1314.2425
45.8300,1337.5500
45.8400,1359.7025
45.8500,1338.5250
45.8600,1323.3325
45.8700,1265.3675
45.8800,1222.0975
45.8900,1230.2850
45.9000,1175.4925
45.9100,1132.0850
45.9200,1082.5200
45.9300,989.7725
45.9400,939.1850
45.9500,928.2000
45.9600,914.0675
45.9700,874.5575
45.9800,866.1750
45.9900,847.6750
46.0000,782.3150
46.0100,733.8600
46.0200,711.0400
46.0300,683.6350
46.0400,661.2975
46.0500,620.9050
46.0600,595.3600
46.0700,594.6425
46.0800,577.5100
46.0900,547.0525
46.1000,512.1825
46.1100,482.4225
46.1200,475.3375
46.1300,456.8875
46.1400,452.6575
46.1500,456.0150
46.1600,462.6350
46.1700,471.3475
46.1800,454.2650
46.1900,425.6300
46.2000,394.0775
46.2100,376.4650
46.2200,405.1325
46.2300,415.6800
46.2400,384.1225
46.2500,370.0000
46.2600,399.9475
46.2700,417.8650
46.2800,397.6875
46.2900,388.4250
46.3000,409.3225
46.3100,447.7325
46.3200,436.8450
46.3300,427.5300
46.3400,422.3125
46.3500,440.0925
46.3600,464.5875
46.3700,405.9750
46.3800,387.9475
46.3900,439.5150
46.4000,452.8675
46.4100,462.5075
46.4200,483.4825
46.4300,479.7050
46.4400,476.8125
46.4500,483.4775
46.4600,519.6700
46.4700,576.0375
46.4800,600.0000
46.4900,613.8675
46.5000,597.2200
46.5100,595.9650
46.5200,644.2175
46.5300,678.7675
46.5400,646.8175
46.5500,637.7375
46.5600,683.9150
46.5700,727.5800
46.5800,713.7150
46.5900,650.8475
46.6000,649.0275
46.6100,671.7200
46.6200,669.8975
46.6300,668.3825
46.6400,647.7000
46.6500,606.0950
46.6600,576.3875
46.6700,580.3625
46.6800,565.9625
46.6900,531.4525
46.7000,506.2500
46.7100,522.4350
46.7200,551.6275
46.7300,531.2475
46.7400,511.6300
46.7500,498.0825
46.7600,464.5500
46.7700,455.2350
46.7800,449.6775
46.7900,435.0300
46.8000,424.7900
46.8100,437.0700
46.8200,448.1400
46.8300,428.2000
46.8400,413.2325
46.8500,403.2850
46.8600,420.2775
46.8700,419.7375
46.8800,391.5625
46.8900,408.6275
46.9000,433.3325
46.9100,406.3900
46.9200,385.0475
46.9300,426.9975
46.9400,436.4425
46.9500,386.4875
46.9600,370.0475
46.9700,381.6975
46.9800,408.4550
46.9900,424.9750
47.0000,416.6525
47.0100,408.3150
47.0200,413.3625
47.0300,428.3450
47.0400,445.0175
47.0500,463.3400
47.0600,459.9975
47.0700,421.6775
47.0800,380.0150
47.0900,378.3125
47.1000,403.3025
47.1100,401.7125
47.1200,388.3275
47.1300,408.2525
47.1400,426.6675
47.1500,434.9525
47.1600,466.5175
47.1700,488.3450
47.1800,488.3200
47.1900,511.4850
47.2000,536.6375
47.2100,525.1450
47.2200,481.9575
47.2300,451.6850
47.2400,476.3575
47.2500,500.0400
47.2600,503.2475
47.2700,511.6450
47.2800,513.3325
47.2900,533.0375
47.3000,553.3325
47.3100,528.7375
47.3200,514.8050
47.3300,529.9425
47.3400,510.4225
47.3500,486.6675
47.3600,498.1075
47.3700,514.9000
47.3800,490.6175
47.3900,451.8450
47.4000,456.3750
47.4100,468.3700
47.4200,453.6425
47.4300,454.6425
47.4400,478.1300
47.4500,468.7925
47.4600,453.2475
47.4700,453.4200
47.4800,462.9750
47.4900,468.5625
47.5000,437.3250
47.5100,418.1900
47.5200,410.3925
47.5300,406.3650
47.5400,457.0550
47.5500,493.5425
47.5600,475.3725
47.5700,460.1075
47.5800,455.0550
47.5900,467.8275
47.6000,510.6925
47.6100,535.1750
47.6200,538.0375
47.6300,530.6025
47.6400,540.6225
47.6500,602.0850
47.6600,644.6825
47.6700,672.5600
47.6800,683.7250
47.6900,678.1350
47.7000,683.3325
47.7100,692.9225
47.7200,728.8875
47.7300,747.0900
47.7400,727.0950
47.7500,692.7525
47.7600,700.1250
47.7700,688.9000
47.7800,646.2150
47.7900,674.1600
47.8000,669.4950
47.8100,656.0400
47.8200,649.3650
47.8300,637.7700
47.8400,624.6350
47.8500,579.2400
47.8600,553.6675
47.8700,543.5025
47.8800,538.4175
47.8900,525.6050
47.9000,518.0725
47.9100,520.1775
47.9200,507.2025
47.9300,455.6775
47.9400,433.6325
47.9500,485.1925
47.9600,491.3025
47.9700,491.8275
47.9800,482.2800
47.9900,433.7175
48.0000,415.6775
48.0100,401.7650
48.0200,421.9500
48.0300,432.5650
48.0400,410.4025
48.0500,406.4625
48.0600,402.1800
48.0700,382.3925
48.0800,394.9950
48.0900,420.2100
48.1000,413.5450
48.1100,405.3225
48.1200,406.2325
48.1300,428.9075
48.1400,431.1025
48.1500,416.4450
48.1600,418.4450
48.1700,415.1125
48.1800,414.8850
48.1900,438.3925
48.2000,464.8850
48.2100,440.3175
48.2200,430.1375
48.2300,461.0750
48.2400,477.7350
48.2500,505.2225
48.2600,539.0300
48.2700,519.3550
48.2800,486.1750
48.2900,487.1625
48.3000,500.0425
48.3100,544.9050
48.3200,585.3975
48.3300,603.3325
48.3400,603.3325
48.3500,629.4650
48.3600,689.1875
48.3700,700.3025
48.3800,679.4700
48.3900,679.0000
48.4000,692.9900
48.4100,689.3650
48.4200,667.1100
48.4300,687.9225
48.4400,722.3850
48.4500,790.2875
48.4600,842.2175
48.4700,841.4025
48.4800,846.2175
48.4900,836.7425
48.5000,765.9050
48.5100,740.9475
48.5200,751.5225
48.5300,748.7700
48.5400,722.0500
48.5500,705.7825
48.5600,699.9625
48.5700,666.3400
48.5800,660.6175
48.5900,630.8875
48.6000,573.9400
48.6100,553.0400
48.6200,553.3125
48.6300,547.6225
48.6400,507.5975
48.6500,493.6450
48.6600,503.5900
48.6700,518.4900
48.6800,509.1250
48.6900,481.9125
48.7000,455.4800
48.7100,450.0000
48.7200,451.5050
48.7300,438.2950
48.7400,409.4775
48.7500,395.1650
48.7600,388.8300
48.7700,389.3350
48.7800,386.1675
48.7900,377.8300
48.8000,372.8475
48.8100,361.4975
48.8200,363.3325
48.8300,361.8375
48.8400,354.0200
48.8500,367.5800
48.8600,387.3600
48.8700,391.9375
48.8800,384.2950
48.8900,384.9875
48.9000,433.4075
48.9100,448.5100
48.9200,446.6675
48.9300,440.7175
48.9400,448.1975
48.9500,475.5800
48.9600,504.4850
48.9700,508.8575
48.9800,465.9000
48.9900,478.5425
49.0000,537.0375
49.0100,527.7875
49.0200,501.4800
49.0300,494.4575
49.0400,512.9025
49.0500,527.8350
49.0600,520.6750
49.0700,565.8550
49.0800,604.7525
49.0900,613.0125
49.1000,598.5275
49.1100,571.6275
49.1200,567.9700
49.1300,613.6325
49.1400,632.5475
49.1500,656.1675
49.1600,676.6675
49.1700,682.5400
49.1800,672.3925
49.1900,620.6675
49.2000,595.0600
49.2100,621.7200
49.2200,655.7025
49.2300,650.7300
49.2400,604.5575
49.2500,606.4900
49.2600,624.7950
49.2700,623.7450
49.2800,608.3225
49.2900,584.5800
49.3000,586.4575
49.3100,585.8450
49.3200,574.9850
49.3300,587.0875
49.3400,584.7875
49.3500,593.9375
49.3600,574.2625
49.3700,517.7800
49.3800,525.2775
49.3900,585.5325
49.4000,578.0875
49.4100,517.8200
49.4200,486.0875
49.4300,475.2175
49.4400,468.9900
49.4500,450.3125
49.4600,430.4400
49.4700,425.2225
49.4800,426.2225
49.4900,448.7700
49.5000,466.1175
49.5100,442.2425
49.5200,437.7500
49.5300,455.2250
49.5400,454.7725
49.5500,450.9075
49.5600,446.2100
49.5700,451.4375
49.5800,436.0850
49.5900,429.1350
49.6000,451.4350
49.6100,438.9825
49.6200,421.4350
49.6300,430.5025
49.6400,441.4325
49.6500,460.5200
49.6600,463.2925
49.6700,440.9600
49.6800,430.9350
49.6900,401.4225
49.7000,394.2850
49.7100,414.2800
49.7200,454.7425
49.7300,473.3475
49.7400,440.0375
49.7500,414.7575
49.7600,436.6100
49.7700,456.2150
49.7800,442.3975
49.7900,433.8225
49.8000,418.6250
49.8100,409.0175
49.8200,428.0300
49.8300,429.1375
49.8400,418.5150
49.8500,425.7450
49.8600,408.6600
49.8700,383.4150
49.8800,386.9950
49.8900,407.1700
49.9000,407.5775
49.9100,413.3325
49.9200,400.6125
49.9300,370.6175
49.9400,368.8675
49.9500,380.1200
49.9600,361.0225
49.9700,373.0750
49.9800,400.0000
49.9900,400.0000
50.0000,400.0000
