#Intensity_unit=cps
#Attenuator_coefficient=1.0000
10.0000,965.1825
10.0100,981.8425
10.0200,971.1975
10.0300,951.8025
10.0400,971.2225
10.0500,903.6275
10.0600,981.4925
10.0700,1017.2550
10.0800,932.2125
10.0900,923.3325
10.1000,941.4825
10.1100,907.0500
10.1200,942.6250
10.1300,976.8800
10.1400,970.9400
10.1500,921.6975
10.1600,934.7725
10.1700,984.9300
10.1800,983.9700
10.1900,941.1350
10.2000,996.9250
10.2100,958.1575
10.2200,995.4825
10.2300,1018.0575
10.2400,962.8450
10.2500,974.7075
10.2600,976.6675
10.2700,931.5975
10.2800,887.6225
10.2900,871.3250
10.3000,936.0225
10.3100,961.3325
10.3200,990.3200
10.3300,1026.3050
10.3400,949.1050
10.3500,898.0725
10.3600,911.2950
10.3700,961.2125
10.3800,924.7900
10.3900,925.9800
10.4000,965.5200
10.4100,964.0250
10.4200,873.7425
10.4300,964.8275
10.4400,961.7475
10.4500,989.8275
10.4600,978.4250
10.4700,917.0625
10.4800,924.8950
10.4900,899.8675
10.5000,932.3850
10.5100,939.6425
10.5200,969.7400
10.5300,919.8225
10.5400,839.0450
10.5500,877.5250
10.5600,927.8675
10.5700,939.2700
10.5800,922.2000
10.5900,902.2075
10.6000,888.1450
10.6100,942.9600
10.6200,944.0775
10.6300,928.5325
10.6400,956.2575
10.6500,954.0850
10.6600,941.5075
10.6700,883.8525
10.6800,915.0675
10.6900,884.5675
10.7000,918.3675
10.7100,946.9350
10.7200,935.2550
10.7300,930.3850
10.7400,909.3750
10.7500,888.9975
10.7600,874.8925
10.7700,876.2750
10.7800,923.7250
10.7900,930.0000
10.8000,935.8775
10.8100,930.7925
10.8200,965.2325
10.8300,911.3050
10.8400,956.1350
10.8500,966.2650
10.8600,875.8100
10.8700,901.4175
10.8800,921.3075
10.8900,958.4575
10.9000,963.3325
10.9100,937.0150
10.9200,936.2575
10.9300,965.8825
10.9400,908.6725
10.9500,902.9200
10.9600,915.0050
10.9700,939.9975
10.9800,925.8425
10.9900,885.4525
11.0000,853.7875
11.0100,864.5550
11.0200,892.8550
11.0300,870.4900
11.0400,898.6450
11.0500,882.9925
11.0600,845.1450
11.0700,900.9675
11.0800,898.3925
11.0900,940.1750
11.1000,926.3725
11.1100,934.9250
11.1200,980.1150
11.1300,920.0775
11.1400,910.0000
11.1500,800.0825
11.1600,768.8775
11.1700,810.0150
11.1800,868.6600
11.1900,911.3125
11.2000,910.8950
11.2100,930.1900
11.2200,918.9175
11.2300,867.6775
11.2400,796.6325
11.2500,873.0375
11.2600,918.3200
11.2700,906.0750
11.2800,888.9575
11.2900,915.4025
11.3000,902.7675
11.3100,882.7750
11.3200,931.6500
11.3300,896.9775
11.3400,861.3325
11.3500,839.4750
11.3600,845.2575
11.3700,903.9200
11.3800,884.7200
11.3900,951.4975
11.4000,889.0125
11.4100,805.2400
11.4200,870.4375
11.4300,900.4600
11.4400,849.1275
11.4500,828.5950
11.4600,895.0700
11.4700,932.3050
11.4800,930.9725
11.4900,907.2325
11.5000,857.8200
11.5100,841.4700
11.5200,885.4675
11.5300,873.4500
11.5400,858.6450
11.5500,879.3675
11.5600,900.3500
11.5700,863.6475
11.5800,899.1675
11.5900,934.9850
11.6000,948.4925
11.6100,913.2225
11.6200,852.9400
11.6300,868.7700
11.6400,850.7350
11.6500,804.3150
11.6600,867.2175
11.6700,871.5375
11.6800,889.7350
11.6900,949.6900
11.7000,889.5925
11.7100,797.8500
11.7200,850.8575
11.7300,849.2725
11.7400,832.6125
11.7500,835.6175
11.7600,836.6675
11.7700,912.4375
11.7800,926.6675
11.7900,884.6150
11.8000,882.2700
11.8100,872.1300
11.8200,847.6075
11.8300,840.5350
11.8400,873.5550
11.8500,896.7675
11.8600,894.4125
11.8700,865.4150
11.8800,823.7250
11.8900,836.1900
11.9000,817.7000
11.9100,852.3375
11.9200,860.0000
11.9300,829.3850
11.9400,906.7825
11.9500,873.2900
11.9600,821.6525
11.9700,866.1025
11.9800,862.7875
11.9900,882.1950
12.0000,928.2600
12.0100,861.8400
12.0200,818.9675
12.0300,799.4900
12.0400,818.8025
12.0500,826.1000
12.0600,837.7225
12.0700,862.1000
12.0800,885.9950
12.0900,873.4425
12.1000,842.4200
12.1100,817.3700
12.1200,821.5975
12.1300,837.1025
12.1400,793.2150
12.1500,838.3450
12.1600,836.2550
12.1700,789.3725
12.1800,856.8925
12.1900,881.5675
12.2000,894.3050
12.2100,858.2850
12.2200,896.5825
12.2300,873.8025
12.2400,894.0375
12.2500,831.6100
12.2600,846.7425
12.2700,847.8675
12.2800,827.5500
12.2900,869.7350
12.3000,819.9825
12.3100,828.4800
12.3200,846.9575
12.3300,871.7875
12.3400,873.9450
12.3500,908.7000
12.3600,949.2950
12.3700,972.9700
12.3800,984.8150
12.3900,1011.0950
12.4000,1049.2200
12.4100,1081.0675
12.4200,1089.3775
12.4300,1206.4525
12.4400,1387.6150
12.4500,1436.8600
12.4600,1577.8850
12.4700,1715.3800
12.4800,1826.4175
12.4900,1943.8300
12.5000,2036.8000
12.5100,2047.9425
12.5200,2019.7225
12.5300,1991.7900
12.5400,1911.3125
12.5500,1678.1575
12.5600,1597.0975
12.5700,1498.6550
12.5800,1299.4550
12.5900,1235.2000
12.6000,1270.2300
12.6100,1170.1050
12.6200,1071.0050
12.6300,1109.5550
12.6400,1120.6575
12.6500,1101.2825
12.6600,1136.7550
12.6700,1189.4025
12.6800,1237.3725
12.6900,1246.6675
12.7000,1353.3175
12.7100,1547.8750
12.7200,1675.2200
12.7300,1683.3600
12.7400,1775.7575
12.7500,1882.4100
12.7600,1961.7825
12.7700,1910.2875
12.7800,1845.5675
12.7900,1711.3400
12.8000,1611.0875
12.8100,1452.9425
12.8200,1329.3075
12.8300,1235.2325
12.8400,1126.7675
12.8500,1050.4825
12.8600,989.1300
12.8700,1013.6175
12.8800,1007.5075
12.8900,947.9750
12.9000,970.2175
12.9100,980.0000
12.9200,945.7925
12.9300,876.1825
12.9400,857.3725
12.9500,843.5350
12.9600,884.6225
12.9700,838.9550
12.9800,760.4125
12.9900,829.7950
13.0000,842.8600
13.0100,853.0850
13.0200,830.5150
13.0300,791.9700
13.0400,757.2150
13.0500,791.7650
13.0600,772.0300
13.0700,763.3325
13.0800,758.1225
13.0900,780.1000
13.1000,843.9150
13.1100,841.7950
13.1200,792.4850
13.1300,813.7650
13.1400,831.1200
13.1500,835.9275
13.1600,805.5575
13.1700,786.3025
13.1800,822.1700
13.1900,864.3825
13.2000,826.7875
13.2100,810.7500
13.2200,802.2525
13.2300,797.4200
13.2400,778.6125
13.2500,781.0650
13.2600,796.2125
13.2700,769.1075
13.2800,796.0175
13.2900,865.8000
13.3000,867.9175
13.3100,794.0050
13.3200,804.1250
13.3300,841.5425
13.3400,796.1825
13.3500,777.4400
13.3600,792.0225
13.3700,791.5500
13.3800,754.2150
13.3900,743.3325
13.4000,773.9650
13.4100,737.4150
13.4200,741.1800
13.4300,802.7150
13.4400,751.2575
13.4500,765.6200
13.4600,855.4900
13.4700,841.8850
13.4800,769.0575
13.4900,747.4625
13.5000,820.2100
13.5100,812.9225
13.5200,778.0075
13.5300,719.3825
13.5400,758.9750
13.5500,758.9750
13.5600,705.3425
13.5700,732.9100
13.5800,814.7725
13.5900,803.8975
13.6000,735.3950
13.6100,774.5650
13.6200,780.7550
13.6300,754.0400
13.6400,754.2025
13.6500,786.7925
13.6600,774.0875
13.6700,746.6100
13.6800,777.5825
13.6900,769.9700
13.7000,790.8550
13.7100,832.5050
13.7200,763.3775
13.7300,741.6600
13.7400,728.3625
13.7500,738.2950
13.7600,730.8750
13.7700,731.6475
13.7800,718.4025
13.7900,688.4675
13.8000,724.7275
13.8100,769.7975
13.8200,757.6675
13.8300,782.2350
13.8400,751.2075
13.8500,758.9525
13.8600,761.7175
13.8700,698.1825
13.8800,765.6225
13.8900,813.9525
13.9000,780.5200
13.9100,714.8850
13.9200,750.8750
13.9300,770.0000
13.9400,755.2375
13.9500,784.4225
13.9600,764.7250
13.9700,731.2350
13.9800,725.7875
13.9900,758.5400
14.0000,784.7000
14.0100,772.8625
14.0200,739.7550
14.0300,725.1100
14.0400,711.1175
14.0500,743.2875
14.0600,778.6225
14.0700,764.7250
14.0800,766.4100
14.0900,728.6175
14.1000,713.3325
14.1100,747.3650
14.1200,752.7125
14.1300,737.8625
14.1400,750.3125
14.1500,773.6325
14.1600,801.7975
14.1700,800.3200
14.1800,782.1575
14.1900,759.7500
14.2000,772.6525
14.2100,808.9575
14.2200,824.8225
14.2300,838.7150
14.2400,831.2950
14.2500,768.9225
14.2600,751.4750
14.2700,779.7600
14.2800,765.9950
14.2900,766.2625
14.3000,781.9850
14.3100,779.4800
14.3200,776.6675
14.3300,712.0925
14.3400,696.2250
14.3500,788.3600
14.3600,849.5825
14.3700,809.9250
14.3800,754.2600
14.3900,773.3325
14.4000,796.1825
14.4100,757.2100
14.4200,728.1225
14.4300,754.1900
14.4400,769.0375
14.4500,781.8500
14.4600,784.2975
14.4700,757.3025
14.4800,713.5625
14.4900,740.1675
14.5000,754.3050
14.5100,722.6625
14.5200,712.3575
14.5300,701.5550
14.5400,701.3750
14.5500,710.3900
14.5600,696.8825
14.5700,690.0000
14.5800,722.8500
14.5900,755.4250
14.6000,746.9325
14.6100,770.4325
14.6200,745.9075
14.6300,751.0350
14.6400,809.0450
14.6500,811.3300
14.6600,789.3425
14.6700,732.0725
14.6800,798.4700
14.6900,806.4250
14.7000,774.7375
14.7100,773.6350
14.7200,785.9500
14.7300,810.8700
14.7400,815.3650
14.7500,783.2350
14.7600,760.7450
14.7700,756.6675
14.7800,768.2150
14.7900,805.6450
14.8000,806.1625
14.8100,816.1300
14.8200,807.2175
14.8300,781.5950
14.8400,766.4375
14.8500,749.5525
14.8600,734.1525
14.8700,791.9125
14.8800,865.8250
14.8900,882.0875
14.9000,827.3875
14.9100,743.9075
14.9200,778.3275
14.9300,818.0750
14.9400,843.8525
14.9500,835.1075
14.9600,790.2450
14.9700,764.2350
14.9800,755.4550
14.9900,798.7475
15.0000,810.9250
15.0100,783.9975
15.0200,839.0200
15.0300,881.3150
15.0400,855.0075
15.0500,830.9625
15.0600,810.8650
15.0700,792.0550
15.0800,806.9500
15.0900,789.6450
15.1000,794.6675
15.1100,742.6350
15.1200,744.7800
15.1300,782.4425
15.1400,777.6375
15.1500,792.4050
15.1600,763.0375
15.1700,716.4925
15.1800,678.7500
15.1900,684.5300
15.2000,722.3375
15.2100,750.0425
15.2200,756.6675
15.2300,754.4425
15.2400,733.3225
15.2500,696.6750
15.2600,678.8950
15.2700,685.5375
15.2800,685.5675
15.2900,707.6875
15.3000,704.5150
15.3100,656.8850
15.3200,683.0375
15.3300,733.1425
15.3400,740.0525
15.3500,699.2250
15.3600,693.2025
15.3700,702.1975
15.3800,663.7925
15.3900,669.6700
15.4000,757.8900
15.4100,744.0850
15.4200,683.8325
15.4300,681.9750
15.4400,674.7050
15.4500,651.3850
15.4600,636.7900
15.4700,646.4100
15.4800,694.7050
15.4900,707.9650
15.5000,698.9850
15.5100,687.9800
15.5200,659.4675
15.5300,670.5125
15.5400,676.8350
15.5500,666.8425
15.5600,676.3050
15.5700,702.7725
15.5800,724.1225
15.5900,684.7225
15.6000,679.3875
15.6100,694.3050
15.6200,675.1650
15.6300,678.3725
15.6400,733.8875
15.6500,736.4125
15.6600,674.0575
15.6700,668.0725
15.6800,694.9700
15.6900,671.2850
15.7000,636.2550
15.7100,607.4725
15.7200,664.8500
15.7300,667.1450
15.7400,616.8925
15.7500,627.6225
15.7600,630.5950
15.7700,629.6950
15.7800,646.0475
15.7900,693.5550
15.8000,710.3225
15.8100,685.5375
15.8200,681.7775
15.8300,671.9025
15.8400,673.8700
15.8500,707.3675
15.8600,702.3025
15.8700,681.5950
15.8800,664.0725
15.8900,646.1800
15.9000,644.1900
15.9100,655.0400
15.9200,683.0050
15.9300,692.4875
15.9400,679.5625
15.9500,654.5650
15.9600,645.4175
15.9700,675.8050
15.9800,664.2225
15.9900,665.3625
16.0000,653.8375
16.0100,621.3400
16.0200,643.1425
16.0300,700.5825
16.0400,702.6600
16.0500,696.1975
16.0600,697.9375
16.0700,713.1575
16.0800,729.5125
16.0900,706.5875
16.1000,694.1100
16.1100,674.0800
16.1200,649.7425
16.1300,649.4825
16.1400,657.4275
16.1500,668.1825
16.1600,691.7250
16.1700,674.7550
16.1800,675.0200
16.1900,680.5550
16.2000,688.8800
16.2100,694.6325
16.2200,673.0200
16.2300,668.1175
16.2400,651.0325
16.2500,671.0975
16.2600,667.0300
16.2700,635.8525
16.2800,636.7625
16.2900,631.2300
16.3000,641.4700
16.3100,659.3725
16.3200,653.2775
16.3300,642.6475
16.3400,690.1775
16.3500,731.3525
16.3600,712.6300
16.3700,702.6700
16.3800,678.6825
16.3900,654.0100
16.4000,659.9750
16.4100,668.6600
16.4200,679.9550
16.4300,658.8250
16.4400,669.8000
16.4500,719.7700
16.4600,680.5200
16.4700,640.0000
16.4800,641.9775
16.4900,671.0050
16.5000,701.8475
16.5100,688.3025
16.5200,691.0675
16.5300,705.3025
16.5400,728.2950
16.5500,751.1900
16.5600,691.9150
16.5700,642.7475
16.5800,638.0425
16.5900,689.4775
16.6000,709.0800
16.6100,710.3300
16.6200,655.6550
16.6300,627.5300
16.6400,653.6200
16.6500,674.9950
16.6600,669.7425
16.6700,661.9400
16.6800,638.1475
16.6900,649.0300
16.7000,671.9325
16.7100,607.6700
16.7200,563.8575
16.7300,605.2100
16.7400,656.4350
16.7500,681.0250
16.7600,663.6150
16.7700,629.3975
16.7800,626.2500
16.7900,654.3950
16.8000,647.0500
16.8100,639.5525
16.8200,642.8500
16.8300,643.8125
16.8400,667.6125
16.8500,652.8975
16.8600,649.0000
16.8700,634.8625
16.8800,636.0850
16.8900,617.3500
16.9000,603.2425
16.9100,651.1275
16.9200,646.0225
16.9300,648.2825
16.9400,694.4850
16.9500,688.8775
16.9600,638.0525
16.9700,635.8600
16.9800,672.0825
16.9900,658.5725
17.0000,602.9925
17.0100,602.8300
17.0200,653.2000
17.0300,654.2925
17.0400,640.3925
17.0500,617.2875
17.0600,604.1000
17.0700,622.9925
17.0800,670.4125
17.0900,685.1850
17.1000,654.8350
17.1100,621.5225
17.1200,625.1225
17.1300,643.6875
17.1400,657.7150
17.1500,646.4350
17.1600,615.3025
17.1700,586.8175
17.1800,602.6600
17.1900,606.5275
17.2000,600.9725
17.2100,631.9175
17.2200,677.3675
17.2300,685.4225
17.2400,658.7725
17.2500,637.5775
17.2600,684.4775
17.2700,659.2625
17.2800,592.7525
17.2900,586.6675
17.3000,597.5100
17.3100,621.1100
17.3200,629.7275
17.3300,641.0750
17.3400,676.7200
17.3500,673.3100
17.3600,630.0025
17.3700,615.3775
17.3800,609.2575
17.3900,616.0950
17.4000,656.7900
17.4100,697.8400
17.4200,707.9875
17.4300,673.0800
17.4400,682.2175
17.4500,665.3975
17.4600,632.2000
17.4700,615.2050
17.4800,589.7950
17.4900,576.0650
17.5000,626.6650
17.5100,662.3750
17.5200,660.7500
17.5300,652.2350
17.5400,656.1625
17.5500,683.6825
17.5600,675.9850
17.5700,686.0775
17.5800,701.4250
17.5900,689.6850
17.6000,681.5900
17.6100,662.5900
17.6200,643.1900
17.6300,620.8975
17.6400,638.0225
17.6500,685.5900
17.6600,667.1275
17.6700,636.6675
17.6800,628.0375
17.6900,599.3175
17.7000,616.1500
17.7100,631.0875
17.7200,597.8800
17.7300,605.6275
17.7400,633.5175
17.7500,648.5525
17.7600,629.3325
17.7700,613.5700
17.7800,618.2200
17.7900,611.6325
17.8000,613.4000
17.8100,621.7600
17.8200,609.7125
17.8300,613.6525
17.8400,662.0800
17.8500,666.3575
17.8600,634.9000
17.8700,623.2975
17.8800,606.5425
17.8900,606.7750
17.9000,636.7800
17.9100,655.0100
17.9200,641.6050
17.9300,651.7375
17.9400,661.6450
17.9500,658.3350
17.9600,713.2850
17.9700,741.7025
17.9800,708.4025
17.9900,698.2900
18.0000,678.5150
18.0100,673.1525
18.0200,701.6225
18.0300,691.8225
18.0400,689.8450
18.0500,701.6875
18.0600,685.2150
18.0700,665.0775
18.0800,641.9775
18.0900,618.4250
18.1000,644.3800
18.1100,657.0850
18.1200,649.7025
18.1300,612.8850
18.1400,568.1250
18.1500,596.1425
18.1600,642.5975
18.1700,676.4750
18.1800,652.6250
18.1900,637.7550
18.2000,640.5475
18.2100,629.7725
18.2200,638.2750
18.2300,620.7375
18.2400,630.4575
18.2500,676.1400
18.2600,677.2125
18.2700,655.3525
18.2800,676.9550
18.2900,690.8975
18.3000,692.2550
18.3100,743.6525
18.3200,798.6975
18.3300,826.6675
18.3400,867.7675
18.3500,1006.4675
18.3600,1201.4250
18.3700,1452.8700
18.3800,1797.6175
18.3900,2133.2225
18.4000,2529.6100
18.4100,3125.7525
18.4200,3876.0375
18.4300,4558.3575
18.4400,4931.7300
18.4500,5138.0400
18.4600,5136.5625
18.4700,4831.3225
18.4800,4377.4350
18.4900,3959.7925
18.5000,3456.4400
18.5100,2808.8350
18.5200,2308.6725
18.5300,1846.4375
18.5400,1496.8575
18.5500,1243.1675
18.5600,1073.2425
18.5700,1025.4125
18.5800,923.7975
18.5900,802.3750
18.6000,813.1250
18.6100,813.8625
18.6200,745.6800
18.6300,669.3825
18.6400,650.2875
18.6500,683.2900
18.6600,697.2975
18.6700,674.9325
18.6800,697.2875
18.6900,715.1200
18.7000,666.1675
18.7100,651.8350
18.7200,624.5775
18.7300,605.2775
18.7400,615.5275
18.7500,648.7050
18.7600,662.4800
18.7700,617.0325
18.7800,599.9975
18.7900,599.6075
18.8000,620.0000
18.8100,599.3500
18.8200,574.8050
18.8300,617.8400
18.8400,681.7450
18.8500,670.2800
18.8600,639.5950
18.8700,633.1025
18.8800,605.4075
18.8900,576.4675
18.9000,545.8775
18.9100,549.4750
18.9200,567.3825
18.9300,568.3825
18.9400,598.1125
18.9500,624.5350
18.9600,617.7625
18.9700,592.5625
18.9800,589.3225
18.9900,538.5650
19.0000,543.8250
19.0100,574.7750
19.0200,593.3425
19.0300,570.0250
19.0400,575.1600
19.0500,605.6825
19.0600,609.0800
19.0700,601.9175
19.0800,595.7600
19.0900,590.0000
19.1000,591.4100
19.1100,590.5200
19.1200,574.0275
19.1300,576.2950
19.1400,608.9325
19.1500,611.0775
19.1600,618.6800
19.1700,596.8250
19.1800,546.4000
19.1900,557.2225
19.2000,571.3500
19.2100,596.6675
19.2200,607.7175
19.2300,616.4375
19.2400,591.5225
19.2500,575.4975
19.2600,597.0525
19.2700,622.1450
19.2800,608.1200
19.2900,572.5725
19.3000,563.9400
19.3100,564.0825
19.3200,568.6425
19.3300,563.9550
19.3400,560.0000
19.3500,551.8925
19.3600,557.5350
19.3700,592.7600
19.3800,610.7000
19.3900,607.2725
19.4000,577.2575
19.4100,565.3700
19.4200,590.0075
19.4300,573.3450
19.4400,537.3250
19.4500,563.2550
19.4600,582.7275
19.4700,557.4025
19.4800,552.5800
19.4900,567.9850
19.5000,581.8475
19.5100,581.6025
19.5200,546.7750
19.5300,554.9975
19.5400,575.4900
19.5500,565.9425
19.5600,585.6300
19.5700,607.4000
19.5800,591.6525
19.5900,561.6750
19.6000,565.3150
19.6100,583.2200
19.6200,583.7250
19.6300,598.3725
19.6400,553.3325
19.6500,569.9925
19.6600,596.6675
19.6700,605.6050
19.6800,625.0975
19.6900,616.7975
19.7000,590.0000
19.7100,586.1975
19.7200,585.0600
19.7300,599.6475
19.7400,604.9575
19.7500,623.0850
19.7600,655.3650
19.7700,637.9200
19.7800,637.4975
19.7900,629.5875
19.8000,592.1775
19.8100,574.8300
19.8200,642.0250
19.8300,652.9500
19.8400,651.6150
19.8500,658.7650
19.8600,678.8450
19.8700,767.0875
19.8800,869.2900
19.8900,935.8675
19.9000,1053.4650
19.9100,1159.5250
19.9200,1262.7575
19.9300,1451.4075
19.9400,1570.0000
19.9500,1589.3750
19.9600,1652.3375
19.9700,1684.0350
19.9800,1674.0750
19.9900,1622.9550
20.0000,1419.4950
20.0100,1348.5475
20.0200,1308.9475
20.0300,1211.6150
20.0400,1090.2725
20.0500,931.8725
20.0600,807.3300
20.0700,812.4775
20.0800,754.8025
20.0900,708.4450
20.1000,718.2475
20.1100,686.1100
20.1200,667.8375
20.1300,665.3275
20.1400,649.6725
20.1500,614.5600
20.1600,564.0450
20.1700,553.6200
20.1800,592.1075
20.1900,618.0750
20.2000,570.9075
20.2100,557.7025
20.2200,568.2425
20.2300,608.1100
20.2400,626.5750
20.2500,622.2800
20.2600,610.7450
20.2700,590.2150
20.2800,607.7350
20.2900,616.8950
20.3000,635.4400
20.3100,617.7500
20.3200,605.4725
20.3300,578.7950
20.3400,574.5575
20.3500,625.6200
20.3600,635.5125
20.3700,586.6675
20.3800,573.3325
20.3900,574.4400
20.4000,597.6400
20.4100,643.3050
20.4200,629.1175
20.4300,611.8900
20.4400,662.2400
20.4500,687.2950
20.4600,782.5525
20.4700,875.2900
20.4800,915.1850
20.4900,994.2850
20.5000,1139.7650
20.5100,1230.2025
20.5200,1227.4175
20.5300,1271.4525
20.5400,1288.8425
20.5500,1194.7625
20.5600,1118.9350
20.5700,1089.0300
20.5800,1025.7575
20.5900,989.1550
20.6000,918.3875
20.6100,859.6250
20.6200,780.3600
20.6300,728.9200
20.6400,653.9900
20.6500,671.0425
20.6600,683.7450
20.6700,707.7050
20.6800,720.3650
20.6900,724.7200
20.7000,712.2200
20.7100,782.8425
20.7200,821.3100
20.7300,906.3725
20.7400,1003.9925
20.7500,1107.9975
20.7600,1199.8900
20.7700,1266.5300
20.7800,1355.0625
20.7900,1374.7450
20.8000,1396.3550
20.8100,1410.3675
20.8200,1429.6750
20.8300,1413.6625
20.8400,1336.0550
20.8500,1258.1025
20.8600,1170.9225
20.8700,1085.6750
20.8800,1053.6925
20.8900,954.7525
20.9000,883.7175
20.9100,860.9750
20.9200,799.8550
20.9300,729.6725
20.9400,691.8000
20.9500,676.1150
20.9600,666.6675
20.9700,657.0050
20.9800,619.8425
20.9900,583.7825
21.0000,589.1300
21.0100,613.3050
21.0200,597.6200
21.0300,596.1950
21.0400,580.0225
21.0500,567.1200
21.0600,573.8350
21.0700,578.9100
21.0800,606.2425
21.0900,588.2350
21.1000,563.8625
21.1100,563.1900
21.1200,584.6475
21.1300,603.1550
21.1400,619.0750
21.1500,630.5000
21.1600,670.3450
21.1700,668.0750
21.1800,649.4750
21.1900,694.2825
21.2000,718.7825
21.2100,697.5925
21.2200,686.9075
21.2300,732.3600
21.2400,768.3675
21.2500,823.3400
21.2600,901.8850
21.2700,957.6175
21.2800,1000.2275
21.2900,1032.1950
21.3000,1130.5200
21.3100,1221.8550
21.3200,1193.5225
21.3300,1207.7225
21.3400,1229.6300
21.3500,1300.3200
21.3600,1420.7225
21.3700,1423.7525
21.3800,1470.6475
21.3900,1559.7100
21.4000,1730.1450
21.4100,1968.0075
21.4200,2262.0725
21.4300,2600.9400
21.4400,3057.7800
21.4500,3542.4825
21.4600,3944.4625
21.4700,4480.1475
21.4800,5013.3250
21.4900,5278.3225
21.5000,5197.2475
21.5100,4879.1325
21.5200,4504.4325
21.5300,4118.7675
21.5400,3779.2275
21.5500,3392.4900
21.5600,3048.5475
21.5700,2549.4025
21.5800,2107.3450
21.5900,1720.9350
21.6000,1535.9000
21.6100,1288.1325
21.6200,1108.4425
21.6300,1012.7650
21.6400,973.9700
21.6500,907.3525
21.6600,846.3125
21.6700,795.0700
21.6800,735.8750
21.6900,714.3950
21.7000,650.9725
21.7100,646.4700
21.7200,655.8850
21.7300,654.1125
21.7400,657.4425
21.7500,655.3550
21.7600,650.8025
21.7700,699.7425
21.7800,751.7675
21.7900,781.5275
21.8000,802.6625
21.8100,887.7950
21.8200,1031.9275
21.8300,1181.4350
21.8400,1290.6950
21.8500,1505.0350
21.8600,1717.6875
21.8700,1882.0700
21.8800,2083.7675
21.8900,2267.7175
21.9000,2386.2450
21.9100,2365.6575
21.9200,2149.1825
21.9300,2051.6625
21.9400,1986.0125
21.9500,1857.9875
21.9600,1687.1775
21.9700,1566.3100
21.9800,1338.8875
21.9900,1150.9500
22.0000,1029.6150
22.0100,909.4275
22.0200,819.1950
22.0300,743.4225
22.0400,660.1750
22.0500,675.4325
22.0600,686.8175
22.0700,702.7775
22.0800,711.2575
22.0900,708.8475
22.1000,723.8175
22.1100,702.0525
22.1200,718.1825
22.1300,756.1150
22.1400,801.6575
22.1500,877.9000
22.1600,854.0825
22.1700,903.3600
22.1800,946.6700
22.1900,1036.5825
22.2000,1157.1325
22.2100,1314.1325
22.2200,1550.6675
22.2300,1782.3375
22.2400,2074.2200
22.2500,2488.7650
22.2600,2976.4550
22.2700,3419.3750
22.2800,3715.5750
22.2900,3963.8850
22.3000,3890.2650
22.3100,3793.9850
22.3200,3682.5250
22.3300,3371.2425
22.3400,3093.1325
22.3500,3006.8225
22.3600,2521.1250
22.3700,2230.8150
22.3800,1909.8150
22.3900,1657.2875
22.4000,1416.0350
22.4100,1223.2075
22.4200,1072.4075
22.4300,910.9900
22.4400,801.5825
22.4500,750.7575
22.4600,679.0225
22.4700,618.0825
22.4800,625.2200
22.4900,549.0125
22.5000,519.7825
22.5100,557.5875
22.5200,585.1975
22.5300,539.1450
22.5400,521.1925
22.5500,602.6525
22.5600,583.3325
22.5700,580.4900
22.5800,566.1000
22.5900,549.8125
22.6000,486.1375
22.6100,499.4425
22.6200,496.1100
22.6300,490.5675
22.6400,477.2175
22.6500,476.1625
22.6600,461.0325
22.6700,483.3325
22.6800,479.0075
22.6900,457.2050
22.7000,463.7475
22.7100,487.5975
22.7200,502.5725
22.7300,467.5575
22.7400,493.6775
22.7500,520.6525
22.7600,554.7975
22.7700,519.4175
22.7800,474.3325
22.7900,448.4600
22.8000,478.1975
22.8100,494.7875
22.8200,531.4150
22.8300,484.8400
22.8400,497.3325
22.8500,531.4400
22.8600,582.8100
22.8700,497.4250
22.8800,472.1500
22.8900,518.9475
22.9000,489.9400
22.9100,476.7500
22.9200,520.9825
22.9300,543.3275
22.9400,514.7925
22.9500,464.2775
22.9600,473.2850
22.9700,490.5325
22.9800,478.9050
22.9900,512.4100
23.0000,501.6150
23.0100,467.2600
23.0200,445.4600
23.0300,416.2150
23.0400,419.6175
23.0500,457.7675
23.0600,441.5575
23.0700,428.6750
23.0800,421.7550
23.0900,433.7700
23.1000,442.3025
23.1100,482.5875
23.1200,498.7150
23.1300,484.8875
23.1400,456.7750
23.1500,499.9675
23.1600,470.3925
23.1700,430.8225
23.1800,457.5200
23.1900,440.4100
23.2000,448.2300
23.2100,480.9000
23.2200,462.5275
23.2300,457.4675
23.2400,463.7300
23.2500,469.4325
23.2600,488.4300
23.2700,478.2275
23.2800,485.3500
23.2900,453.4650
23.3000,482.2950
23.3100,494.3025
23.3200,456.7900
23.3300,513.7475
23.3400,539.6125
23.3500,509.6300
23.3600,511.4375
23.3700,546.3550
23.3800,519.9225
23.3900,551.3375
23.4000,588.9300
23.4100,583.5400
23.4200,619.3100
23.4300,679.0725
23.4400,760.8225
23.4500,804.9175
23.4600,893.0450
23.4700,1055.6325
23.4800,1249.5475
23.4900,1525.3550
23.5000,1934.7725
23.5100,2242.9850
23.5200,2486.2375
23.5300,2821.6750
23.5400,3148.0875
23.5500,3454.4650
23.5600,3569.4650
23.5700,3647.4850
23.5800,3493.4625
23.5900,3155.8450
23.6000,2990.4225
23.6100,2709.1225
23.6200,2476.6000
23.6300,2214.4225
23.6400,1922.9650
23.6500,1590.7125
23.6600,1371.4625
23.6700,1162.8875
23.6800,1009.8400
23.6900,927.0825
23.7000,814.3950
23.7100,713.6225
23.7200,676.7100
23.7300,640.5425
23.7400,645.8600
23.7500,636.1350
23.7600,633.9575
23.7700,685.2250
23.7800,744.8550
23.7900,721.2850
23.8000,703.5100
23.8100,788.4225
23.8200,805.7800
23.8300,749.6475
23.8400,703.0900
23.8500,701.9250
23.8600,720.9575
23.8700,645.0200
23.8800,620.7725
23.8900,587.1275
23.9000,593.3325
23.9100,590.8600
23.9200,551.3300
23.9300,476.8875
23.9400,479.7825
23.9500,476.4525
23.9600,475.2400
23.9700,502.4950
23.9800,488.9650
23.9900,473.1300
24.0000,471.8150
24.0100,498.4075
24.0200,472.9400
24.0300,466.0850
24.0400,456.6675
24.0500,457.0450
24.0600,463.3325
24.0700,462.6000
24.0800,451.0850
24.0900,470.5350
24.1000,476.8400
24.1100,421.5575
24.1200,449.6600
24.1300,441.9900
24.1400,416.6675
24.1500,419.9175
24.1600,481.8925
24.1700,451.1300
24.1800,405.1200
24.1900,373.6375
24.2000,381.0475
24.2100,401.7175
24.2200,368.4000
24.2300,406.2425
24.2400,398.1975
24.2500,434.5625
24.2600,460.9225
24.2700,404.6475
24.2800,436.0225
24.2900,418.2350
24.3000,373.7050
24.3100,384.5425
24.3200,416.3125
24.3300,406.4350
24.3400,400.5650
24.3500,417.9925
24.3600,456.1275
24.3700,439.6850
24.3800,430.7175
24.3900,452.3325
24.4000,419.5125
24.4100,402.5750
24.4200,377.4975
24.4300,406.5775
24.4400,404.1150
24.4500,432.9125
24.4600,416.3400
24.4700,403.7300
24.4800,419.5400
24.4900,399.9250
24.5000,397.0225
24.5100,413.1950
24.5200,407.5900
24.5300,451.6200
24.5400,363.0300
24.5500,347.6550
24.5600,403.7775
24.5700,429.8400
24.5800,420.0000
24.5900,420.3350
24.6000,443.4675
24.6100,453.0350
24.6200,429.4025
24.6300,379.7775
24.6400,360.3125
24.6500,390.1925
24.6600,410.3225
24.6700,446.5600
24.6800,433.5750
24.6900,466.7300
24.7000,476.6100
24.7100,466.7325
24.7200,479.8500
24.7300,443.3450
24.7400,446.7000
24.7500,459.9250
24.7600,416.6750
24.7700,426.6625
24.7800,406.6800
24.7900,390.0225
24.8000,409.9550
24.8100,426.6175
24.8200,400.1000
24.8300,416.5900
24.8400,400.0900
24.8500,406.6250
24.8600,423.2175
24.8700,446.4875
24.8800,433.4475
24.8900,406.9150
24.9000,433.0650
24.9100,397.0650
24.9200,363.7225
24.9300,402.8350
24.9400,475.6950
24.9500,460.2350
24.9600,456.7150
24.9700,427.1350
24.9800,446.3375
24.9900,427.0100
25.0000,452.8550
25.0100,427.1675
25.0200,397.2525
25.0300,406.4625
25.0400,465.3975
25.0500,434.0650
25.0600,462.6525
25.0700,473.0975
25.0800,434.3050
25.0900,465.8300
25.1000,479.6550
25.1100,447.5550
25.1200,462.8750
25.1300,508.6825
25.1400,513.2375
25.1500,500.3975
25.1600,554.9300
25.1700,630.9250
25.1800,633.3325
25.1900,591.4300
25.2000,660.8550
25.2100,737.3475
25.2200,813.9550
25.2300,993.3700
25.2400,1199.0300
25.2500,1421.5700
25.2600,1631.9075
25.2700,1876.9650
25.2800,2289.8150
25.2900,2556.0275
25.3000,2608.1925
25.3100,2708.9425
25.3200,2706.9550
25.3300,2515.4850
25.3400,2420.7050
25.3500,2292.6050
25.3600,2102.3175
25.3700,1880.5550
25.3800,1850.9600
25.3900,1631.2350
25.4000,1344.3950
25.4100,1127.4250
25.4200,987.0000
25.4300,859.9225
25.4400,749.1425
25.4500,613.9925
25.4600,581.4500
25.4700,573.7025
25.4800,598.5075
25.4900,568.5600
25.5000,535.2525
25.5100,523.9175
25.5200,573.5125
25.5300,504.5975
25.5400,581.4025
25.5500,527.2300
25.5600,457.6975
25.5700,487.6850
25.5800,483.7600
25.5900,483.3325
25.6000,477.1025
25.6100,439.3200
25.6200,442.8850
25.6300,434.0125
25.6400,455.0650
25.6500,472.1750
25.6600,470.2350
25.6700,463.8075
25.6800,401.4575
25.6900,415.2125
25.7000,391.9600
25.7100,393.0850
25.7200,461.1625
25.7300,423.5400
25.7400,432.3125
25.7500,411.8075
25.7600,382.3475
25.7700,392.2800
25.7800,427.0725
25.7900,408.5475
25.8000,455.6575
25.8100,490.5925
25.8200,441.3700
25.8300,400.0200
25.8400,405.8200
25.8500,434.1050
25.8600,485.4025
25.8700,444.3500
25.8800,394.3900
25.8900,393.0375
25.9000,420.6525
25.9100,417.2675
25.9200,359.0950
25.9300,389.6625
25.9400,408.4575
25.9500,434.1775
25.9600,427.6075
25.9700,378.3975
25.9800,409.5025
25.9900,443.4475
26.0000,425.6050
26.0100,465.4200
26.0200,397.9175
26.0300,368.9950
26.0400,393.6500
26.0500,444.5950
26.0600,417.0775
26.0700,419.3125
26.0800,414.0250
26.0900,383.4850
26.1000,391.9300
26.1100,408.2300
26.1200,386.1850
26.1300,433.8950
26.1400,451.8875
26.1500,453.3325
26.1600,456.3000
26.1700,471.4850
26.1800,476.2950
26.1900,479.6250
26.2000,456.3550
26.2100,474.0050
26.2200,482.5675
26.2300,486.2800
26.2400,483.7225
26.2500,483.3325
26.2600,492.1525
26.2700,531.5125
26.2800,595.3525
26.2900,576.9475
26.3000,599.6950
26.3100,603.3325
26.3200,591.6400
26.3300,610.4475
26.3400,660.0250
26.3500,590.8600
26.3600,620.7825
26.3700,667.4100
26.3800,638.4425
26.3900,583.9500
26.4000,562.1550
26.4100,565.8000
26.4200,534.8000
26.4300,501.0575
26.4400,438.8350
26.4500,461.7775
26.4600,469.5525
26.4700,467.1175
26.4800,443.6200
26.4900,437.1225
26.5000,425.1650
26.5100,423.3325
26.5200,388.8900
26.5300,397.6725
26.5400,422.9200
26.5500,475.3250
26.5600,437.5800
26.5700,435.7150
26.5800,436.6675
26.5900,399.5950
26.6000,393.3325
26.6100,410.4100
26.6200,419.0200
26.6300,456.9325
26.6400,420.7600
26.6500,413.3325
26.6600,410.5000
26.6700,421.3200
26.6800,412.0225
26.6900,435.4250
26.7000,440.0000
26.7100,400.5250
26.7200,393.3325
26.7300,415.8475
26.7400,512.7825
26.7500,496.2925
26.7600,436.6825
26.7700,421.0600
26.7800,403.1950
26.7900,411.1925
26.8000,363.0150
26.8100,367.2975
26.8200,436.9650
26.8300,458.3625
26.8400,423.7975
26.8500,438.9250
26.8600,460.0100
26.8700,438.3425
26.8800,441.6550
26.8900,448.8775
26.9000,444.4625
26.9100,429.5025
26.9200,390.7425
26.9300,372.2900
26.9400,392.0650
26.9500,418.7100
26.9600,423.3325
26.9700,431.5825
26.9800,474.5450
26.9900,458.6300
27.0000,450.5925
27.0100,444.5225
27.0200,435.1225
27.0300,438.8025
27.0400,434.5375
27.0500,444.2475
27.0600,427.5850
27.0700,428.7800
27.0800,476.2500
27.0900,459.4875
27.1000,453.3325
27.1100,464.1850
27.1200,461.2475
27.1300,443.7575
27.1400,448.1125
27.1500,479.7200
27.1600,492.0650
27.1700,498.7275
27.1800,494.6125
27.1900,482.5675
27.2000,477.3125
27.2100,484.7250
27.2200,518.8650
27.2300,505.2225
27.2400,508.0325
27.2500,550.1275
27.2600,562.6725
27.2700,584.6925
27.2800,680.6800
27.2900,777.9375
27.3000,831.2700
27.3100,925.0900
27.3200,1127.3000
27.3300,1390.9350
27.3400,1656.0975
27.3500,2011.9100
27.3600,2373.0850
27.3700,2766.4675
27.3800,3040.1025
27.3900,3211.3300
27.4000,3303.9375
27.4100,3296.3100
27.4200,3232.1500
27.4300,2990.7525
27.4400,2840.7775
27.4500,2504.7050
27.4600,2367.6225
27.4700,2332.4050
27.4800,1963.3900
27.4900,1790.2300
27.5000,1657.8500
27.5100,1332.2500
27.5200,1096.4375
27.5300,915.5275
27.5400,783.1600
27.5500,671.0400
27.5600,618.1550
27.5700,622.9475
27.5800,603.3875
27.5900,568.2425
27.6000,549.6750
27.6100,562.1375
27.6200,561.5150
27.6300,578.0125
27.6400,578.1925
27.6500,558.6900
27.6600,512.2900
27.6700,507.6875
27.6800,522.8000
27.6900,488.3100
27.7000,466.4475
27.7100,442.9175
27.7200,462.1575
27.7300,492.9175
27.7400,487.2800
27.7500,463.0050
27.7600,456.6675
27.7700,479.4875
27.7800,461.3350
27.7900,448.2725
27.8000,466.8875
27.8100,475.8575
27.8200,491.8000
27.8300,466.4300
27.8400,481.8350
27.8500,472.4000
27.8600,519.4100
27.8700,488.9975
27.8800,455.7900
27.8900,505.0775
27.9000,505.8275
27.9100,497.5025
27.9200,471.7125
27.9300,485.7675
27.9400,500.8025
27.9500,470.9975
27.9600,484.8475
27.9700,505.7425
27.9800,505.0400
27.9900,503.3325
28.0000,525.6000
28.0100,501.2050
28.0200,477.6575
28.0300,497.9925
28.0400,504.2025
28.0500,483.6475
28.0600,474.2075
28.0700,475.7875
28.0800,491.3825
28.0900,506.4650
28.1000,522.2350
28.1100,538.8900
28.1200,533.5650
28.1300,539.7575
28.1400,523.8425
28.1500,567.7750
28.1600,550.2000
28.1700,531.8100
28.1800,542.1275
28.1900,522.4375
28.2000,515.7525
28.2100,560.1850
28.2200,610.4775
28.2300,618.5075
28.2400,621.4850
28.2500,628.1475
28.2600,658.8500
28.2700,665.1975
28.2800,632.1475
28.2900,658.3400
28.3000,678.1200
28.3100,672.8275
28.3200,698.6575
28.3300,752.9375
28.3400,779.5300
28.3500,828.5550
28.3600,844.2900
28.3700,966.8175
28.3800,1094.9425
28.3900,1200.1175
28.4000,1400.4000
28.4100,1654.3900
28.4200,1970.8525
28.4300,2485.1150
28.4400,2995.9200
28.4500,3581.4300
28.4600,4203.8700
28.4700,4741.1950
28.4800,5171.4225
28.4900,5418.8375
28.5000,5426.5375
28.5100,5320.1925
28.5200,4970.5175
28.5300,4729.4050
28.5400,4569.2075
28.5500,4429.2700
28.5600,4396.9700
28.5700,4369.8275
28.5800,4238.4300
28.5900,3989.8350
28.6000,3907.9600
28.6100,3801.4150
28.6200,3684.1050
28.6300,3528.8675
28.6400,3372.0350
28.6500,3126.6050
28.6600,2898.8550
28.6700,2692.1325
28.6800,2518.9650
28.6900,2389.8900
28.7000,2303.0375
28.7100,2156.6925
28.7200,2070.3500
28.7300,1988.3250
28.7400,1892.9550
28.7500,1786.0600
28.7600,1874.8525
28.7700,2085.2450
28.7800,2310.6650
28.7900,2663.8200
28.8000,3112.9700
28.8100,3624.3925
28.8200,4161.8050
28.8300,4485.2500
28.8400,4545.4250
28.8500,4748.8675
28.8600,4782.7050
28.8700,4611.0875
28.8800,4418.0150
28.8900,4229.2625
28.9000,4090.7625
28.9100,4048.8750
28.9200,4102.3450
28.9300,4176.7125
28.9400,4066.6950
28.9500,3833.5700
28.9600,3435.2750
28.9700,3017.6650
28.9800,2561.6500
28.9900,2345.8750
29.0000,2198.6900
29.0100,2092.6075
29.0200,2045.7975
29.0300,1967.4050
29.0400,1834.5625
29.0500,1671.5300
29.0600,1495.0975
29.0700,1424.5850
29.0800,1444.0250
29.0900,1559.1975
29.1000,1595.9025
29.1100,1630.1900
29.1200,1859.8125
29.1300,2134.9775
29.1400,2463.9925
29.1500,3022.0850
29.1600,3735.6225
29.1700,4670.6000
29.1800,5916.8700
29.1900,7208.9825
29.2000,8539.9575
29.2100,10152.9100
29.2200,11902.4650
29.2300,13268.4750
29.2400,14174.6350
29.2500,14589.0075
29.2600,14534.2400
29.2700,14186.9475
29.2800,13364.3400
29.2900,12241.9125
29.3000,11365.2100
29.3100,10527.2225
29.3200,9651.8700
29.3300,8755.6675
29.3400,7648.2200
29.3500,6407.1900
29.3600,5337.1350
29.3700,4500.9625
29.3800,3660.4025
29.3900,2856.3900
29.4000,2318.5650
29.4100,1994.8175
29.4200,1694.4950
29.4300,1486.7825
29.4400,1351.9150
29.4500,1261.6325
29.4600,1172.1150
29.4700,1056.3875
29.4800,1005.8450
29.4900,951.4775
29.5000,861.9950
29.5100,849.4250
29.5200,774.4850
29.5300,730.3175
29.5400,740.7875
29.5500,739.2175
29.5600,722.2775
29.5700,705.1225
29.5800,693.8500
29.5900,722.7600
29.6000,735.1550
29.6100,740.2100
29.6200,705.8775
29.6300,688.1475
29.6400,662.8225
29.6500,649.4275
29.6600,663.4775
29.6700,653.7925
29.6800,655.4725
29.6900,685.5600
29.7000,677.8025
29.7100,653.2575
29.7200,672.8325
29.7300,669.9000
29.7400,640.6075
29.7500,591.9125
29.7600,580.6800
29.7700,605.9950
29.7800,598.6975
29.7900,626.5450
29.8000,651.3425
29.8100,640.0575
29.8200,633.3325
29.8300,639.2825
29.8400,657.1975
29.8500,714.1375
29.8600,748.6425
29.8700,732.2475
29.8800,725.9100
29.8900,755.5725
29.9000,761.5450
29.9100,784.7225
29.9200,826.2575
29.9300,885.0000
29.9400,930.3425
29.9500,996.5825
29.9600,1065.8950
29.9700,1117.8000
29.9800,1169.1475
29.9900,1304.4875
30.0000,1555.2550
30.0100,1800.5150
30.0200,2071.6500
30.0300,2315.2600
30.0400,2502.6575
30.0500,2726.2575
30.0600,2929.4225
30.0700,3030.7050
30.0800,3231.5600
30.0900,3485.8125
30.1000,3838.4850
30.1100,4428.3725
30.1200,5104.4800
30.1300,5745.8725
30.1400,6328.8000
30.1500,6659.6550
30.1600,6741.3700
30.1700,6511.5600
30.1800,6150.4775
30.1900,5664.2300
30.2000,5174.3100
30.2100,4709.7875
30.2200,4340.5275
30.2300,4087.3950
30.2400,3864.2450
30.2500,3583.9500
30.2600,3158.6850
30.2700,2756.7650
30.2800,2354.7650
30.2900,2058.4550
30.3000,1834.7175
30.3100,1631.3350
30.3200,1570.7425
30.3300,1571.1175
30.3400,1644.2425
30.3500,1756.4650
30.3600,1885.0675
30.3700,2078.0425
30.3800,2365.8100
30.3900,2815.2225
30.4000,3334.9800
30.4100,3930.8325
30.4200,4452.4150
30.4300,4771.8825
30.4400,5039.5750
30.4500,5108.5000
30.4600,4874.8675
30.4700,4484.3950
30.4800,4129.2225
30.4900,3902.7025
30.5000,3765.5950
30.5100,3619.3750
30.5200,3349.5675
30.5300,3033.7150
30.5400,2727.8050
30.5500,2411.6425
30.5600,2125.3850
30.5700,1835.4750
30.5800,1577.6675
30.5900,1428.3675
30.6000,1299.7800
30.6100,1210.6900
30.6200,1123.9975
30.6300,1036.9925
30.6400,1055.5425
30.6500,1067.0625
30.6600,1004.3850
30.6700,910.3750
30.6800,860.0000
30.6900,852.9850
30.7000,832.6575
30.7100,821.7475
30.7200,828.5700
30.7300,833.3325
30.7400,836.8150
30.7500,845.2125
30.7600,886.4375
30.7700,966.7775
30.7800,1042.8675
30.7900,1161.4200
30.8000,1245.0575
30.8100,1324.1500
30.8200,1523.8875
30.8300,1615.8675
30.8400,1637.9900
30.8500,1714.1350
30.8600,1661.3225
30.8700,1559.4500
30.8800,1456.6125
30.8900,1354.4900
30.9000,1272.2700
30.9100,1153.9400
30.9200,1089.9475
30.9300,1066.3875
30.9400,975.8000
30.9500,874.6575
30.9600,843.3325
30.9700,806.3875
30.9800,728.0825
30.9900,644.8150
31.0000,581.6050
31.0100,546.6500
31.0200,511.6750
31.0300,483.3475
31.0400,503.2400
31.0500,526.6825
31.0600,533.2650
31.0700,561.5150
31.0800,528.8450
31.0900,461.8400
31.1000,484.4975
31.1100,497.0575
31.1200,433.9300
31.1300,432.6800
31.1400,470.0000
31.1500,460.2100
31.1600,458.1450
31.1700,466.6675
31.1800,448.8075
31.1900,426.7575
31.2000,439.5175
31.2100,448.5875
31.2200,443.2250
31.2300,461.1600
31.2400,452.5500
31.2500,441.1125
31.2600,442.2450
31.2700,450.6650
31.2800,486.2500
31.2900,496.6675
31.3000,509.4025
31.3100,507.4400
31.3200,478.8950
31.3300,436.5725
31.3400,420.7275
31.3500,457.3650
31.3600,454.6025
31.3700,425.2800
31.3800,405.8625
31.3900,402.5450
31.4000,419.7975
31.4100,431.1475
31.4200,460.2825
31.4300,472.4300
31.4400,450.6700
31.4500,444.6575
31.4600,445.3500
31.4700,449.2825
31.4800,466.1775
31.4900,462.5425
31.5000,436.1500
31.5100,421.5375
31.5200,450.9400
31.5300,477.2100
31.5400,456.2450
31.5500,444.5775
31.5600,437.8150
31.5700,440.0600
31.5800,455.4475
31.5900,440.9075
31.6000,443.6125
31.6100,472.0800
31.6200,495.7100
31.6300,505.1625
31.6400,498.8275
31.6500,479.8375
31.6600,457.3450
31.6700,487.3550
31.6800,533.3325
31.6900,524.4000
31.7000,516.3050
31.7100,499.2300
31.7200,467.4100
31.7300,461.4775
31.7400,454.4800
31.7500,440.3875
31.7600,430.7850
31.7700,436.5425
31.7800,444.5425
31.7900,431.8700
31.8000,412.4800
31.8100,382.7125
31.8200,402.4275
31.8300,432.7400
31.8400,445.0750
31.8500,470.4400
31.8600,463.7775
31.8700,442.7025
31.8800,425.7550
31.8900,429.0250
31.9000,419.0325
31.9100,406.1775
31.9200,400.9525
31.9300,388.1325
31.9400,364.7575
31.9500,405.0200
31.9600,466.5925
31.9700,478.5850
31.9800,459.7150
31.9900,439.4875
32.0000,425.0375
32.0100,391.5725
32.0200,385.6075
32.0300,411.5275
32.0400,438.0625
32.0500,445.5775
32.0600,414.3700
32.0700,341.9425
32.0800,341.6200
32.0900,387.7375
32.1000,418.5250
32.1100,427.5950
32.1200,404.4975
32.1300,418.6375
32.1400,445.8875
32.1500,441.3675
32.1600,432.4100
32.1700,426.2050
32.1800,446.8000
32.1900,460.7400
32.2000,443.6325
32.2100,405.9425
32.2200,414.8450
32.2300,431.2775
32.2400,440.8100
32.2500,470.6925
32.2600,451.2225
32.2700,407.9875
32.2800,404.0025
32.2900,410.0000
32.3000,408.6725
32.3100,415.9500
32.3200,436.6175
32.3300,442.7050
32.3400,434.0300
32.3500,428.6850
32.3600,408.2850
32.3700,403.5875
32.3800,426.9225
32.3900,415.8025
32.4000,427.3950
32.4100,419.4325
32.4200,425.0100
32.4300,445.9225
32.4400,459.0450
32.4500,488.8075
32.4600,526.2025
32.4700,545.3825
32.4800,576.6575
32.4900,627.4425
32.5000,630.9925
32.5100,638.2375
32.5200,649.0675
32.5300,671.1200
32.5400,638.9425
32.5500,604.9475
32.5600,591.6225
32.5700,564.4600
32.5800,524.5450
32.5900,504.9875
32.6000,491.6650
32.6100,493.3150
32.6200,510.0000
32.6300,491.3600
32.6400,445.1200
32.6500,426.1875
32.6600,445.3100
32.6700,448.9100
32.6800,430.0000
32.6900,418.9575
32.7000,391.4300
32.7100,383.9975
32.7200,403.9825
32.7300,427.6150
32.7400,429.6700
32.7500,375.7725
32.7600,365.9700
32.7700,432.9825
32.7800,458.4250
32.7900,434.9025
32.8000,391.8325
32.8100,447.4275
32.8200,483.3725
32.8300,497.8550
32.8400,449.8050
32.8500,422.8175
32.8600,429.3550
32.8700,397.0175
32.8800,385.1100
32.8900,412.5425
32.9000,428.0225
32.9100,449.5350
32.9200,465.1625
32.9300,430.2000
32.9400,416.5750
32.9500,460.0000
32.9600,443.8025
32.9700,406.4075
32.9800,404.8500
32.9900,423.2200
33.0000,405.2025
33.0100,394.7725
33.0200,436.0700
33.0300,475.6100
33.0400,478.8650
33.0500,476.6675
33.0600,471.0125
33.0700,467.9000
33.0800,478.8300
33.0900,466.6300
33.1000,474.5675
33.1100,497.7425
33.1200,485.5500
33.1300,478.8825
33.1400,463.3375
33.1500,454.4300
33.1600,467.7550
33.1700,476.6675
33.1800,472.2675
33.1900,475.4050
33.2000,498.9050
33.2100,477.0075
33.2200,433.3975
33.2300,438.6250
33.2400,470.9250
33.2500,485.5850
33.2600,487.6500
33.2700,499.8975
33.2800,506.6675
33.2900,498.0925
33.3000,484.2750
33.3100,486.9350
33.3200,486.1000
33.3300,500.5975
33.3400,461.6875
33.3500,444.0600
33.3600,457.8925
33.3700,465.9450
33.3800,494.3825
33.3900,492.4825
33.4000,485.4200
33.4100,490.0000
33.4200,504.5350
33.4300,541.8450
33.4400,552.3000
33.4500,546.9075
33.4600,543.0825
33.4700,553.0750
33.4800,593.7500
33.4900,697.5450
33.5000,771.1925
33.5100,814.9375
33.5200,891.0900
33.5300,978.0800
33.5400,1024.8725
33.5500,1056.8425
33.5600,958.9525
33.5700,905.0025
33.5800,887.3500
33.5900,883.2775
33.6000,924.5225
33.6100,954.7950
33.6200,937.5225
33.6300,947.5850
33.6400,894.2925
33.6500,867.4375
33.6600,905.0525
33.6700,950.8650
33.6800,994.3050
33.6900,1028.6400
33.7000,1156.9175
33.7100,1349.3925
33.7200,1587.2875
33.7300,1873.1700
33.7400,2366.0075
33.7500,3008.7675
33.7600,3641.0800
33.7700,4401.2950
33.7800,4893.4650
33.7900,5280.6250
33.8000,5469.8125
33.8100,5379.0375
33.8200,5139.0600
33.8300,4605.3575
33.8400,4177.0075
33.8500,3822.8400
33.8600,3686.1100
33.8700,3640.7250
33.8800,3476.6425
33.8900,3321.3075
33.9000,3026.1875
33.9100,2697.6100
33.9200,2208.9550
33.9300,1838.9050
33.9400,1574.8325
33.9500,1360.2875
33.9600,1227.2325
33.9700,1143.2050
33.9800,1107.5625
33.9900,1101.9675
34.0000,1083.5600
34.0100,1092.4450
34.0200,1118.3125
34.0300,1195.7850
34.0400,1187.1750
34.0500,1155.0875
34.0600,1113.3325
34.0700,1086.3000
34.0800,999.5650
34.0900,964.7975
34.1000,939.6275
34.1100,923.7900
34.1200,946.1450
34.1300,872.6750
34.1400,791.3725
34.1500,744.7425
34.1600,710.0000
34.1700,716.7725
34.1800,714.7175
34.1900,637.3750
34.2000,595.8050
34.2100,591.7000
34.2200,628.3425
34.2300,658.3450
34.2400,627.5825
34.2500,591.5700
34.2600,629.9625
34.2700,645.7500
34.2800,669.0650
34.2900,676.0550
34.3000,642.5200
34.3100,657.8475
34.3200,740.0225
34.3300,842.6825
34.3400,911.3700
34.3500,929.4575
34.3600,942.6050
34.3700,1059.0550
34.3800,1096.0300
34.3900,1228.7625
34.4000,1374.6250
34.4100,1479.4900
34.4200,1629.5725
34.4300,1728.0750
34.4400,1702.3350
34.4500,1727.8475
34.4600,1741.0350
34.4700,1556.0800
34.4800,1426.4300
34.4900,1358.5125
34.5000,1338.3200
34.5100,1418.2600
34.5200,1475.4500
34.5300,1430.5250
34.5400,1321.7150
34.5500,1288.8275
34.5600,1250.8850
34.5700,1159.1650
34.5800,1114.4600
34.5900,1120.3700
34.6000,1069.6875
34.6100,1012.9425
34.6200,1010.8700
34.6300,935.9775
34.6400,809.9200
34.6500,758.7075
34.6600,776.9825
34.6700,711.9850
34.6800,658.8750
34.6900,689.0200
34.7000,631.6750
34.7100,611.9125
34.7200,596.0450
34.7300,546.0825
34.7400,497.5275
34.7500,461.2325
34.7600,450.5400
34.7700,435.1300
34.7800,425.6775
34.7900,456.5475
34.8000,444.0225
34.8100,439.8100
34.8200,414.7000
34.8300,424.7650
34.8400,437.9075
34.8500,408.5600
34.8600,378.0125
34.8700,380.6500
34.8800,372.6725
34.8900,386.6625
34.9000,405.3050
34.9100,418.0775
34.9200,385.3075
34.9300,397.2675
34.9400,408.1075
34.9500,382.7625
34.9600,370.5550
34.9700,397.6425
34.9800,444.6200
34.9900,443.5925
35.0000,413.4750
35.0100,393.6425
35.0200,366.0325
35.0300,363.3325
35.0400,384.6950
35.0500,469.7825
35.0600,425.0400
35.0700,366.8300
35.0800,403.4675
35.0900,430.2550
35.1000,414.2125
35.1100,402.1125
35.1200,394.2325
35.1300,391.2100
35.1400,417.0125
35.1500,370.9300
35.1600,368.3800
35.1700,403.6875
35.1800,388.2200
35.1900,385.9100
35.2000,423.3400
35.2100,465.8975
35.2200,436.7450
35.2300,390.5800
35.2400,392.7550
35.2500,389.4250
35.2600,394.1250
35.2700,425.4300
35.2800,400.4900
35.2900,388.9325
35.3000,406.7650
35.3100,431.0175
35.3200,388.9025
35.3300,402.7825
35.3400,407.8025
35.3500,371.0550
35.3600,411.0975
35.3700,418.3075
35.3800,430.4750
35.3900,437.5425
35.4000,366.8625
35.4100,341.3850
35.4200,384.4025
35.4300,394.2550
35.4400,415.6075
35.4500,407.8925
35.4600,394.5700
35.4700,385.4200
35.4800,401.8625
35.4900,420.1775
35.5000,377.4725
35.5100,433.0825
35.5200,418.4300
35.5300,448.6950
35.5400,460.5050
35.5500,463.8350
35.5600,472.1650
35.5700,504.3275
35.5800,515.4450
35.5900,555.0400
35.6000,606.2725
35.6100,626.2600
35.6200,636.5425
35.6300,591.3575
35.6400,573.4475
35.6500,657.1550
35.6600,680.4750
35.6700,673.4025
35.6800,605.3350
35.6900,567.9000
35.7000,633.8725
35.7100,628.2450
35.7200,700.9225
35.7300,724.0800
35.7400,833.7900
35.7500,848.0000
35.7600,929.0175
35.7700,1010.4350
35.7800,1170.4700
35.7900,1245.0575
35.8000,1441.0300
35.8100,1502.3650
35.8200,1419.9650
35.8300,1346.8250
35.8400,1297.7250
35.8500,1244.5575
35.8600,1122.9375
35.8700,1006.2425
35.8800,997.8525
35.8900,959.5800
35.9000,960.0000
35.9100,979.1900
35.9200,940.5250
35.9300,861.8675
35.9400,770.2300
35.9500,702.0225
35.9600,707.0125
35.9700,630.6700
35.9800,592.6275
35.9900,642.5900
36.0000,682.7425
36.0100,646.3125
36.0200,602.2500
36.0300,670.3850
36.0400,680.6075
36.0500,739.3300
36.0600,759.6225
36.0700,756.2900
36.0800,757.0650
36.0900,791.1150
36.1000,820.0375
36.1100,756.4200
36.1200,671.8800
36.1300,661.8050
36.1400,670.9275
36.1500,616.2075
36.1600,555.2525
36.1700,546.1450
36.1800,567.9050
36.1900,550.0000
36.2000,546.5575
36.2100,513.9325
36.2200,486.6075
36.2300,460.0375
36.2400,486.9900
36.2500,454.6850
36.2600,409.6350
36.2700,440.2675
36.2800,471.7075
36.2900,449.8925
36.3000,384.7450
36.3100,373.3400
36.3200,437.6125
36.3300,447.6050
36.3400,452.6300
36.3500,421.6525
36.3600,496.3025
36.3700,423.6325
36.3800,395.1400
36.3900,416.9150
36.4000,450.3725
36.4100,420.5875
36.4200,424.6275
36.4300,406.8000
36.4400,441.6150
36.4500,421.9125
36.4600,412.0200
36.4700,473.0725
36.4800,510.2675
36.4900,551.3725
36.5000,566.9400
36.5100,571.0800
36.5200,580.9275
36.5300,555.4525
36.5400,576.8475
36.5500,545.7250
36.5600,609.9800
36.5700,568.7225
36.5800,556.6250
36.5900,591.4000
36.6000,524.1825
36.6100,494.3175
36.6200,509.3450
36.6300,543.8150
36.6400,546.6575
36.6500,500.4950
36.6600,465.4400
36.6700,492.4075
36.6800,479.0825
36.6900,466.8925
36.7000,468.8775
36.7100,449.3325
36.7200,392.0150
36.7300,373.7675
36.7400,381.9350
36.7500,409.5750
36.7600,406.4875
36.7700,452.9175
36.7800,443.5825
36.7900,398.9025
36.8000,431.9275
36.8100,409.0075
36.8200,391.9600
36.8300,373.2950
36.8400,426.0925
36.8500,414.2100
36.8600,372.5875
36.8700,361.4750
36.8800,386.6675
36.8900,387.3850
36.9000,398.2275
36.9100,365.9675
36.9200,353.1600
36.9300,352.2125
36.9400,394.6750
36.9500,419.0075
36.9600,401.3050
36.9700,426.3450
36.9800,419.2075
36.9900,405.6750
37.0000,453.1800
37.0100,446.8225
37.0200,380.4475
37.0300,390.4400
37.0400,402.0200
37.0500,446.8075
37.0600,451.8150
37.0700,493.3325
37.0800,491.5800
37.0900,450.3975
37.1000,460.9125
37.1100,480.7750
37.1200,418.8000
37.1300,474.8125
37.1400,512.0050
37.1500,477.0225
37.1600,486.2025
37.1700,474.3575
37.1800,503.2225
37.1900,499.0175
37.2000,471.9225
37.2100,529.4775
37.2200,514.3550
37.2300,546.0675
37.2400,525.4975
37.2500,486.7625
37.2600,490.0925
37.2700,493.6050
37.2800,502.8925
37.2900,486.7525
37.3000,490.5000
37.3100,511.2175
37.3200,560.5525
37.3300,584.4825
37.3400,632.8875
37.3500,613.7650
37.3600,634.6550
37.3700,696.1275
37.3800,670.1950
37.3900,680.8775
37.4000,727.9925
37.4100,800.2900
37.4200,817.3900
37.4300,862.8275
37.4400,1037.7900
37.4500,1111.5575
37.4600,1221.6300
37.4700,1577.6525
37.4800,1905.5950
37.4900,2355.1475
37.5000,3072.0600
37.5100,3854.3625
37.5200,4595.3300
37.5300,5822.2425
37.5400,6798.9275
37.5500,7064.0575
37.5600,6721.3575
37.5700,5959.0100
37.5800,4745.6875
37.5900,3977.2825
37.6000,3426.0475
37.6100,3280.4825
37.6200,3416.8550
37.6300,3483.9625
37.6400,3777.0400
37.6500,4033.1300
37.6600,3769.9475
37.6700,3110.4025
37.6800,2540.7400
37.6900,1991.0950
37.7000,1634.2875
37.7100,1397.4625
37.7200,1207.4375
37.7300,1110.4575
37.7400,1033.7500
37.7500,1046.5850
37.7600,1142.6750
37.7700,1186.3425
37.7800,1285.8500
37.7900,1488.1975
37.8000,1559.3325
37.8100,1612.7875
37.8200,1679.2725
37.8300,1920.5100
37.8400,2035.2750
37.8500,2207.7500
37.8600,2236.3025
37.8700,2187.3850
37.8800,2229.3500
37.8900,2170.9425
37.9000,1894.5900
37.9100,1808.0900
37.9200,1862.3275
37.9300,1680.1100
37.9400,1608.0050
37.9500,1593.5975
37.9600,1531.2975
37.9700,1425.5925
37.9800,1433.1150
37.9900,1299.7475
38.0000,1133.8700
38.0100,986.8375
38.0200,928.0600
38.0300,887.6775
38.0400,815.2350
38.0500,790.6200
38.0600,731.6375
38.0700,668.4375
38.0800,686.0925
38.0900,689.9025
38.1000,741.7325
38.1100,707.7925
38.1200,713.1250
38.1300,758.5050
38.1400,753.5525
38.1500,730.7800
38.1600,791.1750
38.1700,886.6400
38.1800,886.7850
38.1900,925.2225
38.2000,1035.8325
38.2100,1113.7950
38.2200,1238.5050
38.2300,1445.1850
38.2400,1603.8150
38.2500,1923.5500
38.2600,2214.8275
38.2700,2396.0025
38.2800,2601.2850
38.2900,2673.8100
38.3000,2737.2450
38.3100,2564.7675
38.3200,2343.3525
38.3300,2037.4500
38.3400,1902.5200
38.3500,1918.9050
38.3600,1856.5025
38.3700,1754.9825
38.3800,1740.4900
38.3900,1641.7875
38.4000,1744.3075
38.4100,1655.0900
38.4200,1447.6700
38.4300,1247.1150
38.4400,1182.9975
38.4500,1019.1075
38.4600,912.2725
38.4700,875.1650
38.4800,832.4075
38.4900,760.7925
38.5000,734.6625
38.5100,692.4950
38.5200,680.5825
38.5300,708.2325
38.5400,713.1350
38.5500,688.2725
38.5600,630.3225
38.5700,601.6425
38.5800,531.2325
38.5900,501.6775
38.6000,559.3075
38.6100,572.6900
38.6200,563.9825
38.6300,529.0700
38.6400,486.2025
38.6500,474.0025
38.6600,495.0900
38.6700,543.2550
38.6800,555.9775
38.6900,528.7525
38.7000,501.8725
38.7100,546.4550
38.7200,577.8550
38.7300,558.3525
38.7400,553.5750
38.7500,599.6575
38.7600,615.6775
38.7700,610.5000
38.7800,634.6525
38.7900,676.7000
38.8000,723.0825
38.8100,905.0200
38.8200,1064.4250
38.8300,1159.5750
38.8400,1341.5700
38.8500,1552.9100
38.8600,1870.2825
38.8700,2184.4875
38.8800,2442.5400
38.8900,2643.7275
38.9000,2537.7850
38.9100,2361.7950
38.9200,2145.3025
38.9300,2096.1800
38.9400,1910.5375
38.9500,1780.6900
38.9600,1654.3950
38.9700,1646.3725
38.9800,1595.0225
38.9900,1614.2850
39.0000,1613.6325
39.0100,1434.4850
39.0200,1392.4325
39.0300,1356.7025
39.0400,1177.8950
39.0500,984.6875
39.0600,863.9700
39.0700,738.6375
39.0800,642.2150
39.0900,687.5850
39.1000,672.2500
39.1100,682.0375
39.1200,653.2600
39.1300,770.2125
39.1400,837.3900
39.1500,867.3400
39.1600,986.9525
39.1700,1137.8450
39.1800,1285.0900
39.1900,1431.6625
39.2000,1676.9075
39.2100,1927.4325
39.2200,2099.6400
39.2300,2283.7525
39.2400,2264.5725
39.2500,2203.3925
39.2600,1991.2400
39.2700,1719.7375
39.2800,1648.3800
39.2900,1542.3275
39.3000,1479.5325
39.3100,1497.0650
39.3200,1458.5000
39.3300,1491.8425
39.3400,1499.6275
39.3500,1479.2950
39.3600,1314.1025
39.3700,1260.8450
39.3800,1073.6775
39.3900,964.4700
39.4000,909.1250
39.4100,823.8175
39.4200,772.1325
39.4300,743.1400
39.4400,775.2625
39.4500,865.1575
39.4600,870.7975
39.4700,966.7625
39.4800,1149.9450
39.4900,1287.5225
39.5000,1560.8050
39.5100,1731.1575
39.5200,1998.3325
39.5300,2196.8225
39.5400,2249.1725
39.5500,2471.9725
39.5600,2474.2025
39.5700,2263.3225
39.5800,1991.9000
39.5900,1793.8900
39.6000,1656.7200
39.6100,1547.1200
39.6200,1513.0300
39.6300,1591.1500
39.6400,1574.3725
39.6500,1509.2250
39.6600,1390.1075
39.6700,1393.5625
39.6800,1249.3950
39.6900,1070.8475
39.7000,934.2125
39.7100,784.1250
39.7200,728.7825
39.7300,616.8800
39.7400,571.2500
39.7500,563.7950
39.7600,586.3000
39.7700,567.0500
39.7800,583.4000
39.7900,609.5825
39.8000,584.7100
39.8100,485.6100
39.8200,452.8500
39.8300,489.9850
39.8400,465.2725
39.8500,442.8875
39.8600,471.3475
39.8700,473.8200
39.8800,442.0300
39.8900,405.3875
39.9000,431.2550
39.9100,467.9000
39.9200,464.8225
39.9300,477.5100
39.9400,426.1700
39.9500,447.8075
39.9600,461.8200
39.9700,401.1425
39.9800,398.4750
39.9900,425.4050
40.0000,421.5375
40.0100,417.1825
40.0200,436.3825
40.0300,437.1850
40.0400,428.2300
40.0500,429.4775
40.0600,430.0000
40.0700,444.0300
40.0800,455.0800
40.0900,462.2700
40.1000,440.9350
40.1100,419.8800
40.1200,422.2575
40.1300,414.9525
40.1400,432.8750
40.1500,467.3525
40.1600,478.9075
40.1700,457.7175
40.1800,467.2500
40.1900,428.2800
40.2000,414.4425
40.2100,421.6650
40.2200,459.4100
40.2300,477.7600
40.2400,460.6025
40.2500,462.2050
40.2600,496.5375
40.2700,481.2150
40.2800,507.0575
40.2900,540.9425
40.3000,538.3900
40.3100,555.9650
40.3200,554.4900
40.3300,564.3450
40.3400,558.4150
40.3500,581.4025
40.3600,600.4000
40.3700,625.2900
40.3800,602.5750
40.3900,558.3000
40.4000,560.9525
40.4100,563.3325
40.4200,560.6000
40.4300,600.9850
40.4400,582.6975
40.4500,563.0250
40.4600,598.1675
40.4700,593.0450
40.4800,551.8900
40.4900,543.3325
40.5000,592.2575
40.5100,635.9250
40.5200,629.7625
40.5300,656.4975
40.5400,641.6525
40.5500,685.4100
40.5600,756.1975
40.5700,821.3750
40.5800,895.4775
40.5900,961.2975
40.6000,1086.6450
40.6100,1231.9500
40.6200,1435.1000
40.6300,1683.9375
40.6400,1945.8300
40.6500,2329.9550
40.6600,2729.6125
40.6700,3300.4875
40.6800,3905.4050
40.6900,4476.2175
40.7000,4653.6125
40.7100,4600.4300
40.7200,4532.5325
40.7300,4036.4075
40.7400,3668.3750
40.7500,3371.9000
40.7600,3025.4275
40.7700,2873.4200
40.7800,2784.1275
40.7900,2859.7600
40.8000,2838.1500
40.8100,2754.9600
40.8200,2649.0900
40.8300,2454.2975
40.8400,2126.4650
40.8500,1841.5025
40.8600,1567.0575
40.8700,1330.2150
40.8800,1124.8175
40.8900,906.4575
40.9000,804.6025
40.9100,768.9125
40.9200,726.4575
40.9300,682.4500
40.9400,665.4425
40.9500,671.2175
40.9600,581.4200
40.9700,548.7950
40.9800,551.9100
40.9900,519.2700
41.0000,546.6550
41.0100,499.1100
41.0200,465.0325
41.0300,410.3650
41.0400,443.6525
41.0500,459.2750
41.0600,454.7875
41.0700,458.5425
41.0800,478.2175
41.0900,483.3325
41.1000,457.3475
41.1100,478.5625
41.1200,491.8550
41.1300,482.9625
41.1400,472.2275
41.1500,464.8225
41.1600,455.5725
41.1700,445.5775
41.1800,438.1675
41.1900,431.5050
41.2000,453.2125
41.2100,434.2300
41.2200,416.3650
41.2300,428.7725
41.2400,453.9025
41.2500,454.8625
41.2600,463.6025
41.2700,430.7500
41.2800,448.2000
41.2900,474.5975
41.3000,464.6425
41.3100,447.2125
41.3200,466.3350
41.3300,470.7800
41.3400,482.7600
41.3500,501.9675
41.3600,524.5025
41.3700,527.4550
41.3800,529.2100
41.3900,565.5925
41.4000,581.7475
41.4100,550.3325
41.4200,501.9525
41.4300,477.3275
41.4400,526.5200
41.4500,538.2725
41.4600,516.4350
41.4700,461.9875
41.4800,519.8925
41.4900,553.4250
41.5000,584.4000
41.5100,595.8525
41.5200,604.2200
41.5300,573.9650
41.5400,515.5750
41.5500,459.8125
41.5600,469.2550
41.5700,499.2375
41.5800,511.6775
41.5900,468.2600
41.6000,438.3200
41.6100,493.3400
41.6200,470.8600
41.6300,489.1200
41.6400,514.9675
41.6500,482.6100
41.6600,499.8900
41.6700,507.5100
41.6800,514.1275
41.6900,439.6275
41.7000,423.2650
41.7100,471.3300
41.7200,506.5025
41.7300,483.6025
41.7400,470.8575
41.7500,477.4225
41.7600,475.0550
41.7700,530.1450
41.7800,584.5550
41.7900,594.2000
41.8000,642.6225
41.8100,652.6125
41.8200,684.4500
41.8300,895.8300
41.8400,1030.5475
41.8500,1166.2650
41.8600,1371.0300
41.8700,1604.0425
41.8800,1737.7000
41.8900,1873.4750
41.9000,1974.4775
41.9100,1991.7800
41.9200,1889.8775
41.9300,1828.9325
41.9400,1681.0175
41.9500,1466.7600
41.9600,1375.0175
41.9700,1324.4100
41.9800,1327.0150
41.9900,1316.3300
42.0000,1285.7275
42.0100,1254.8400
42.0200,1236.9725
42.0300,1172.7925
42.0400,1104.0250
42.0500,994.7850
42.0600,868.1900
42.0700,789.8775
42.0800,684.0750
42.0900,625.8950
42.1000,599.8050
42.1100,554.8225
42.1200,566.4550
42.1300,540.6200
42.1400,497.8500
42.1500,498.6650
42.1600,498.5375
42.1700,499.0625
42.1800,490.4250
42.1900,491.4500
42.2000,474.2100
42.2100,442.7800
42.2200,500.1625
42.2300,543.3600
42.2400,554.7650
42.2500,635.2475
42.2600,678.5650
42.2700,714.2425
42.2800,805.0675
42.2900,860.4075
42.3000,879.4875
42.3100,857.2600
42.3200,830.0875
42.3300,835.1675
42.3400,837.6350
42.3500,770.5000
42.3600,729.1650
42.3700,777.6025
42.3800,856.5850
42.3900,837.5925
42.4000,794.1050
42.4100,839.7875
42.4200,877.4375
42.4300,923.2625
42.4400,916.5300
42.4500,899.6325
42.4600,889.6375
42.4700,926.4725
42.4800,1027.5650
42.4900,1114.7675
42.5000,1174.0450
42.5100,1161.9875
42.5200,1073.0250
42.5300,1033.0075
42.5400,1018.3550
42.5500,957.4800
42.5600,865.8950
42.5700,776.2500
42.5800,808.0475
42.5900,810.1325
42.6000,809.2725
42.6100,787.8500
42.6200,776.6675
42.6300,774.3525
42.6400,734.0425
42.6500,725.9050
42.6600,690.7700
42.6700,643.3550
42.6800,620.7825
42.6900,547.5950
42.7000,507.4650
42.7100,491.8400
42.7200,475.1800
42.7300,451.6375
42.7400,418.1025
42.7500,420.4175
42.7600,426.6675
42.7700,419.8025
42.7800,439.5325
42.7900,450.0000
42.8000,456.8500
42.8100,450.8750
42.8200,414.7525
42.8300,438.7225
42.8400,468.0475
42.8500,439.2175
42.8600,455.1500
42.8700,463.1875
42.8800,478.1525
42.8900,513.8750
42.9000,533.4625
42.9100,486.8600
42.9200,467.8575
42.9300,512.9475
42.9400,519.7800
42.9500,502.0475
42.9600,496.6675
42.9700,559.7650
42.9800,511.1875
42.9900,457.5825
43.0000,432.0125
43.0100,425.5800
43.0200,435.6475
43.0300,448.9725
43.0400,446.6100
43.0500,425.4150
43.0600,427.8575
43.0700,442.2775
43.0800,404.2100
43.0900,387.8000
43.1000,436.8550
43.1100,444.3925
43.1200,434.4400
43.1300,424.4300
43.1400,404.4300
43.1500,392.2225
43.1600,423.3150
43.1700,448.8775
43.1800,468.8550
43.1900,452.2925
43.2000,466.5700
43.2100,497.7000
43.2200,517.7200
43.2300,547.6325
43.2400,601.9400
43.2500,623.3325
43.2600,665.2100
43.2700,715.2975
43.2800,723.3975
43.2900,693.6125
43.3000,638.2525
43.3100,566.1700
43.3200,537.8050
43.3300,547.6275
43.3400,538.0000
43.3500,525.6225
43.3600,549.5800
43.3700,556.7775
43.3800,546.7825
43.3900,558.6075
43.4000,562.3050
43.4100,542.5700
43.4200,522.4475
43.4300,534.0700
43.4400,567.2450
43.4500,573.4825
43.4600,583.0225
43.4700,607.3500
43.4800,597.1625
43.4900,595.3275
43.5000,647.6050
43.5100,705.7650
43.5200,699.5675
43.5300,710.4150
43.5400,688.8175
43.5500,695.8675
43.5600,710.0000
43.5700,684.1725
43.5800,650.6450
43.5900,624.9575
43.6000,676.7925
43.6100,697.1250
43.6200,692.1450
43.6300,669.7675
43.6400,686.6375
43.6500,705.4725
43.6600,655.3675
43.6700,586.0850
43.6800,552.6625
43.6900,561.5950
43.7000,548.6900
43.7100,555.8300
43.7200,573.0500
43.7300,589.4225
43.7400,571.1725
43.7500,569.4025
43.7600,576.6675
43.7700,593.6225
43.7800,605.4525
43.7900,670.1575
43.8000,638.9950
43.8100,650.7150
43.8200,654.6625
43.8300,646.3300
43.8400,631.0250
43.8500,613.6800
43.8600,605.7900
43.8700,615.9550
43.8800,635.9450
43.8900,697.9400
43.9000,769.8750
43.9100,849.9550
43.9200,937.8150
43.9300,1078.8800
43.9400,1139.1500
43.9500,1149.2100
43.9600,1240.2300
43.9700,1279.5625
43.9800,1273.3325
43.9900,1237.9000
44.0000,1187.5075
44.0100,1217.8650
44.0200,1269.5425
44.0300,1243.8525
44.0400,1126.5625
44.0500,1009.8300
44.0600,981.6250
44.0700,1021.8850
44.0800,1014.3525
44.0900,932.5450
44.1000,876.7975
44.1100,862.5350
44.1200,843.4900
44.1300,853.9550
44.1400,848.1200
44.1500,834.6075
44.1600,790.1250
44.1700,855.8500
44.1800,878.4100
44.1900,846.4025
44.2000,823.5900
44.2100,829.7300
44.2200,823.6150
44.2300,819.4725
44.2400,806.9725
44.2500,766.0150
44.2600,681.3250
44.2700,625.7175
44.2800,616.6675
44.2900,596.2950
44.3000,593.5125
44.3100,626.4450
44.3200,657.5625
44.3300,680.8850
44.3400,679.8525
44.3500,685.5025
44.3600,695.3600
44.3700,678.4425
44.3800,646.4325
44.3900,683.8800
44.4000,694.4425
44.4100,665.8675
44.4200,646.5800
44.4300,640.0000
44.4400,658.1275
44.4500,637.7975
44.4600,584.4875
44.4700,527.1600
44.4800,529.4400
44.4900,556.7000
44.5000,527.2425
44.5100,519.3625
44.5200,523.9950
44.5300,503.9950
44.5400,499.3300
44.5500,465.3800
44.5600,453.9725
44.5700,455.3550
44.5800,418.1125
44.5900,394.6750
44.6000,397.3125
44.6100,392.0450
44.6200,374.7450
44.6300,398.4350
44.6400,408.0950
44.6500,403.9650
44.6600,440.3450
44.6700,439.5775
44.6800,383.7725
44.6900,370.5025
44.7000,407.6500
44.7100,440.4825
44.7200,432.2500
44.7300,455.4725
44.7400,491.8150
44.7500,474.4200
44.7600,495.9900
44.7700,552.8050
44.7800,602.7825
44.7900,654.7225
44.8000,713.9125
44.8100,761.5475
44.8200,749.2650
44.8300,759.3375
44.8400,717.4600
44.8500,632.3225
44.8600,595.5275
44.8700,551.0000
44.8800,560.3550
44.8900,555.5125
44.9000,517.7675
44.9100,545.5500
44.9200,571.3900
44.9300,556.4100
44.9400,589.3425
44.9500,631.6300
44.9600,585.7650
44.9700,498.2800
44.9800,463.3325
44.9900,440.1425
45.0000,402.0900
45.0100,417.5425
45.0200,413.0050
45.0300,391.4075
45.0400,413.1050
45.0500,414.6075
45.0600,395.6425
45.0700,407.2900
45.0800,396.9650
45.0900,389.5900
45.1000,389.0000
45.1100,383.3325
45.1200,383.3325
45.1300,392.8950
45.1400,400.0000
45.1500,403.8200
45.1600,414.3000
45.1700,404.7450
45.1800,397.1450
45.1900,413.3275
45.2000,436.6525
45.2100,444.7650
45.2200,430.0350
45.2300,431.3900
45.2400,415.3400
45.2500,411.8300
45.2600,453.6400
45.2700,488.0225
45.2800,496.6675
45.2900,523.1250
45.3000,533.8900
45.3100,521.0050
45.3200,535.5250
45.3300,540.5775
45.3400,563.4600
45.3500,582.9025
45.3600,564.9575
45.3700,553.3325
45.3800,549.5775
45.3900,514.7750
45.4000,476.8775
45.4100,479.7800
45.4200,503.1025
45.4300,543.2625
45.4400,536.7600
45.4500,502.1275
45.4600,530.6600
45.4700,532.0250
45.4800,515.5900
45.4900,501.3775
45.5000,466.1975
45.5100,470.4550
45.5200,514.5400
45.5300,519.9550
45.5400,508.5225
45.5500,528.5400
45.5600,572.9775
45.5700,591.1125
45.5800,653.2675
45.5900,812.0425
45.6000,929.9175
45.6100,1060.0425
45.6200,1230.0300
45.6300,1368.2025
45.6400,1520.9550
45.6500,1664.4200
45.6600,1696.4350
45.6700,1632.2150
45.6800,1580.4775
45.6900,1579.1750
45.7000,1568.3275
45.7100,1509.3525
45.7200,1476.9950
45.7300,1443.4025
45.7400,1352.9900
45.7500,1281.4075
45.7600,1277.9400
45.7700,1279.0525
45.7800,1215.3025
45.7900,1155.4250
45.8000,1139.6925
45.8100,1122.1125
45.8200,1110.0000
45.8300,1071.8500
45.8400,1010.9550
45.8500,954.0150
45.8600,917.6025
45.8700,859.2800
45.8800,776.8450
45.8900,727.0550
45.9000,664.5300
45.9100,599.8525
45.9200,542.0975
45.9300,490.1600
45.9400,482.3450
45.9500,486.3975
45.9600,488.7325
45.9700,487.9375
45.9800,467.1600
45.9900,460.5175
46.0000,473.8450
46.0100,478.2075
46.0200,462.3300
46.0300,432.0925
46.0400,438.1400
46.0500,467.3950
46.0600,471.3050
46.0700,445.2400
46.0800,415.9600
46.0900,399.5350
46.1000,409.3700
46.1100,407.3100
46.1200,387.9950
46.1300,370.8875
46.1400,370.6600
46.1500,383.5500
46.1600,383.1175
46.1700,390.6375
46.1800,380.5125
46.1900,345.6300
46.2000,326.4625
46.2100,353.3875
46.2200,397.6650
46.2300,383.3225
46.2400,353.1375
46.2500,379.9675
46.2600,383.7650
46.2700,382.6975
46.2800,424.6275
46.2900,432.6050
46.3000,414.7300
46.3100,441.5975
46.3200,448.9500
46.3300,414.2250
46.3400,463.0600
46.3500,521.7500
46.3600,530.3300
46.3700,536.6675
46.3800,559.3750
46.3900,625.3825
46.4000,705.0425
46.4100,743.4850
46.4200,739.7000
46.4300,750.7400
46.4400,737.0975
46.4500,699.5700
46.4600,691.7375
46.4700,667.2975
46.4800,619.0500
46.4900,607.0675
46.5000,599.3450
46.5100,559.1000
46.5200,543.5850
46.5300,544.8150
46.5400,595.2750
46.5500,634.5850
46.5600,623.3325
46.5700,576.7925
46.5800,514.3850
46.5900,515.6025
46.6000,507.5300
46.6100,486.7725
46.6200,483.1300
46.6300,452.6350
46.6400,436.8625
46.6500,436.4775
46.6600,411.1575
46.6700,400.1800
46.6800,392.9825
46.6900,393.6750
46.7000,410.0825
46.7100,413.3325
46.7200,425.2750
46.7300,426.4375
46.7400,394.5200
46.7500,385.2500
46.7600,411.9775
46.7700,402.8650
46.7800,368.1075
46.7900,356.6675
46.8000,383.8125
46.8100,413.3900
46.8200,425.1375
46.8300,431.6400
46.8400,433.3850
46.8500,411.3025
46.8600,373.1500
46.8700,378.5750
46.8800,413.5400
46.8900,423.2550
46.9000,414.9825
46.9100,420.0700
46.9200,436.7650
46.9300,448.3475
46.9400,438.2350
46.9500,450.1800
46.9600,475.0125
46.9700,466.6025
46.9800,446.6100
46.9900,441.6925
47.0000,438.2975
47.0100,436.6900
47.0200,461.7200
47.0300,490.0225
47.0400,488.3150
47.0500,481.6725
47.0600,495.0025
47.0700,508.3325
47.0800,526.6525
47.0900,561.6300
47.1000,588.3225
47.1100,618.2575
47.1200,643.3325
47.1300,610.1475
47.1400,586.6150
47.1500,638.0950
47.1600,686.6250
47.1700,658.5800
47.1800,638.2175
47.1900,631.8475
47.2000,606.6975
47.2100,575.2725
47.2200,535.1200
47.2300,498.6075
47.2400,483.2175
47.2500,506.5025
47.2600,516.7100
47.2700,506.7575
47.2800,496.7150
47.2900,480.1975
47.3000,471.5900
47.3100,463.5475
47.3200,472.9425
47.3300,490.1150
47.3400,462.0575
47.3500,435.0925
47.3600,426.7300
47.3700,436.4000
47.3800,432.0450
47.3900,429.6450
47.4000,404.2825
47.4100,360.0000
47.4200,381.1650
47.4300,395.1975
47.4400,391.5450
47.4500,396.6675
47.4600,391.7950
47.4700,404.5175
47.4800,434.6850
47.4900,430.4600
47.5000,405.2350
47.5100,441.9900
47.5200,491.6175
47.5300,514.3500
47.5400,544.7450
47.5500,584.0100
47.5600,645.7100
47.5700,708.9150
47.5800,759.4475
47.5900,773.4450
47.6000,800.5775
47.6100,809.2075
47.6200,812.2650
47.6300,848.1525
47.6400,845.3075
47.6500,844.6875
47.6600,840.5075
47.6700,764.1800
47.6800,683.8575
47.6900,668.4000
47.7000,658.6700
47.7100,619.6350
47.7200,586.6675
47.7300,581.8775
47.7400,568.6900
47.7500,561.5950
47.7600,579.2650
47.7700,591.8900
47.7800,561.2075
47.7900,541.2850
47.8000,518.2150
47.8100,510.3325
47.8200,509.8425
47.8300,463.9775
47.8400,451.5850
47.8500,432.7375
47.8600,395.7500
47.8700,373.6700
47.8800,393.5500
47.8900,415.4325
47.9000,389.2925
47.9100,381.0500
47.9200,377.5600
47.9300,366.3050
47.9400,370.1825
47.9500,368.2400
47.9600,366.8525
47.9700,349.1800
47.9800,349.0500
47.9900,390.2275
48.0000,402.5400
48.0100,399.2175
48.0200,389.8150
48.0300,372.7350
48.0400,391.1625
48.0500,407.8250
48.0600,427.6150
48.0700,429.0575
48.0800,422.9150
48.0900,444.0500
48.1000,439.7175
48.1100,393.2775
48.1200,402.5075
48.1300,466.6950
48.1400,524.4625
48.1500,574.0000
48.1600,566.6800
48.1700,533.7850
48.1800,508.0350
48.1900,488.2175
48.2000,486.8975
48.2100,461.6350
48.2200,436.6675
48.2300,449.0525
48.2400,466.4275
48.2500,499.3800
48.2600,547.2425
48.2700,567.9675
48.2800,584.1375
48.2900,596.6675
48.3000,604.3750
48.3100,661.0975
48.3200,753.6225
48.3300,795.1275
48.3400,807.1750
48.3500,789.5150
48.3600,750.0000
48.3700,766.8900
48.3800,755.9775
48.3900,681.6600
48.4000,650.4600
48.4100,645.2225
48.4200,598.5675
48.4300,573.3325
48.4400,590.1525
48.4500,626.8100
48.4600,619.1750
48.4700,611.0900
48.4800,623.2200
48.4900,600.2850
48.5000,573.8100
48.5100,511.6400
48.5200,463.9125
48.5300,438.4125
48.5400,401.4650
48.5500,383.3325
48.5600,374.2225
48.5700,366.3675
48.5800,380.6175
48.5900,399.3975
48.6000,403.6375
48.6100,395.4575
48.6200,380.9200
48.6300,362.4375
48.6400,372.9850
48.6500,378.5375
48.6600,364.2150
48.6700,392.9500
48.6800,440.7975
48.6900,421.7650
48.7000,369.3600
48.7100,381.1825
48.7200,379.1425
48.7300,379.0225
48.7400,379.4775
48.7500,368.1700
48.7600,380.5100
48.7700,390.3325
48.7800,385.1675
48.7900,383.3325
48.8000,390.8225
48.8100,401.4975
48.8200,419.7925
48.8300,448.9725
48.8400,467.4725
48.8500,461.7275
48.8600,483.6450
48.8700,572.1325
48.8800,649.8275
48.8900,701.5725
48.9000,667.8575
48.9100,624.1775
48.9200,636.6075
48.9300,603.6400
48.9400,572.9275
48.9500,571.8850
48.9600,573.3025
48.9700,564.0875
48.9800,620.7975
48.9900,674.0700
49.0000,629.6250
49.0100,624.7975
49.0200,694.4275
49.0300,722.5825
49.0400,703.3875
49.0500,659.6575
49.0600,627.4675
49.0700,623.9975
49.0800,629.3475
49.0900,609.2300
49.1000,616.6675
49.1100,628.4500
49.1200,643.3325
49.1300,662.4600
49.1400,692.5475
49.1500,672.0750
49.1600,627.8525
49.1700,603.4525
49.1800,585.2000
49.1900,568.6675
49.2000,548.5350
49.2100,539.3425
49.2200,521.2150
49.2300,504.1450
49.2400,517.1450
49.2500,506.7850
49.2600,457.0775
49.2700,484.0025
49.2800,502.8975
49.2900,466.4550
49.3000,481.0375
49.3100,512.2950
49.3200,464.4250
49.3300,421.6475
49.3400,441.0325
49.3500,453.9375
49.3600,445.8900
49.3700,410.2575
49.3800,390.4300
49.3900,392.4725
49.4000,407.2525
49.4100,423.9150
49.4200,408.7000
49.4300,366.5275
49.4400,354.7800
49.4500,382.7100
49.4600,413.7750
49.4700,398.4375
49.4800,367.4425
49.4900,358.2175
49.5000,387.7650
49.5100,402.3400
49.5200,398.1075
49.5300,404.3225
49.5400,421.5225
49.5500,426.5900
49.5600,417.6500
49.5700,427.6475
49.5800,436.2075
49.5900,445.7475
49.6000,454.7700
49.6100,485.3700
49.6200,511.8575
49.6300,480.8950
49.6400,470.0300
49.6500,489.0625
49.6600,460.8775
49.6700,406.1800
49.6800,369.4950
49.6900,354.7750
49.7000,387.6200
49.7100,401.9025
49.7200,427.6075
49.7300,453.8000
49.7400,461.9075
49.7500,432.9200
49.7600,395.2425
49.7700,401.8750
49.7800,409.0650
49.7900,386.2650
49.8000,378.9725
49.8100,391.4750
49.8200,371.4775
49.8300,358.5800
49.8400,356.6675
49.8500,377.9400
49.8600,413.7550
49.8700,402.0800
49.8800,357.7550
49.8900,349.4075
49.9000,366.6675
49.9100,369.4950
49.9200,381.8150
49.9300,404.6350
49.9400,401.6425
49.9500,378.0775
49.9600,394.1075
49.9700,420.3850
49.9800,430.0000
49.9900,430.0000
50.0000,430.0000
