#Intensity_unit=cps
#Attenuator_coefficient=1.0000
10.0000,838.6775
10.0100,836.3675
10.0200,936.7925
10.0300,922.4025
10.0400,856.3325
10.0500,822.7250
10.0600,823.0300
10.0700,862.7025
10.0800,890.8825
10.0900,857.0225
10.1000,862.4075
10.1100,842.1675
10.1200,846.0450
10.1300,753.0075
10.1400,770.5150
10.1500,848.8050
10.1600,865.7200
10.1700,836.5025
10.1800,848.4100
10.1900,910.2825
10.2000,895.5750
10.2100,869.2400
10.2200,854.6250
10.2300,838.2875
10.2400,821.6250
10.2500,835.0350
10.2600,872.7350
10.2700,924.7400
10.2800,884.9500
10.2900,898.0125
10.3000,824.9750
10.3100,861.6625
10.3200,875.6625
10.3300,846.6925
10.3400,882.2825
10.3500,895.6525
10.3600,857.7475
10.3700,844.3550
10.3800,873.2450
10.3900,849.7575
10.4000,834.7125
10.4100,839.3075
10.4200,851.9450
10.4300,871.2450
10.4400,813.6550
10.4500,851.4075
10.4600,847.7225
10.4700,933.0925
10.4800,850.9850
10.4900,878.7100
10.5000,886.3100
10.5100,847.9875
10.5200,804.6700
10.5300,823.7825
10.5400,853.4100
10.5500,829.9350
10.5600,826.6675
10.5700,859.3125
10.5800,881.1325
10.5900,865.5425
10.6000,780.3400
10.6100,826.2925
10.6200,839.2575
10.6300,848.8800
10.6400,852.9600
10.6500,803.0525
10.6600,811.4500
10.6700,839.9300
10.6800,769.4850
10.6900,774.7625
10.7000,800.2775
10.7100,764.9825
10.7200,810.1300
10.7300,760.6625
10.7400,812.2600
10.7500,855.3400
10.7600,839.3950
10.7700,813.1275
10.7800,836.4700
10.7900,801.7825
10.8000,840.7450
10.8100,861.3525
10.8200,848.6525
10.8300,817.3200
10.8400,813.3325
10.8500,880.7725
10.8600,939.8250
10.8700,879.2875
10.8800,849.5025
10.8900,837.8850
10.9000,766.4525
10.9100,821.0025
10.9200,821.2300
10.9300,822.9225
10.9400,840.8550
10.9500,817.0625
10.9600,842.5100
10.9700,811.6700
10.9800,771.6850
10.9900,819.1150
11.0000,835.4050
11.0100,807.5550
11.0200,876.0800
11.0300,877.9400
11.0400,853.4100
11.0500,791.8825
11.0600,850.1375
11.0700,816.4525
11.0800,818.7050
11.0900,799.6950
11.1000,840.1550
11.1100,803.1975
11.1200,738.7350
11.1300,764.7425
11.1400,810.5150
11.1500,909.2275
11.1600,787.4475
11.1700,804.2350
11.1800,873.5475
11.1900,915.0925
11.2000,836.3125
11.2100,829.1025
11.2200,830.0000
11.2300,792.5375
11.2400,766.5050
11.2500,774.8500
11.2600,857.2425
11.2700,835.4850
11.2800,792.6250
11.2900,803.9075
11.3000,849.7500
11.3100,839.4425
11.3200,767.8000
11.3300,776.7425
11.3400,851.6675
11.3500,765.9100
11.3600,772.9125
11.3700,842.5075
11.3800,870.5000
11.3900,853.3150
11.4000,858.5750
11.4100,808.5725
11.4200,777.1550
11.4300,824.7125
11.4400,887.5400
11.4500,833.9325
11.4600,797.6825
11.4700,821.8200
11.4800,812.4300
11.4900,761.6175
11.5000,741.9550
11.5100,703.0375
11.5200,747.8200
11.5300,836.1975
11.5400,852.8400
11.5500,782.3925
11.5600,778.5075
11.5700,816.8525
11.5800,806.3325
11.5900,823.1575
11.6000,804.0225
11.6100,788.6825
11.6200,800.8050
11.6300,803.3325
11.6400,834.4075
11.6500,823.0600
11.6600,803.0675
11.6700,780.2550
11.6800,720.2825
11.6900,735.3600
11.7000,796.3275
11.7100,798.2225
11.7200,754.4650
11.7300,771.9750
11.7400,813.2050
11.7500,772.2425
11.7600,768.9500
11.7700,781.2250
11.7800,735.6500
11.7900,751.8975
11.8000,776.2800
11.8100,810.8050
11.8200,769.0825
11.8300,821.5500
11.8400,892.0550
11.8500,894.9500
11.8600,837.4675
11.8700,790.3725
11.8800,774.9625
11.8900,767.7550
11.9000,802.9050
11.9100,804.4275
11.9200,792.1950
11.9300,745.4700
11.9400,783.9550
11.9500,823.9150
11.9600,757.7525
11.9700,740.5550
11.9800,731.6725
11.9900,754.9700
12.0000,760.0000
12.0100,796.0275
12.0200,795.0225
12.0300,762.8800
12.0400,728.9975
12.0500,750.9875
12.0600,759.4300
12.0700,732.3750
12.0800,745.9950
12.0900,752.7600
12.1000,731.2700
12.1100,754.2325
12.1200,713.1625
12.1300,706.0875
12.1400,786.4775
12.1500,729.0675
12.1600,738.0750
12.1700,680.1375
12.1800,702.3675
12.1900,731.9575
12.2000,736.6675
12.2100,755.8575
12.2200,828.5025
12.2300,799.5150
12.2400,713.3600
12.2500,748.6425
12.2600,760.0000
12.2700,719.0100
12.2800,677.2275
12.2900,689.1075
12.3000,736.9825
12.3100,752.1200
12.3200,747.8825
12.3300,773.9025
12.3400,752.7800
12.3500,741.2250
12.3600,818.8500
12.3700,858.4050
12.3800,825.3100
12.3900,748.8075
12.4000,757.7475
12.4100,714.5300
12.4200,722.3025
12.4300,702.2925
12.4400,729.1475
12.4500,796.1800
12.4600,799.1850
12.4700,745.3275
12.4800,754.9375
12.4900,743.8050
12.5000,718.4200
12.5100,751.0750
12.5200,803.1100
12.5300,781.0200
12.5400,732.9650
12.5500,696.4375
12.5600,690.0000
12.5700,735.6725
12.5800,733.2425
12.5900,705.8475
12.6000,708.0450
12.6100,752.8850
12.6200,760.6550
12.6300,735.9050
12.6400,746.0550
12.6500,750.0000
12.6600,696.5500
12.6700,696.6875
12.6800,705.3400
12.6900,695.9950
12.7000,773.3200
12.7100,766.6875
12.7200,730.7050
12.7300,781.8875
12.7400,812.6275
12.7500,784.7650
12.7600,760.7250
12.7700,772.5975
12.7800,771.3600
12.7900,711.6550
12.8000,707.2675
12.8100,723.2450
12.8200,726.6675
12.8300,724.0200
12.8400,736.5550
12.8500,779.6375
12.8600,774.1550
12.8700,788.4750
12.8800,753.7675
12.8900,732.7900
12.9000,727.3650
12.9100,731.9325
12.9200,735.9650
12.9300,765.5925
12.9400,752.3075
12.9500,709.8950
12.9600,744.6225
12.9700,777.6525
12.9800,757.1175
12.9900,729.0400
13.0000,794.0300
13.0100,792.4000
13.0200,718.6725
13.0300,702.6125
13.0400,732.0650
13.0500,724.3375
13.0600,756.5225
13.0700,685.8475
13.0800,652.9125
13.0900,642.1875
13.1000,681.6350
13.1100,675.1300
13.1200,693.3900
13.1300,700.0000
13.1400,720.7650
13.1500,742.2300
13.1600,700.0025
13.1700,699.6200
13.1800,747.3475
13.1900,757.4125
13.2000,704.9500
13.2100,684.8325
13.2200,716.9075
13.2300,687.9525
13.2400,650.8750
13.2500,715.5075
13.2600,754.6975
13.2700,698.2175
13.2800,623.4025
13.2900,634.9475
13.3000,666.4575
13.3100,678.4675
13.3200,674.8675
13.3300,678.4625
13.3400,690.2500
13.3500,706.1375
13.3600,710.0000
13.3700,666.5200
13.3800,686.5625
13.3900,666.0150
13.4000,633.6925
13.4100,629.2175
13.4200,691.1850
13.4300,666.6900
13.4400,691.5225
13.4500,667.7125
13.4600,654.1250
13.4700,673.6625
13.4800,733.3250
13.4900,704.3225
13.5000,702.6800
13.5100,678.7900
13.5200,677.5975
13.5300,682.5300
13.5400,642.8650
13.5500,665.3850
13.5600,681.7175
13.5700,695.9550
13.5800,692.4325
13.5900,662.2725
13.6000,696.1575
13.6100,730.1400
13.6200,734.1500
13.6300,748.4175
13.6400,705.6000
13.6500,667.4050
13.6600,700.1425
13.6700,703.3050
13.6800,712.5275
13.6900,671.6000
13.7000,614.1325
13.7100,670.0075
13.7200,708.3250
13.7300,678.3775
13.7400,666.6675
13.7500,666.6675
13.7600,684.1075
13.7700,699.9600
13.7800,690.8925
13.7900,718.9925
13.8000,744.9100
13.8100,707.7875
13.8200,725.5925
13.8300,669.7150
13.8400,656.5775
13.8500,647.6200
13.8600,623.5375
13.8700,609.2475
13.8800,675.8550
13.8900,700.0000
13.9000,672.8575
13.9100,648.5375
13.9200,635.9400
13.9300,633.3325
13.9400,616.1100
13.9500,669.0125
13.9600,690.0000
13.9700,685.0900
13.9800,639.1675
13.9900,635.5925
14.0000,642.4500
14.0100,609.0575
14.0200,628.4725
14.0300,627.7750
14.0400,642.8775
14.0500,635.3525
14.0600,625.1200
14.0700,642.8350
14.0800,669.4875
14.0900,664.4950
14.1000,706.2175
14.1100,733.0575
14.1200,709.9475
14.1300,668.4450
14.1400,671.2200
14.1500,669.3950
14.1600,700.5750
14.1700,691.5525
14.1800,705.1000
14.1900,725.4175
14.2000,708.2675
14.2100,697.5875
14.2200,694.2550
14.2300,690.9250
14.2400,759.8250
14.2500,781.8550
14.2600,746.3425
14.2700,738.1375
14.2800,759.2050
14.2900,716.2925
14.3000,735.0200
14.3100,754.7900
14.3200,730.3375
14.3300,688.9075
14.3400,686.2250
14.3500,637.4625
14.3600,599.9625
14.3700,641.0225
14.3800,664.7650
14.3900,657.1425
14.4000,610.5100
14.4100,605.2200
14.4200,690.7675
14.4300,699.5975
14.4400,654.4225
14.4500,644.7400
14.4600,611.1425
14.4700,613.2325
14.4800,624.7300
14.4900,638.4800
14.5000,655.1375
14.5100,669.4375
14.5200,628.5425
14.5300,602.9325
14.5400,583.5225
14.5500,621.3525
14.5600,647.0500
14.5700,654.6975
14.5800,651.9725
14.5900,659.3775
14.6000,637.5625
14.6100,673.4875
14.6200,709.7075
14.6300,674.5950
14.6400,659.0025
14.6500,653.0000
14.6600,650.0000
14.6700,638.3500
14.6800,631.0050
14.6900,604.4100
14.7000,635.1750
14.7100,648.6875
14.7200,644.3450
14.7300,643.3325
14.7400,622.4800
14.7500,580.9200
14.7600,589.8000
14.7700,627.7400
14.7800,640.0000
14.7900,670.0025
14.8000,683.3325
14.8100,690.2450
14.8200,658.7975
14.8300,657.1375
14.8400,720.8000
14.8500,719.1050
14.8600,692.8975
14.8700,700.4250
14.8800,683.7550
14.8900,655.0175
14.9000,671.8300
14.9100,674.1900
14.9200,660.8650
14.9300,674.9225
14.9400,630.8925
14.9500,608.9450
14.9600,621.3825
14.9700,599.3725
14.9800,584.3950
14.9900,592.4150
15.0000,610.2800
15.0100,605.3325
15.0200,633.9750
15.0300,697.5275
15.0400,670.2525
15.0500,603.7375
15.0600,630.7425
15.0700,705.2125
15.0800,698.4475
15.0900,647.3025
15.1000,648.0000
15.1100,643.1775
15.1200,620.9425
15.1300,606.6000
15.1400,596.6050
15.1500,617.9800
15.1600,627.7625
15.1700,622.1925
15.1800,579.7725
15.1900,575.6300
15.2000,598.9500
15.2100,599.9800
15.2200,587.7575
15.2300,625.6150
15.2400,639.9975
15.2500,630.0025
15.2600,624.4475
15.2700,632.2050
15.2800,603.4300
15.2900,562.3125
15.3000,541.1525
15.3100,563.1875
15.3200,594.3325
15.3300,570.2400
15.3400,570.9675
15.3500,624.0475
15.3600,640.0650
15.3700,625.6725
15.3800,578.2625
15.3900,596.1725
15.4000,614.4750
15.4100,578.2775
15.4200,538.1100
15.4300,592.2775
15.4400,648.5175
15.4500,640.3500
15.4600,640.9075
15.4700,622.6950
15.4800,592.5800
15.4900,561.5775
15.5000,567.3875
15.5100,587.5250
15.5200,582.4850
15.5300,591.8400
15.5400,636.8175
15.5500,667.4850
15.5600,625.7700
15.5700,625.9200
15.5800,644.3150
15.5900,635.8850
15.6000,619.2300
15.6100,613.3325
15.6200,600.4325
15.6300,610.5200
15.6400,620.0000
15.6500,589.9775
15.6600,560.4775
15.6700,551.1925
15.6800,571.3850
15.6900,617.5200
15.7000,636.6675
15.7100,617.4725
15.7200,591.7525
15.7300,555.6600
15.7400,518.7325
15.7500,523.6650
15.7600,567.3000
15.7700,563.3375
15.7800,550.0000
15.7900,579.6375
15.8000,548.0225
15.8100,545.3575
15.8200,566.3325
15.8300,601.6375
15.8400,588.3925
15.8500,563.6850
15.8600,568.4125
15.8700,594.3450
15.8800,577.2775
15.8900,591.4575
15.9000,649.8100
15.9100,646.1200
15.9200,632.0925
15.9300,633.3325
15.9400,595.7625
15.9500,579.5900
15.9600,629.1675
15.9700,652.5050
15.9800,614.6500
15.9900,589.1775
16.0000,603.2700
16.0100,592.6000
16.0200,563.4275
16.0300,574.0275
16.0400,570.1275
16.0500,580.6550
16.0600,568.5725
16.0700,518.2900
16.0800,527.5575
16.0900,575.4700
16.1000,564.5575
16.1100,558.9875
16.1200,605.6450
16.1300,640.2475
16.1400,640.5250
16.1500,624.3950
16.1600,622.7975
16.1700,614.4175
16.1800,604.6275
16.1900,595.1850
16.2000,585.9300
16.2100,583.3325
16.2200,556.9250
16.2300,574.4975
16.2400,616.9400
16.2500,619.8725
16.2600,623.4500
16.2700,585.5325
16.2800,538.4950
16.2900,544.8225
16.3000,552.6375
16.3100,562.0800
16.3200,572.0100
16.3300,579.3600
16.3400,601.3975
16.3500,583.2575
16.3600,553.3175
16.3700,562.6750
16.3800,573.3325
16.3900,545.3775
16.4000,524.6725
16.4100,553.2250
16.4200,591.2500
16.4300,577.4800
16.4400,512.3200
16.4500,505.8000
16.4600,543.1600
16.4700,530.9200
16.4800,509.3750
16.4900,532.3600
16.5000,565.7950
16.5100,562.8600
16.5200,594.7100
16.5300,637.1125
16.5400,605.3750
16.5500,562.9175
16.5600,553.3325
16.5700,565.0950
16.5800,569.4175
16.5900,560.7975
16.6000,529.3125
16.6100,550.9900
16.6200,562.4525
16.6300,563.6350
16.6400,577.2250
16.6500,583.8875
16.6600,582.7825
16.6700,589.6975
16.6800,600.5425
16.6900,593.6575
16.7000,577.0000
16.7100,554.5500
16.7200,541.4050
16.7300,536.1450
16.7400,523.7075
16.7500,522.4350
16.7600,540.1125
16.7700,544.2425
16.7800,587.9200
16.7900,594.6125
16.8000,603.9350
16.8100,580.8150
16.8200,554.3000
16.8300,531.4050
16.8400,546.1825
16.8500,531.4850
16.8600,520.9000
16.8700,542.3600
16.8800,523.9150
16.8900,510.4550
16.9000,554.9525
16.9100,560.2100
16.9200,562.6500
16.9300,580.0000
16.9400,538.5650
16.9500,501.0225
16.9600,530.4925
16.9700,541.6500
16.9800,550.6250
16.9900,561.0475
17.0000,558.5375
17.0100,550.6575
17.0200,552.6675
17.0300,541.3550
17.0400,547.1525
17.0500,563.3325
17.0600,604.2150
17.0700,614.3925
17.0800,563.2950
17.0900,558.8900
17.1000,535.9700
17.1100,507.0275
17.1200,508.1550
17.1300,515.8850
17.1400,550.9525
17.1500,578.8500
17.1600,563.1250
17.1700,539.3275
17.1800,540.6650
17.1900,544.8350
17.2000,521.3900
17.2100,539.8650
17.2200,529.8625
17.2300,500.3125
17.2400,514.2550
17.2500,526.9700
17.2600,546.3425
17.2700,523.7250
17.2800,477.0275
17.2900,472.3800
17.3000,521.5700
17.3100,525.9775
17.3200,512.6225
17.3300,532.3375
17.3400,538.2000
17.3500,536.6675
17.3600,540.2550
17.3700,523.6150
17.3800,542.4725
17.3900,575.1225
17.4000,562.3775
17.4100,578.5425
17.4200,603.3325
17.4300,590.8750
17.4400,620.8825
17.4500,628.2600
17.4600,592.6950
17.4700,578.0200
17.4800,537.9550
17.4900,522.5675
17.5000,529.6075
17.5100,521.5700
17.5200,544.6450
17.5300,550.8425
17.5400,550.7150
17.5500,544.0400
17.5600,552.9425
17.5700,569.6675
17.5800,528.3850
17.5900,517.6100
17.6000,568.0425
17.6100,575.7750
17.6200,561.8825
17.6300,580.5600
17.6400,605.4750
17.6500,609.7375
17.6600,591.2225
17.6700,567.9050
17.6800,586.0050
17.6900,571.9650
17.7000,533.3325
17.7100,535.0525
17.7200,557.2725
17.7300,545.7975
17.7400,532.0825
17.7500,539.8250
17.7600,533.3325
17.7700,533.3325
17.7800,536.7425
17.7900,534.8950
17.8000,536.8000
17.8100,539.9375
17.8200,562.0975
17.8300,574.8150
17.8400,543.0400
17.8500,518.2675
17.8600,531.8875
17.8700,566.8450
17.8800,534.5475
17.8900,474.9050
17.9000,495.2125
17.9100,543.4250
17.9200,546.6125
17.9300,511.6050
17.9400,505.0225
17.9500,546.6725
17.9600,589.9800
17.9700,593.3650
17.9800,558.4150
17.9900,508.4775
18.0000,499.8725
18.0100,518.3450
18.0200,515.0150
18.0300,518.2825
18.0400,508.5075
18.0500,493.3325
18.0600,513.0475
18.0700,541.5375
18.0800,545.0850
18.0900,515.4575
18.1000,517.7775
18.1100,525.4525
18.1200,518.0000
18.1300,565.8800
18.1400,578.8725
18.1500,537.1925
18.1600,524.7700
18.1700,544.6625
18.1800,543.7375
18.1900,533.2275
18.2000,543.1150
18.2100,532.2950
18.2200,524.5850
18.2300,547.9025
18.2400,576.0300
18.2500,567.7200
18.2600,543.1975
18.2700,532.3000
18.2800,480.0025
18.2900,471.8375
18.3000,540.0500
18.3100,570.3175
18.3200,563.3325
18.3300,544.3375
18.3400,554.9475
18.3500,594.7350
18.3600,603.1525
18.3700,638.1475
18.3800,690.6225
18.3900,757.0875
18.4000,899.3400
18.4100,1073.5625
18.4200,1211.3675
18.4300,1371.6550
18.4400,1597.0975
18.4500,1813.8125
18.4600,1941.3050
18.4700,1985.7475
18.4800,2026.3400
18.4900,2052.0250
18.5000,2059.0275
18.5100,2011.6225
18.5200,1924.5950
18.5300,1935.8925
18.5400,1824.0800
18.5500,1516.8275
18.5600,1307.6575
18.5700,1196.4750
18.5800,1084.4675
18.5900,980.9225
18.6000,855.1075
18.6100,744.1550
18.6200,702.7075
18.6300,668.7800
18.6400,614.5775
18.6500,546.7525
18.6600,539.8650
18.6700,564.9325
18.6800,539.1450
18.6900,546.5250
18.7000,554.6675
18.7100,553.4800
18.7200,567.0100
18.7300,576.7725
18.7400,553.0775
18.7500,492.9125
18.7600,491.8900
18.7700,509.6350
18.7800,514.8150
18.7900,522.5850
18.8000,528.5225
18.8100,511.9150
18.8200,490.3875
18.8300,492.5475
18.8400,519.0875
18.8500,525.7425
18.8600,504.7975
18.8700,511.0500
18.8800,521.0450
18.8900,516.4675
18.9000,520.7875
18.9100,525.9050
18.9200,500.4325
18.9300,502.4575
18.9400,512.8900
18.9500,533.9850
18.9600,532.1725
18.9700,514.3850
18.9800,497.4250
18.9900,460.0375
19.0000,507.6950
19.0100,551.9050
19.0200,547.1450
19.0300,533.3600
19.0400,534.2250
19.0500,527.7675
19.0600,477.7350
19.0700,476.4875
19.0800,499.0925
19.0900,501.8000
19.1000,514.7425
19.1100,525.1050
19.1200,546.4975
19.1300,527.7550
19.1400,480.5350
19.1500,458.5000
19.1600,445.8900
19.1700,500.9375
19.1800,538.0375
19.1900,541.6550
19.2000,560.0350
19.2100,517.2975
19.2200,494.1450
19.2300,515.1675
19.2400,517.3925
19.2500,503.7425
19.2600,517.8450
19.2700,482.6050
19.2800,458.3750
19.2900,492.2850
19.3000,499.0975
19.3100,486.0550
19.3200,484.5675
19.3300,488.8700
19.3400,493.1300
19.3500,477.3875
19.3600,491.4275
19.3700,507.3725
19.3800,487.7925
19.3900,454.0250
19.4000,480.0950
19.4100,530.0600
19.4200,549.3200
19.4300,521.3400
19.4400,494.0200
19.4500,498.5925
19.4600,538.5975
19.4700,534.1700
19.4800,488.1100
19.4900,464.7250
19.5000,452.7175
19.5100,471.6350
19.5200,508.6875
19.5300,514.5225
19.5400,517.5175
19.5500,495.5050
19.5600,467.7050
19.5700,455.0350
19.5800,473.3325
19.5900,468.1525
19.6000,439.3100
19.6100,427.3200
19.6200,467.7300
19.6300,487.7175
19.6400,514.1225
19.6500,518.7275
19.6600,487.4425
19.6700,484.6100
19.6800,475.1975
19.6900,460.4825
19.7000,473.0150
19.7100,483.3325
19.7200,495.9825
19.7300,498.9900
19.7400,475.0425
19.7500,483.3325
19.7600,479.5675
19.7700,463.3075
19.7800,461.6775
19.7900,504.1475
19.8000,508.4075
19.8100,467.9100
19.8200,462.5500
19.8300,448.7600
19.8400,445.4300
19.8500,466.7875
19.8600,501.7375
19.8700,481.0350
19.8800,469.8200
19.8900,471.9650
19.9000,446.6675
19.9100,462.5300
19.9200,486.3450
19.9300,477.5700
19.9400,479.4000
19.9500,491.2100
19.9600,499.3750
19.9700,505.1750
19.9800,507.5000
19.9900,517.0550
20.0000,496.4025
20.0100,487.6075
20.0200,483.3325
20.0300,477.3725
20.0400,459.5300
20.0500,471.5975
20.0600,522.5900
20.0700,516.7775
20.0800,476.0450
20.0900,456.6675
20.1000,461.3675
20.1100,480.5575
20.1200,505.8525
20.1300,513.1625
20.1400,499.6725
20.1500,477.3600
20.1600,462.3225
20.1700,464.3500
20.1800,439.1850
20.1900,419.6175
20.2000,469.3350
20.2100,478.3925
20.2200,441.9725
20.2300,426.6675
20.2400,443.7975
20.2500,475.5275
20.2600,476.7450
20.2700,483.3325
20.2800,472.0075
20.2900,462.4325
20.3000,475.3900
20.3100,454.4575
20.3200,465.6500
20.3300,473.2475
20.3400,457.8050
20.3500,472.2450
20.3600,479.9925
20.3700,478.8875
20.3800,491.1075
20.3900,486.6950
20.4000,464.5025
20.4100,453.2750
20.4200,469.9625
20.4300,484.3425
20.4400,519.6950
20.4500,553.4500
20.4600,546.5375
20.4700,573.0450
20.4800,617.3550
20.4900,691.2125
20.5000,785.1175
20.5100,838.2150
20.5200,899.4575
20.5300,965.5125
20.5400,1071.8600
20.5500,1147.9950
20.5600,1116.4250
20.5700,1104.1600
20.5800,1155.1525
20.5900,1095.8200
20.6000,1029.2775
20.6100,994.3725
20.6200,929.1625
20.6300,877.7150
20.6400,850.7100
20.6500,782.4925
20.6600,741.0525
20.6700,655.4550
20.6800,616.0775
20.6900,590.6925
20.7000,559.6850
20.7100,538.7250
20.7200,562.8425
20.7300,598.4725
20.7400,583.0650
20.7500,607.3325
20.7600,684.3000
20.7700,798.4125
20.7800,876.4925
20.7900,939.9925
20.8000,1074.0900
20.8100,1247.8725
20.8200,1324.2850
20.8300,1294.0025
20.8400,1384.5350
20.8500,1535.9250
20.8600,1583.2625
20.8700,1611.6200
20.8800,1594.6800
20.8900,1486.2575
20.9000,1331.9950
20.9100,1156.0650
20.9200,1020.6875
20.9300,882.6750
20.9400,815.6925
20.9500,772.5525
20.9600,648.1500
20.9700,582.8025
20.9800,559.8425
20.9900,529.5500
21.0000,524.2025
21.0100,484.7250
21.0200,482.4125
21.0300,529.0475
21.0400,520.9725
21.0500,517.0800
21.0600,536.7250
21.0700,512.4650
21.0800,488.6375
21.0900,463.5500
21.1000,440.2775
21.1100,487.1700
21.1200,542.7875
21.1300,540.7300
21.1400,501.8725
21.1500,469.7875
21.1600,482.9875
21.1700,479.7550
21.1800,493.0075
21.1900,492.4575
21.2000,523.9450
21.2100,529.7225
21.2200,508.7175
21.2300,550.9025
21.2400,535.3300
21.2500,501.9275
21.2600,552.2850
21.2700,575.7750
21.2800,573.3325
21.2900,568.0075
21.3000,550.6775
21.3100,553.0450
21.3200,595.8475
21.3300,642.6350
21.3400,659.6300
21.3500,669.2050
21.3600,616.5175
21.3700,604.0625
21.3800,609.6525
21.3900,667.3850
21.4000,735.2750
21.4100,770.3000
21.4200,829.9550
21.4300,941.4150
21.4400,1075.4500
21.4500,1351.6925
21.4600,1667.2225
21.4700,1861.8625
21.4800,2218.4650
21.4900,2644.8850
21.5000,3041.0150
21.5100,3241.6800
21.5200,3400.7200
21.5300,3568.9675
21.5400,3664.2725
21.5500,3625.8425
21.5600,3589.6600
21.5700,3412.9725
21.5800,3118.9100
21.5900,2813.9650
21.6000,2459.8700
21.6100,2216.1950
21.6200,1899.4100
21.6300,1498.2125
21.6400,1259.6725
21.6500,1102.1975
21.6600,911.3250
21.6700,815.2350
21.6800,781.7950
21.6900,701.2400
21.7000,620.5600
21.7100,572.7500
21.7200,502.5975
21.7300,455.1075
21.7400,466.3100
21.7500,523.0975
21.7600,526.3875
21.7700,494.8725
21.7800,479.7000
21.7900,514.9275
21.8000,478.2875
21.8100,457.5925
21.8200,497.7125
21.8300,576.0825
21.8400,686.4400
21.8500,720.7500
21.8600,757.6875
21.8700,903.4625
21.8800,998.8925
21.8900,1065.0750
21.9000,1303.8950
21.9100,1407.9125
21.9200,1386.9975
21.9300,1486.9750
21.9400,1426.1150
21.9500,1462.1725
21.9600,1441.1250
21.9700,1340.2625
21.9800,1341.8625
21.9900,1274.2825
22.0000,1162.2025
22.0100,1083.8975
22.0200,1016.1675
22.0300,938.5925
22.0400,930.5250
22.0500,906.7125
22.0600,839.2450
22.0700,744.1700
22.0800,608.4275
22.0900,516.0900
22.1000,525.9800
22.1100,524.0175
22.1200,517.8025
22.1300,471.7850
22.1400,430.0500
22.1500,443.3325
22.1600,448.7075
22.1700,465.9850
22.1800,448.6675
22.1900,437.3550
22.2000,418.6275
22.2100,440.0000
22.2200,441.9700
22.2300,448.6925
22.2400,446.5925
22.2500,456.1050
22.2600,441.9400
22.2700,446.7800
22.2800,427.5575
22.2900,410.3650
22.3000,435.5425
22.3100,414.1300
22.3200,407.1225
22.3300,429.6250
22.3400,463.5575
22.3500,483.3500
22.3600,435.0275
22.3700,422.6175
22.3800,450.3875
22.3900,393.9475
22.4000,397.8900
22.4100,404.5500
22.4200,408.1800
22.4300,392.7525
22.4400,370.2225
22.4500,412.4750
22.4600,392.7375
22.4700,389.4050
22.4800,387.8500
22.4900,392.7450
22.5000,386.4825
22.5100,371.1675
22.5200,380.7350
22.5300,391.9000
22.5400,359.0950
22.5500,384.3725
22.5600,372.7625
22.5700,366.0200
22.5800,348.9300
22.5900,361.6900
22.6000,371.1225
22.6100,373.8750
22.6200,360.5550
22.6300,360.5675
22.6400,343.3625
22.6500,333.2450
22.6600,364.4850
22.6700,353.8775
22.6800,362.0725
22.6900,384.0825
22.7000,359.2250
22.7100,386.2700
22.7200,369.3200
22.7300,384.3900
22.7400,392.6275
22.7500,405.0975
22.7600,391.9850
22.7700,369.2550
22.7800,382.8175
22.7900,380.0000
22.8000,380.5100
22.8100,373.1825
22.8200,322.2225
22.8300,353.3325
22.8400,346.8350
22.8500,317.4600
22.8600,360.0000
22.8700,360.0000
22.8800,362.4500
22.8900,373.7425
22.9000,353.2750
22.9100,333.8150
22.9200,342.4225
22.9300,378.5750
22.9400,385.7300
22.9500,367.0800
22.9600,400.6125
22.9700,344.7350
22.9800,357.0475
22.9900,372.1500
23.0000,324.7100
23.0100,343.8350
23.0200,403.1900
23.0300,361.3550
23.0400,363.2650
23.0500,323.5700
23.0600,353.7675
23.0700,400.8825
23.0800,403.5950
23.0900,382.8975
23.1000,382.1675
23.1100,397.5300
23.1200,401.1900
23.1300,381.1300
23.1400,342.0625
23.1500,330.3875
23.1600,320.4575
23.1700,394.9950
23.1800,401.7100
23.1900,368.7200
23.2000,390.2700
23.2100,441.2175
23.2200,447.5825
23.2300,425.9975
23.2400,398.6550
23.2500,407.0100
23.2600,359.2150
23.2700,353.7225
23.2800,361.7050
23.2900,400.3850
23.3000,402.1850
23.3100,392.1950
23.3200,381.8250
23.3300,369.2500
23.3400,365.1950
23.3500,382.2175
23.3600,401.8350
23.3700,413.0225
23.3800,385.1425
23.3900,396.0475
23.4000,371.5375
23.4100,442.8325
23.4200,462.0975
23.4300,423.3325
23.4400,428.5300
23.4500,473.3325
23.4600,478.7925
23.4700,538.8575
23.4800,656.4125
23.4900,756.3400
23.5000,891.5350
23.5100,1086.8750
23.5200,1392.9800
23.5300,1723.2275
23.5400,2287.1925
23.5500,2675.4675
23.5600,3067.6250
23.5700,3315.3325
23.5800,3470.4700
23.5900,3536.6150
23.6000,3515.2350
23.6100,3612.4550
23.6200,3376.0350
23.6300,3079.1825
23.6400,2848.0925
23.6500,2646.1450
23.6600,2507.9900
23.6700,2184.8475
23.6800,1930.2900
23.6900,1659.3700
23.7000,1395.5300
23.7100,1338.6400
23.7200,1232.1800
23.7300,1027.0875
23.7400,949.1350
23.7500,855.0750
23.7600,760.5275
23.7700,763.7925
23.7800,727.4125
23.7900,696.1550
23.8000,690.5075
23.8100,700.1800
23.8200,747.3050
23.8300,785.8575
23.8400,648.5425
23.8500,628.0750
23.8600,602.8575
23.8700,592.1950
23.8800,533.8000
23.8900,539.0800
23.9000,527.8050
23.9100,540.4100
23.9200,497.1100
23.9300,456.0075
23.9400,447.9700
23.9500,462.5900
23.9600,403.7575
23.9700,410.0000
23.9800,407.5175
23.9900,369.7950
24.0000,369.6900
24.0100,416.2675
24.0200,408.6250
24.0300,385.8925
24.0400,373.5250
24.0500,374.9700
24.0600,347.0375
24.0700,355.9000
24.0800,396.9250
24.0900,345.1150
24.1000,375.6125
24.1100,357.3575
24.1200,370.3400
24.1300,374.8200
24.1400,340.1650
24.1500,344.1475
24.1600,359.8400
24.1700,357.4525
24.1800,373.6425
24.1900,379.2400
24.2000,363.1850
24.2100,360.1475
24.2200,361.3125
24.2300,317.0925
24.2400,328.8925
24.2500,377.1325
24.2600,311.3400
24.2700,344.1225
24.2800,362.3025
24.2900,337.0450
24.3000,347.7775
24.3100,376.1825
24.3200,362.2675
24.3300,332.1775
24.3400,300.2250
24.3500,308.5450
24.3600,363.6575
24.3700,372.1750
24.3800,336.3600
24.3900,326.0675
24.4000,307.4450
24.4100,333.8075
24.4200,350.0000
24.4300,350.0000
24.4400,349.8250
24.4500,342.0675
24.4600,295.0500
24.4700,363.1750
24.4800,356.3600
24.4900,343.4075
24.5000,346.0250
24.5100,317.9700
24.5200,380.0000
24.5300,379.9375
24.5400,375.9375
24.5500,336.2600
24.5600,313.6675
24.5700,332.9625
24.5800,309.9000
24.5900,303.1900
24.6000,293.1975
24.6100,283.8425
24.6200,323.7725
24.6300,360.1500
24.6400,372.8475
24.6500,326.4750
24.6600,306.9600
24.6700,339.9475
24.6800,333.1400
24.6900,306.6225
24.7000,300.1900
24.7100,333.3000
24.7200,326.6250
24.7300,316.6125
24.7400,300.0500
24.7500,319.9825
24.7600,310.0200
24.7700,329.9975
24.7800,306.6825
24.7900,303.3375
24.8000,290.0300
24.8100,306.6175
24.8200,319.9500
24.8300,326.6350
24.8400,326.6675
24.8500,320.0400
24.8600,329.9300
24.8700,310.1550
24.8800,333.1350
24.8900,333.3325
24.9000,353.1325
24.9100,336.8475
24.9200,313.6050
24.9300,362.7100
24.9400,350.1775
24.9500,307.2750
24.9600,300.1000
24.9700,290.1550
24.9800,293.2775
24.9900,306.4375
25.0000,319.7600
25.0100,349.4375
25.0200,310.7825
25.0300,326.3275
25.0400,339.7175
25.0500,330.2200
25.0600,339.7725
25.0700,340.0000
25.0800,343.2525
25.0900,275.0900
25.1000,315.5450
25.1100,306.9325
25.1200,316.3925
25.1300,300.4700
25.1400,316.1825
25.1500,310.2000
25.1600,290.6125
25.1700,306.1425
25.1800,338.9275
25.1900,307.7675
25.2000,280.9000
25.2100,302.5275
25.2200,287.2550
25.2300,283.4550
25.2400,337.9050
25.2500,340.0000
25.2600,317.5650
25.2700,332.6775
25.2800,349.3300
25.2900,330.8175
25.3000,349.1650
25.3100,381.9175
25.3200,332.3100
25.3300,374.6100
25.3400,335.2775
25.3500,349.2400
25.3600,334.1075
25.3700,371.4425
25.3800,360.6400
25.3900,321.9525
25.4000,326.3350
25.4100,329.8325
25.4200,317.3500
25.4300,307.1875
25.4400,312.9825
25.4500,344.8800
25.4600,343.5150
25.4700,314.9900
25.4800,303.8925
25.4900,284.4700
25.5000,321.0300
25.5100,323.3325
25.5200,348.4225
25.5300,365.6675
25.5400,300.9200
25.5500,340.4625
25.5600,421.4725
25.5700,379.8225
25.5800,339.2225
25.5900,346.0200
25.6000,303.0575
25.6100,312.4500
25.6200,331.9925
25.6300,342.6550
25.6400,365.0650
25.6500,335.6500
25.6600,339.5325
25.6700,346.1925
25.6800,300.2600
25.6900,330.6700
25.7000,317.8900
25.7100,307.4100
25.7200,319.0000
25.7300,289.1950
25.7400,320.5225
25.7500,317.1825
25.7600,310.5225
25.7700,297.7200
25.7800,287.4650
25.7900,314.2475
25.8000,328.9150
25.8100,339.1775
25.8200,324.7175
25.8300,317.2250
25.8400,301.4100
25.8500,254.2700
25.8600,246.9550
25.8700,258.8400
25.8800,287.3650
25.8900,293.0375
25.9000,296.3675
25.9100,296.6675
25.9200,308.7875
25.9300,322.1100
25.9400,311.2350
25.9500,313.0225
25.9600,280.1200
25.9700,294.7675
25.9800,263.5125
25.9900,290.1150
26.0000,305.3675
26.0100,306.6675
26.0200,294.6525
26.0300,302.3350
26.0400,270.3525
26.0500,293.6275
26.0600,305.6450
26.0700,279.7550
26.0800,300.5675
26.0900,288.4100
26.1000,313.5075
26.1100,283.8925
26.1200,282.9775
26.1300,289.2825
26.1400,304.8575
26.1500,336.3550
26.1600,340.0000
26.1700,342.9625
26.1800,325.5675
26.1900,258.2525
26.2000,261.8225
26.2100,313.5325
26.2200,314.1000
26.2300,333.9675
26.2400,327.8325
26.2500,297.2450
26.2600,328.6075
26.2700,318.6475
26.2800,301.9950
26.2900,343.9750
26.3000,355.8575
26.3100,385.9300
26.3200,404.6175
26.3300,418.3500
26.3400,402.4900
26.3500,400.0000
26.3600,449.5200
26.3700,421.7425
26.3800,434.1125
26.3900,448.2875
26.4000,444.1950
26.4100,425.9350
26.4200,382.7750
26.4300,399.8200
26.4400,412.0075
26.4500,375.7775
26.4600,338.2500
26.4700,353.5200
26.4800,362.4275
26.4900,371.9675
26.5000,358.9550
26.5100,333.6825
26.5200,298.4275
26.5300,293.3325
26.5400,299.0625
26.5500,348.6600
26.5600,356.6675
26.5700,305.2425
26.5800,328.0650
26.5900,279.1525
26.6000,298.4900
26.6100,291.9475
26.6200,298.5300
26.6300,297.1600
26.6400,316.5350
26.6500,337.0125
26.6600,303.1725
26.6700,299.4975
26.6800,319.7925
26.6900,286.6100
26.7000,257.4225
26.7100,306.9050
26.7200,313.8500
26.7300,299.2625
26.7400,299.4775
26.7500,271.9100
26.7600,269.4725
26.7700,275.6075
26.7800,285.0700
26.7900,306.2550
26.8000,293.2275
26.8100,278.8275
26.8200,268.2950
26.8300,236.0050
26.8400,291.2675
26.8500,331.1550
26.8600,297.7550
26.8700,298.3300
26.8800,324.9675
26.8900,330.0000
26.9000,330.0000
26.9100,307.8700
26.9200,259.1175
26.9300,277.6075
26.9400,308.1550
26.9500,327.1100
26.9600,299.7200
26.9700,254.8325
26.9800,246.6675
26.9900,293.3275
27.0000,311.5600
27.0100,302.3750
27.0200,313.6825
27.0300,267.4550
27.0400,283.9800
27.0500,265.4425
27.0600,270.9050
27.0700,295.1200
27.0800,313.6025
27.0900,300.3600
27.1000,288.5200
27.1100,294.8050
27.1200,291.2475
27.1300,295.4150
27.1400,302.0750
27.1500,273.6125
27.1600,263.9675
27.1700,271.4225
27.1800,302.9650
27.1900,277.7050
27.2000,304.9500
27.2100,310.6475
27.2200,293.9000
27.2300,290.0000
27.2400,303.3900
27.2500,298.6425
27.2600,280.6325
27.2700,308.7050
27.2800,279.3275
27.2900,296.6450
27.3000,287.3625
27.3100,275.3550
27.3200,289.2725
27.3300,282.7175
27.3400,290.6050
27.3500,288.0375
27.3600,307.8325
27.3700,323.9050
27.3800,324.0275
27.3900,331.2450
27.4000,346.5075
27.4100,363.1625
27.4200,335.1125
27.4300,334.5475
27.4400,334.0425
27.4500,314.9825
27.4600,291.6675
27.4700,320.6775
27.4800,345.6800
27.4900,323.8925
27.5000,308.8425
27.5100,332.7200
27.5200,321.7800
27.5300,321.8675
27.5400,333.7225
27.5500,318.5025
27.5600,323.7025
27.5700,305.9525
27.5800,271.5475
27.5900,281.4225
27.6000,291.8300
27.6100,301.0700
27.6200,334.2450
27.6300,338.1875
27.6400,328.9550
27.6500,306.1225
27.6600,287.1750
27.6700,255.1450
27.6800,259.4650
27.6900,281.2325
27.7000,301.9925
27.7100,304.1150
27.7200,293.1375
27.7300,297.6400
27.7400,322.8950
27.7500,340.1650
27.7600,307.7950
27.7700,261.1675
27.7800,262.6650
27.7900,322.3350
27.8000,377.9150
27.8100,364.7500
27.8200,316.3100
27.8300,326.0100
27.8400,325.7825
27.8500,320.8200
27.8600,317.4875
27.8700,299.1050
27.8800,290.8275
27.8900,287.4975
27.9000,314.1750
27.9100,318.3375
27.9200,319.1625
27.9300,307.5350
27.9400,285.9025
27.9500,307.3625
27.9600,339.0300
27.9700,344.1850
27.9800,308.6225
27.9900,284.2825
28.0000,294.8450
28.0100,334.6000
28.0200,319.5125
28.0300,322.3300
28.0400,338.9825
28.0500,353.1750
28.0600,332.0875
28.0700,330.7000
28.0800,298.9975
28.0900,281.7675
28.1000,331.3900
28.1100,335.3325
28.1200,339.7675
28.1300,338.4550
28.1400,334.2300
28.1500,323.5975
28.1600,315.1375
28.1700,323.0475
28.1800,324.2400
28.1900,320.9100
28.2000,351.4650
28.2100,346.4100
28.2200,320.6800
28.2300,344.6925
28.2400,351.8475
28.2500,342.7800
28.2600,311.1500
28.2700,331.2200
28.2800,324.1425
28.2900,345.4200
28.3000,363.8475
28.3100,340.3675
28.3200,370.5975
28.3300,381.8950
28.3400,372.8525
28.3500,405.7025
28.3600,400.9800
28.3700,386.2100
28.3800,376.2175
28.3900,394.6575
28.4000,398.6000
28.4100,415.5775
28.4200,444.5850
28.4300,462.7675
28.4400,454.8875
28.4500,468.8250
28.4600,448.4600
28.4700,497.7125
28.4800,509.2625
28.4900,486.9350
28.5000,491.7000
28.5100,482.6450
28.5200,500.0100
28.5300,526.3225
28.5400,561.2825
28.5500,605.9025
28.5600,645.5600
28.5700,726.2975
28.5800,800.7150
28.5900,956.6250
28.6000,1169.3225
28.6100,1407.6275
28.6200,1626.4050
28.6300,1798.3325
28.6400,2014.7300
28.6500,2250.9700
28.6600,2415.2075
28.6700,2573.6700
28.6800,2567.0875
28.6900,2343.1600
28.7000,2157.3150
28.7100,1978.6100
28.7200,1827.7175
28.7300,1743.3825
28.7400,1743.8125
28.7500,1696.5150
28.7600,1492.9375
28.7700,1303.4350
28.7800,1171.8050
28.7900,1099.4025
28.8000,1121.7425
28.8100,1221.2375
28.8200,1365.9350
28.8300,1599.0175
28.8400,1832.8225
28.8500,1981.9400
28.8600,2179.2675
28.8700,2319.4000
28.8800,2314.1950
28.8900,2245.2575
28.9000,2340.5525
28.9100,2622.9775
28.9200,2913.7275
28.9300,3201.3075
28.9400,3282.2250
28.9500,3284.4275
28.9600,3170.3150
28.9700,2983.8200
28.9800,2743.1200
28.9900,2653.3325
29.0000,2648.9225
29.0100,2527.7075
29.0200,2277.4425
29.0300,2052.5400
29.0400,1969.1075
29.0500,1848.1975
29.0600,1625.7850
29.0700,1441.5900
29.0800,1368.1575
29.0900,1278.1325
29.1000,1221.4150
29.1100,1198.1000
29.1200,1163.9175
29.1300,1189.0750
29.1400,1324.9075
29.1500,1546.9075
29.1600,1778.2350
29.1700,2143.9525
29.1800,2787.5650
29.1900,3486.4250
29.2000,4306.5250
29.2100,5467.0500
29.2200,6752.1625
29.2300,8051.3850
29.2400,9436.4650
29.2500,10654.5425
29.2600,11577.5700
29.2700,12016.2600
29.2800,12105.1900
29.2900,12137.6625
29.3000,11738.9225
29.3100,11227.4075
29.3200,10851.6575
29.3300,10430.2650
29.3400,9684.8650
29.3500,8797.9325
29.3600,7909.3175
29.3700,6954.3900
29.3800,6013.5725
29.3900,5189.2200
29.4000,4328.3750
29.4100,3633.7300
29.4200,3011.0075
29.4300,2438.4825
29.4400,2080.4950
29.4500,1793.6000
29.4600,1523.8275
29.4700,1284.4250
29.4800,1092.8200
29.4900,965.6975
29.5000,918.3800
29.5100,878.1625
29.5200,819.4750
29.5300,753.3325
29.5400,677.2050
29.5500,648.7250
29.5600,641.7775
29.5700,601.7675
29.5800,504.1450
29.5900,468.9525
29.6000,513.4725
29.6100,524.4150
29.6200,528.9025
29.6300,544.8150
29.6400,511.3525
29.6500,466.3525
29.6600,479.7075
29.6700,508.8225
29.6800,478.2225
29.6900,447.2700
29.7000,437.2800
29.7100,449.4550
29.7200,472.0750
29.7300,484.0200
29.7400,484.6600
29.7500,469.3000
29.7600,462.0025
29.7700,455.3350
29.7800,428.0375
29.7900,413.3325
29.8000,415.3250
29.8100,428.5975
29.8200,422.7650
29.8300,417.3000
29.8400,402.1750
29.8500,382.0875
29.8600,394.4425
29.8700,414.5575
29.8800,425.9100
29.8900,422.1300
29.9000,430.4175
29.9100,441.9625
29.9200,468.8025
29.9300,461.2325
29.9400,439.4250
29.9500,450.3250
29.9600,467.7950
29.9700,481.1175
29.9800,519.7000
29.9900,533.6300
30.0000,553.7950
30.0100,613.9700
30.0200,680.0500
30.0300,751.0525
30.0400,852.7100
30.0500,957.2175
30.0600,1040.8675
30.0700,1098.2825
30.0800,1204.8225
30.0900,1271.9125
30.1000,1317.2875
30.1100,1462.5950
30.1200,1441.8500
30.1300,1245.3425
30.1400,1093.9525
30.1500,1040.9725
30.1600,1025.2975
30.1700,1003.4200
30.1800,1067.0325
30.1900,1040.3025
30.2000,888.1000
30.2100,759.7850
30.2200,690.7850
30.2300,637.6825
30.2400,604.3800
30.2500,579.4175
30.2600,565.2025
30.2700,553.6075
30.2800,537.7450
30.2900,548.2150
30.3000,578.5775
30.3100,589.6225
30.3200,569.9950
30.3300,552.9675
30.3400,553.6950
30.3500,617.5300
30.3600,703.5000
30.3700,746.2075
30.3800,859.5025
30.3900,1124.8675
30.4000,1423.4775
30.4100,1831.8900
30.4200,2386.1600
30.4300,2950.7975
30.4400,3527.6625
30.4500,4158.0850
30.4600,4485.7075
30.4700,4352.3250
30.4800,4120.4675
30.4900,3953.5425
30.5000,3686.6575
30.5100,3438.9225
30.5200,3492.3350
30.5300,3526.6075
30.5400,3292.6775
30.5500,2994.6775
30.5600,2745.0575
30.5700,2388.2150
30.5800,1956.0350
30.5900,1648.9325
30.6000,1497.1125
30.6100,1286.2600
30.6200,1016.1425
30.6300,902.9200
30.6400,889.5975
30.6500,825.1075
30.6600,716.9575
30.6700,638.5200
30.6800,592.2550
30.6900,536.5050
30.7000,501.5825
30.7100,503.4975
30.7200,483.9725
30.7300,445.9025
30.7400,445.6650
30.7500,447.8350
30.7600,419.3150
30.7700,399.8675
30.7800,434.7225
30.7900,459.6375
30.8000,425.8575
30.8100,415.3875
30.8200,418.0700
30.8300,389.4025
30.8400,387.1400
30.8500,389.6425
30.8600,385.2100
30.8700,396.7450
30.8800,374.4500
30.8900,361.9050
30.9000,375.0325
30.9100,368.1900
30.9200,368.4625
30.9300,388.4975
30.9400,401.6875
30.9500,389.8550
30.9600,353.1175
30.9700,340.0750
30.9800,350.0000
30.9900,353.3475
31.0000,360.0100
31.0100,361.6650
31.0200,360.0000
31.0300,366.6525
31.0400,371.6725
31.0500,353.4175
31.0600,343.2875
31.0700,321.9025
31.0800,318.0850
31.0900,328.5050
31.1000,305.1100
31.1100,322.9425
31.1200,351.6400
31.1300,340.2375
31.1400,318.4950
31.1500,298.5775
31.1600,286.6675
31.1700,294.7975
31.1800,306.5800
31.1900,306.7575
31.2000,317.8975
31.2100,347.8750
31.2200,345.5900
31.2300,315.3925
31.2400,308.1575
31.2500,305.3075
31.2600,323.9100
31.2700,340.5350
31.2800,339.4450
31.2900,358.1175
31.3000,341.0475
31.3100,316.6675
31.3200,321.4275
31.3300,342.5050
31.3400,345.7675
31.3500,317.3700
31.3600,303.3325
31.3700,301.7600
31.3800,284.2925
31.3900,272.9400
31.4000,292.5225
31.4100,303.5400
31.4200,303.1200
31.4300,306.6675
31.4400,297.3375
31.4500,295.9800
31.4600,320.6125
31.4700,321.1975
31.4800,303.3325
31.4900,317.2075
31.5000,337.9500
31.5100,338.7250
31.5200,337.9350
31.5300,326.4925
31.5400,305.1375
31.5500,289.6000
31.5600,279.4250
31.5700,289.7075
31.5800,308.5125
31.5900,328.1825
31.6000,331.5125
31.6100,334.8425
31.6200,300.4900
31.6300,273.2175
31.6400,303.8475
31.6500,313.6675
31.6600,305.5100
31.6700,310.4600
31.6800,318.8600
31.6900,295.4675
31.7000,280.7650
31.7100,284.0650
31.7200,281.1100
31.7300,294.0575
31.7400,291.5275
31.7500,275.1925
31.7600,283.6275
31.7700,298.1350
31.7800,301.4650
31.7900,298.9450
31.8000,281.6550
31.8100,282.6975
31.8200,297.5150
31.8300,288.5475
31.8400,304.0600
31.8500,328.1125
31.8600,325.6675
31.8700,307.0275
31.8800,288.5600
31.8900,302.4650
31.9000,316.1650
31.9100,315.2525
31.9200,330.9525
31.9300,332.3900
31.9400,315.2825
31.9500,290.0575
31.9600,283.7550
31.9700,303.2400
31.9800,322.3175
31.9900,321.5400
32.0000,308.5925
32.0100,296.8325
32.0200,281.9300
32.0300,288.3975
32.0400,309.7775
32.0500,317.7575
32.0600,305.8250
32.0700,281.9425
32.0800,260.8250
32.0900,290.1900
32.1000,302.6175
32.1100,278.8475
32.1200,288.0425
32.1300,281.7600
32.1400,260.4050
32.1500,256.2425
32.1600,291.8450
32.1700,327.4225
32.1800,308.8500
32.1900,276.0475
32.2000,286.7750
32.2100,304.7800
32.2200,304.5200
32.2300,286.6675
32.2400,296.0775
32.2500,310.0000
32.2600,292.5900
32.2700,274.6850
32.2800,293.3375
32.2900,300.6700
32.3000,311.2825
32.3100,321.3975
32.3200,304.6575
32.3300,302.7050
32.3400,294.0300
32.3500,286.0525
32.3600,281.3125
32.3700,297.7475
32.3800,318.6925
32.3900,316.6675
32.4000,304.9425
32.4100,281.4675
32.4200,286.3075
32.4300,300.1925
32.4400,295.1675
32.4500,309.7800
32.4600,305.8450
32.4700,289.7550
32.4800,307.6900
32.4900,318.7200
32.5000,310.2850
32.5100,294.9050
32.5200,295.5650
32.5300,308.7325
32.5400,286.4100
32.5500,260.9150
32.5600,284.6800
32.5700,289.4925
32.5800,276.7125
32.5900,292.0800
32.6000,278.7475
32.6100,266.2400
32.6200,279.1575
32.6300,297.0025
32.6400,333.6400
32.6500,351.7175
32.6600,326.0475
32.6700,304.0600
32.6800,320.3550
32.6900,315.6250
32.7000,312.5825
32.7100,324.1175
32.7200,291.7900
32.7300,300.3650
32.7400,319.0750
32.7500,312.1125
32.7600,318.8275
32.7700,296.9525
32.7800,297.3150
32.7900,287.8675
32.8000,306.7775
32.8100,327.1000
32.8200,312.3875
32.8300,310.7125
32.8400,298.8125
32.8500,297.8525
32.8600,295.2700
32.8700,279.5850
32.8800,272.5550
32.8900,282.1575
32.9000,274.1375
32.9100,255.1450
32.9200,255.1750
32.9300,287.9925
32.9400,301.3150
32.9500,297.2450
32.9600,273.3325
32.9700,273.3325
32.9800,287.1525
32.9900,327.1225
33.0000,338.4275
33.0100,304.2800
33.0200,291.0500
33.0300,298.0550
33.0400,315.4550
33.0500,307.8000
33.0600,307.7375
33.0700,298.8200
33.0800,283.2450
33.0900,268.8775
33.1000,274.5100
33.1100,297.8275
33.1200,308.8725
33.1300,294.4350
33.1400,292.2150
33.1500,296.7075
33.1600,281.0525
33.1700,318.7700
33.1800,325.8000
33.1900,283.2500
33.2000,285.7175
33.2100,274.2550
33.2200,305.3850
33.2300,330.9425
33.2400,332.5675
33.2500,289.2675
33.2600,265.3975
33.2700,292.8175
33.2800,326.6675
33.2900,333.0975
33.3000,354.1500
33.3100,367.8675
33.3200,361.2050
33.3300,348.1750
33.3400,337.4100
33.3500,346.9975
33.3600,328.0650
33.3700,300.9025
33.3800,265.6175
33.3900,280.0675
33.4000,312.4925
33.4100,310.6175
33.4200,331.8575
33.4300,343.3325
33.4400,346.4325
33.4500,355.3950
33.4600,353.8325
33.4700,334.8725
33.4800,327.4250
33.4900,343.8075
33.5000,368.1400
33.5100,389.7125
33.5200,394.6425
33.5300,371.8225
33.5400,326.9775
33.5500,342.1050
33.5600,377.2975
33.5700,334.0025
33.5800,322.9925
33.5900,355.8575
33.6000,397.8200
33.6100,364.2175
33.6200,393.9475
33.6300,394.4750
33.6400,379.2225
33.6500,396.2700
33.6600,401.3800
33.6700,405.4325
33.6800,433.4675
33.6900,459.6900
33.7000,499.7625
33.7100,554.4575
33.7200,592.8825
33.7300,652.7275
33.7400,842.6125
33.7500,1060.5650
33.7600,1323.2100
33.7700,1709.7750
33.7800,2275.7150
33.7900,2766.2850
33.8000,3243.2450
33.8100,3650.4925
33.8200,3917.1350
33.8300,4006.2625
33.8400,3999.9000
33.8500,3785.5850
33.8600,3511.8975
33.8700,3208.6725
33.8800,3119.2300
33.8900,3153.6725
33.9000,2898.7300
33.9100,2606.2275
33.9200,2454.7725
33.9300,2178.3575
33.9400,1776.8175
33.9500,1487.3650
33.9600,1413.7325
33.9700,1222.3050
33.9800,931.5825
33.9900,739.2400
34.0000,671.5525
34.0100,624.9625
34.0200,507.3450
34.0300,491.1775
34.0400,448.1925
34.0500,415.9625
34.0600,467.3750
34.0700,454.7675
34.0800,433.0450
34.0900,398.5950
34.1000,359.2600
34.1100,369.2525
34.1200,378.3850
34.1300,374.7650
34.1400,342.3125
34.1500,329.3700
34.1600,357.5150
34.1700,360.8475
34.1800,359.1125
34.1900,348.3500
34.2000,364.2425
34.2100,394.1575
34.2200,387.5000
34.2300,369.2125
34.2400,304.1800
34.2500,298.3200
34.2600,312.3950
34.2700,344.9275
34.2800,356.7250
34.2900,338.5025
34.3000,306.0100
34.3100,289.8225
34.3200,312.4250
34.3300,318.3875
34.3400,323.7800
34.3500,359.8725
34.3600,361.2150
34.3700,342.8875
34.3800,372.5400
34.3900,363.6725
34.4000,351.2175
34.4100,372.7375
34.4200,352.9475
34.4300,339.3725
34.4400,365.3300
34.4500,350.0000
34.4600,360.0550
34.4700,403.3550
34.4800,449.7300
34.4900,510.1825
34.5000,562.0875
34.5100,560.3625
34.5200,618.0425
34.5300,664.9800
34.5400,709.1525
34.5500,761.8325
34.5600,741.7025
34.5700,693.7275
34.5800,715.5850
34.5900,764.4450
34.6000,826.6675
34.6100,833.2875
34.6200,854.4675
34.6300,837.1675
34.6400,807.7025
34.6500,809.5450
34.6600,758.5525
34.6700,728.8325
34.6800,632.1000
34.6900,610.4900
34.7000,633.8150
34.7100,605.5675
34.7200,530.7950
34.7300,502.3125
34.7400,508.5675
34.7500,449.8300
34.7600,436.6675
34.7700,425.5375
34.7800,375.7100
34.7900,351.5000
34.8000,374.8175
34.8100,383.0500
34.8200,333.0875
34.8300,298.0975
34.8400,309.8850
34.8500,286.0350
34.8600,306.0900
34.8700,333.2750
34.8800,302.6875
34.8900,330.0150
34.9000,290.0000
34.9100,293.9650
34.9200,306.7100
34.9300,299.8900
34.9400,324.7075
34.9500,316.0150
34.9600,312.0375
34.9700,313.1225
34.9800,342.5725
34.9900,345.0050
35.0000,309.3625
35.0100,309.2100
35.0200,316.2000
35.0300,296.2150
35.0400,280.6275
35.0500,288.3400
35.0600,314.3625
35.0700,320.2950
35.0800,262.7150
35.0900,268.6225
35.1000,306.6675
35.1100,294.4500
35.1200,246.0850
35.1300,283.0275
35.1400,318.8225
35.1500,285.1350
35.1600,293.9325
35.1700,295.4750
35.1800,292.3750
35.1900,300.9700
35.2000,285.8800
35.2100,271.9425
35.2200,296.0825
35.2300,296.2400
35.2400,308.8425
35.2500,296.4200
35.2600,269.0700
35.2700,294.3825
35.2800,283.3325
35.2900,281.6350
35.3000,273.8975
35.3100,274.9825
35.3200,274.4925
35.3300,315.0025
35.3400,320.5625
35.3500,305.5625
35.3600,297.8050
35.3700,285.5725
35.3800,280.0000
35.3900,287.5825
35.4000,322.8925
35.4100,302.2600
35.4200,297.7350
35.4300,299.6100
35.4400,279.4700
35.4500,280.3550
35.4600,301.5725
35.4700,308.4350
35.4800,306.2350
35.4900,342.5850
35.5000,348.9475
35.5100,309.2275
35.5200,314.6700
35.5300,269.7100
35.5400,294.2375
35.5500,333.6525
35.5600,316.1675
35.5700,310.8475
35.5800,291.2225
35.5900,268.8650
35.6000,329.3100
35.6100,388.2100
35.6200,423.9425
35.6300,465.2175
35.6400,460.5075
35.6500,486.6775
35.6600,509.5175
35.6700,514.8450
35.6800,450.8600
35.6900,486.3700
35.7000,434.0425
35.7100,496.2950
35.7200,475.6375
35.7300,487.2500
35.7400,476.3800
35.7500,529.3600
35.7600,610.9025
35.7700,623.3925
35.7800,669.7900
35.7900,697.0975
35.8000,754.8025
35.8100,834.3875
35.8200,862.0250
35.8300,858.9725
35.8400,889.7650
35.8500,839.9025
35.8600,823.9175
35.8700,873.3325
35.8800,857.7325
35.8900,753.7725
35.9000,777.9150
35.9100,771.6200
35.9200,821.7600
35.9300,762.5150
35.9400,739.1625
35.9500,615.3575
35.9600,616.7250
35.9700,519.6000
35.9800,515.0775
35.9900,506.4925
36.0000,525.6825
36.0100,488.2625
36.0200,455.0400
36.0300,498.3425
36.0400,537.8150
36.0500,554.2750
36.0600,612.2000
36.0700,597.7000
36.0800,562.6625
36.0900,637.0375
36.1000,631.8975
36.1100,566.3000
36.1200,563.6975
36.1300,565.9450
36.1400,553.1850
36.1500,499.1600
36.1600,517.1700
36.1700,490.8725
36.1800,470.0000
36.1900,465.8400
36.2000,428.9675
36.2100,418.2900
36.2200,405.7100
36.2300,421.9500
36.2400,377.6575
36.2500,360.3200
36.2600,388.7175
36.2700,346.3400
36.2800,343.3325
36.2900,339.7850
36.3000,309.2275
36.3100,333.0150
36.3200,325.5850
36.3300,288.6525
36.3400,338.4475
36.3500,319.3275
36.3600,277.8600
36.3700,260.9125
36.3800,305.4400
36.3900,323.0850
36.4000,286.6675
36.4100,285.1975
36.4200,270.2925
36.4300,276.5125
36.4400,310.8600
36.4500,314.6000
36.4600,258.0750
36.4700,275.5675
36.4800,298.8925
36.4900,286.1175
36.5000,285.9875
36.5100,352.2550
36.5200,338.1275
36.5300,319.0525
36.5400,342.9900
36.5500,299.2200
36.5600,287.9375
36.5700,264.1000
36.5800,275.6125
36.5900,302.5800
36.6000,294.5750
36.6100,312.2150
36.6200,336.5900
36.6300,291.1625
36.6400,267.3925
36.6500,318.5800
36.6600,299.5325
36.6700,294.9550
36.6800,312.9975
36.6900,264.2400
36.7000,279.1375
36.7100,314.8900
36.7200,332.4900
36.7300,275.9425
36.7400,311.3975
36.7500,280.5675
36.7600,242.5250
36.7700,280.6250
36.7800,290.0000
36.7900,292.0325
36.8000,320.1200
36.8100,270.3975
36.8200,276.0775
36.8300,267.6350
36.8400,283.3325
36.8500,283.7125
36.8600,288.5075
36.8700,262.9650
36.8800,258.3050
36.8900,285.4100
36.9000,266.1700
36.9100,315.0925
36.9200,287.1850
36.9300,298.8800
36.9400,340.5025
36.9500,347.5175
36.9600,299.8375
36.9700,297.6300
36.9800,314.2900
36.9900,266.9800
37.0000,276.1000
37.0100,332.8800
37.0200,322.4400
37.0300,302.8925
37.0400,292.6125
37.0500,276.6675
37.0600,277.3650
37.0700,292.2350
37.0800,267.0725
37.0900,277.5950
37.1000,301.0425
37.1100,326.6675
37.1200,326.2900
37.1300,317.1600
37.1400,329.3950
37.1500,312.3850
37.1600,288.5250
37.1700,338.9750
37.1800,310.0000
37.1900,308.9075
37.2000,277.9475
37.2100,318.5475
37.2200,376.8700
37.2300,382.5350
37.2400,355.7900
37.2500,326.9525
37.2600,336.9450
37.2700,346.1225
37.2800,326.6675
37.2900,327.3525
37.3000,353.0000
37.3100,340.0000
37.3200,339.3700
37.3300,313.2575
37.3400,310.0000
37.3500,311.0075
37.3600,356.8050
37.3700,362.9300
37.3800,342.9450
37.3900,324.5225
37.4000,386.7275
37.4100,389.5375
37.4200,363.6125
37.4300,380.1075
37.4400,387.3300
37.4500,429.9525
37.4600,427.6875
37.4700,500.8375
37.4800,564.1275
37.4900,628.2850
37.5000,764.8175
37.5100,897.9900
37.5200,1025.7075
37.5300,1268.7500
37.5400,1499.4850
37.5500,1836.6075
37.5600,2263.1200
37.5700,2706.4775
37.5800,2674.4075
37.5900,2270.8950
37.6000,1775.6975
37.6100,1545.9375
37.6200,1339.6700
37.6300,1223.5700
37.6400,1333.6450
37.6500,1546.8050
37.6600,1726.6625
37.6700,1666.7025
37.6800,1613.4025
37.6900,1370.4850
37.7000,1090.7500
37.7100,890.6725
37.7200,807.0050
37.7300,746.9500
37.7400,657.1550
37.7500,653.3525
37.7600,623.5375
37.7700,583.6325
37.7800,659.3725
37.7900,709.5575
37.8000,766.1250
37.8100,852.4475
37.8200,991.8050
37.8300,1306.3250
37.8400,1622.7750
37.8500,1863.5525
37.8600,2202.0225
37.8700,2384.0850
37.8800,2527.8450
37.8900,2618.5850
37.9000,2174.1000
37.9100,1924.2125
37.9200,1651.5200
37.9300,1466.7150
37.9400,1469.8725
37.9500,1401.3875
37.9600,1484.8900
37.9700,1558.4475
37.9800,1498.0500
37.9900,1539.0225
38.0000,1266.5000
38.0100,1045.2575
38.0200,880.6800
38.0300,675.2200
38.0400,598.5675
38.0500,606.4000
38.0600,493.1850
38.0700,545.0825
38.0800,452.7700
38.0900,424.1150
38.1000,413.6325
38.1100,413.3325
38.1200,426.2475
38.1300,420.2125
38.1400,436.1225
38.1500,455.9975
38.1600,430.9075
38.1700,397.8250
38.1800,396.6675
38.1900,422.3700
38.2000,423.3325
38.2100,490.7125
38.2200,461.2700
38.2300,572.1400
38.2400,627.8950
38.2500,773.9775
38.2600,888.7075
38.2700,1180.8825
38.2800,1400.8625
38.2900,1537.6200
38.3000,1792.0175
38.3100,2026.3550
38.3200,1874.2925
38.3300,1698.0450
38.3400,1461.0900
38.3500,1221.2500
38.3600,1127.4550
38.3700,1158.2325
38.3800,1169.5100
38.3900,1141.4875
38.4000,1222.3125
38.4100,1229.8300
38.4200,1131.9950
38.4300,959.2300
38.4400,826.8775
38.4500,728.5125
38.4600,635.0625
38.4700,535.4925
38.4800,463.8900
38.4900,472.5825
38.5000,441.8975
38.5100,377.1725
38.5200,395.3075
38.5300,396.6675
38.5400,365.3200
38.5500,335.1400
38.5600,361.5050
38.5700,347.6925
38.5800,340.4150
38.5900,340.0000
38.6000,333.7575
38.6100,352.0475
38.6200,375.1525
38.6300,370.4375
38.6400,376.2250
38.6500,342.4525
38.6600,321.3525
38.6700,301.3650
38.6800,293.7925
38.6900,302.6375
38.7000,312.6300
38.7100,322.6250
38.7200,344.9975
38.7300,328.1100
38.7400,289.5800
38.7500,295.9325
38.7600,299.7525
38.7700,312.3350
38.7800,331.8225
38.7900,327.1750
38.8000,326.6675
38.8100,298.9900
38.8200,299.7400
38.8300,309.2125
38.8400,340.6850
38.8500,309.6050
38.8600,312.7950
38.8700,337.8275
38.8800,315.5225
38.8900,371.4275
38.9000,321.6700
38.9100,325.8250
38.9200,344.9725
38.9300,340.5700
38.9400,297.3475
38.9500,317.6875
38.9600,335.2100
38.9700,357.9475
38.9800,366.0750
38.9900,342.3800
39.0000,318.7650
39.0100,310.6050
39.0200,328.1750
39.0300,336.0550
39.0400,333.6425
39.0500,363.5600
39.0600,327.4000
39.0700,347.4800
39.0800,374.1300
39.0900,340.5000
39.1000,354.7375
39.1100,326.5700
39.1200,335.3625
39.1300,393.7675
39.1400,387.9875
39.1500,401.6725
39.1600,433.3225
39.1700,490.6050
39.1800,505.6500
39.1900,557.5350
39.2000,709.8500
39.2100,899.9700
39.2200,1045.4050
39.2300,1325.5475
39.2400,1422.2600
39.2500,1361.4750
39.2600,1350.3550
39.2700,1364.8750
39.2800,1286.3975
39.2900,1128.1275
39.3000,985.3175
39.3100,904.7375
39.3200,902.5950
39.3300,864.8250
39.3400,942.8800
39.3500,968.1225
39.3600,878.3725
39.3700,869.6200
39.3800,840.4850
39.3900,768.8325
39.4000,624.4300
39.4100,550.7100
39.4200,513.9050
39.4300,483.5325
39.4400,477.0625
39.4500,470.7925
39.4600,449.4600
39.4700,432.0050
39.4800,465.1600
39.4900,484.6400
39.5000,591.9975
39.5100,706.0725
39.5200,807.6475
39.5300,963.0525
39.5400,1172.9600
39.5500,1357.4200
39.5600,1481.9575
39.5700,1581.0850
39.5800,1552.6100
39.5900,1491.4400
39.6000,1343.9125
39.6100,1218.8450
39.6200,1125.0250
39.6300,1165.5025
39.6400,1219.6700
39.6500,1200.6200
39.6600,1245.8300
39.6700,1322.6875
39.6800,1284.2425
39.6900,1146.8175
39.7000,956.5425
39.7100,777.2900
39.7200,658.3175
39.7300,628.9475
39.7400,557.6650
39.7500,512.1925
39.7600,506.6675
39.7700,495.1925
39.7800,496.2000
39.7900,485.2075
39.8000,454.7100
39.8100,398.5150
39.8200,378.5675
39.8300,359.5300
39.8400,316.7100
39.8500,312.8525
39.8600,344.6825
39.8700,330.0650
39.8800,315.2850
39.8900,287.7425
39.9000,337.3225
39.9100,340.9875
39.9200,328.6500
39.9300,318.1600
39.9400,316.6675
39.9500,316.6675
39.9600,339.2975
39.9700,309.4100
39.9800,283.5600
39.9900,302.5825
40.0000,289.7425
40.0100,309.2150
40.0200,304.8850
40.0300,317.4050
40.0400,328.4375
40.0500,313.1375
40.0600,298.7675
40.0700,302.2800
40.0800,300.5300
40.0900,283.1875
40.1000,310.8000
40.1100,322.2625
40.1200,337.3125
40.1300,309.2700
40.1400,311.7075
40.1500,302.1750
40.1600,308.3625
40.1700,318.3575
40.1800,300.5150
40.1900,316.1350
40.2000,325.5575
40.2100,321.1125
40.2200,336.6500
40.2300,301.1775
40.2400,290.5625
40.2500,301.0750
40.2600,303.3325
40.2700,333.7475
40.2800,326.1850
40.2900,326.0950
40.3000,340.4600
40.3100,326.7925
40.3200,339.8625
40.3300,335.0750
40.3400,292.0750
40.3500,349.2975
40.3600,399.0375
40.3700,338.0550
40.3800,326.0750
40.3900,370.5125
40.4000,344.4025
40.4100,309.3025
40.4200,286.9275
40.4300,329.7825
40.4400,331.8100
40.4500,343.6400
40.4600,330.3100
40.4700,340.2875
40.4800,332.4450
40.4900,313.6800
40.5000,339.8975
40.5100,387.4075
40.5200,366.8125
40.5300,362.7125
40.5400,417.5325
40.5500,427.2925
40.5600,467.2550
40.5700,441.5150
40.5800,422.5250
40.5900,433.5000
40.6000,439.3650
40.6100,456.1750
40.6200,570.4475
40.6300,669.3475
40.6400,751.2225
40.6500,930.6225
40.6600,1192.9225
40.6700,1641.1850
40.6800,2074.5725
40.6900,2518.4400
40.7000,3043.1475
40.7100,3524.6100
40.7200,3924.1525
40.7300,3730.1500
40.7400,3198.7900
40.7500,2669.8250
40.7600,2182.7925
40.7700,2025.4000
40.7800,1962.0875
40.7900,1907.4425
40.8000,2066.7675
40.8100,2144.5250
40.8200,2323.1800
40.8300,2332.1925
40.8400,2156.3925
40.8500,1792.9400
40.8600,1461.2850
40.8700,1169.2900
40.8800,985.8300
40.8900,837.1750
40.9000,724.8900
40.9100,653.2500
40.9200,603.1250
40.9300,535.4300
40.9400,477.9200
40.9500,440.3850
40.9600,414.9500
40.9700,438.8650
40.9800,446.6675
40.9900,404.7425
41.0000,395.9525
41.0100,386.2025
41.0200,346.7325
41.0300,368.0150
41.0400,381.8875
41.0500,338.9900
41.0600,324.0600
41.0700,315.5200
41.0800,318.5375
41.0900,333.0025
41.1000,313.2800
41.1100,306.6675
41.1200,319.6400
41.1300,325.9250
41.1400,298.1675
41.1500,300.3550
41.1600,303.3325
41.1700,300.7475
41.1800,323.2475
41.1900,306.7700
41.2000,341.2650
41.2100,332.7175
41.2200,331.8175
41.2300,333.3325
41.2400,307.6200
41.2500,292.2925
41.2600,295.1350
41.2700,309.4950
41.2800,313.3325
41.2900,297.9625
41.3000,277.9750
41.3100,281.0075
41.3200,314.0025
41.3300,318.2250
41.3400,314.1150
41.3500,323.5325
41.3600,293.5425
41.3700,278.2400
41.3800,294.4750
41.3900,279.6625
41.4000,293.6575
41.4100,259.3850
41.4200,254.2775
41.4300,322.5675
41.4400,280.0150
41.4500,305.5550
41.4600,322.5300
41.4700,305.6450
41.4800,315.1500
41.4900,297.2925
41.5000,300.0850
41.5100,308.3725
41.5200,292.3775
41.5300,299.2450
41.5400,315.9000
41.5500,340.0925
41.5600,346.6675
41.5700,349.1750
41.5800,322.4350
41.5900,305.8200
41.6000,345.8700
41.6100,324.9975
41.6200,305.8375
41.6300,290.8500
41.6400,321.5900
41.6500,350.7825
41.6600,359.1575
41.6700,350.0450
41.6800,314.3350
41.6900,295.8775
41.7000,342.9975
41.7100,337.6675
41.7200,357.2750
41.7300,366.6675
41.7400,359.2400
41.7500,344.2975
41.7600,382.0225
41.7700,418.8975
41.7800,443.9450
41.7900,452.4675
41.8000,477.9775
41.8100,540.8425
41.8200,594.4500
41.8300,623.8775
41.8400,711.0775
41.8500,857.8425
41.8600,1000.5800
41.8700,1215.6125
41.8800,1453.9100
41.8900,1697.7875
41.9000,1892.9575
41.9100,2010.8725
41.9200,2065.9700
41.9300,2086.4275
41.9400,2014.4125
41.9500,1913.5750
41.9600,1847.7125
41.9700,1762.7850
41.9800,1705.0650
41.9900,1642.3250
42.0000,1557.8000
42.0100,1516.3550
42.0200,1471.2250
42.0300,1446.9800
42.0400,1387.6800
42.0500,1253.0250
42.0600,1161.6775
42.0700,1078.1500
42.0800,944.7750
42.0900,893.6900
42.1000,815.3300
42.1100,692.8000
42.1200,594.1350
42.1300,483.4850
42.1400,454.8025
42.1500,444.6700
42.1600,425.6150
42.1700,417.6050
42.1800,368.7850
42.1900,326.0775
42.2000,319.0575
42.2100,334.3325
42.2200,366.2550
42.2300,362.3575
42.2400,351.9000
42.2500,321.4250
42.2600,326.6550
42.2700,361.8650
42.2800,342.4475
42.2900,348.9925
42.3000,318.7125
42.3100,319.9250
42.3200,314.8250
42.3300,310.0000
42.3400,312.3650
42.3500,315.6975
42.3600,321.3900
42.3700,349.2875
42.3800,360.0000
42.3900,343.5075
42.4000,329.6050
42.4100,343.1325
42.4200,342.9475
42.4300,335.3025
42.4400,352.1075
42.4500,392.8325
42.4600,420.7275
42.4700,410.2750
42.4800,429.0700
42.4900,479.7450
42.5000,461.6250
42.5100,427.9925
42.5200,461.9875
42.5300,498.6475
42.5400,548.5900
42.5500,582.9575
42.5600,585.3500
42.5700,550.8025
42.5800,527.3800
42.5900,523.3325
42.6000,490.8775
42.6100,425.7025
42.6200,398.7025
42.6300,392.0400
42.6400,359.9550
42.6500,379.0000
42.6600,411.7950
42.6700,443.0600
42.6800,400.3375
42.6900,395.0850
42.7000,364.2225
42.7100,337.4700
42.7200,347.1150
42.7300,316.6075
42.7400,295.4125
42.7500,307.0850
42.7600,331.6550
42.7700,333.1350
42.7800,293.4150
42.7900,297.2300
42.8000,306.6675
42.8100,292.9775
42.8200,277.5475
42.8300,284.7225
42.8400,299.1050
42.8500,291.9625
42.8600,263.9400
42.8700,294.2100
42.8800,304.2575
42.8900,295.4650
42.9000,304.6625
42.9100,337.1675
42.9200,350.0000
42.9300,374.8650
42.9400,438.6175
42.9500,465.5900
42.9600,450.8800
42.9700,461.3625
42.9800,438.4750
42.9900,425.5825
43.0000,401.9350
43.0100,374.2725
43.0200,382.3800
43.0300,403.4600
43.0400,418.9650
43.0500,459.1700
43.0600,467.7150
43.0700,470.0425
43.0800,430.8750
43.0900,365.3425
43.1000,345.5650
43.1100,357.8150
43.1200,365.5600
43.1300,346.6325
43.1400,309.9750
43.1500,305.5575
43.1600,318.8850
43.1700,334.4300
43.1800,328.9125
43.1900,336.6275
43.2000,316.7625
43.2100,290.0575
43.2200,289.9650
43.2300,273.4525
43.2400,258.9175
43.2500,287.5450
43.2600,301.1300
43.2700,269.1675
43.2800,288.5425
43.2900,302.2700
43.3000,267.0425
43.3100,239.0225
43.3200,244.3025
43.3300,276.3075
43.3400,283.4275
43.3500,264.6775
43.3600,267.6025
43.3700,297.3725
43.3800,303.4475
43.3900,295.6350
43.4000,288.9725
43.4100,264.8775
43.4200,257.6875
43.4300,262.1750
43.4400,289.4200
43.4500,314.1950
43.4600,296.1250
43.4700,287.6700
43.4800,283.4975
43.4900,286.4975
43.5000,287.8350
43.5100,269.3700
43.5200,275.1225
43.5300,263.9025
43.5400,249.0200
43.5500,270.3775
43.5600,291.9500
43.5700,294.5150
43.5800,310.5375
43.5900,332.8950
43.6000,352.8850
43.6100,342.8350
43.6200,333.3325
43.6300,316.1950
43.6400,283.1175
43.6500,270.0000
43.6600,304.2000
43.6700,359.6425
43.6800,356.5225
43.6900,300.6825
43.7000,291.5825
43.7100,317.0350
43.7200,328.7950
43.7300,342.7575
43.7400,328.7550
43.7500,303.9300
43.7600,315.7575
43.7700,330.9050
43.7800,348.1600
43.7900,403.2275
43.8000,419.4275
43.8100,442.9175
43.8200,464.2225
43.8300,454.0075
43.8400,446.6675
43.8500,425.6000
43.8600,409.1225
43.8700,377.2175
43.8800,370.5100
43.8900,401.8700
43.9000,404.0750
43.9100,434.4125
43.9200,527.9125
43.9300,628.6275
43.9400,703.0875
43.9500,799.8400
43.9600,820.3525
43.9700,823.3675
43.9800,852.1075
43.9900,867.5025
44.0000,917.9025
44.0100,963.3150
44.0200,1004.5275
44.0300,1035.8000
44.0400,1051.6400
44.0500,1013.0950
44.0600,941.0550
44.0700,892.6175
44.0800,888.2800
44.0900,899.5400
44.1000,853.7275
44.1100,808.8750
44.1200,818.5750
44.1300,827.9375
44.1400,812.2425
44.1500,762.1525
44.1600,699.6325
44.1700,621.1575
44.1800,631.8625
44.1900,711.3200
44.2000,749.4875
44.2100,708.2400
44.2200,669.7600
44.2300,653.1000
44.2400,624.1725
44.2500,632.4775
44.2600,605.8275
44.2700,541.2325
44.2800,506.4725
44.2900,493.8875
44.3000,483.8925
44.3100,477.9650
44.3200,425.8500
44.3300,387.2400
44.3400,430.0125
44.3500,480.2800
44.3600,454.8300
44.3700,405.7000
44.3800,406.1875
44.3900,396.4475
44.4000,357.0700
44.4100,331.9250
44.4200,318.5975
44.4300,319.3800
44.4400,333.4050
44.4500,333.9625
44.4600,287.7650
44.4700,239.9025
44.4800,264.8225
44.4900,294.0125
44.5000,270.6000
44.5100,271.3650
44.5200,291.3425
44.5300,272.6600
44.5400,258.6650
44.5500,267.9900
44.5600,293.2925
44.5700,322.6225
44.5800,319.3825
44.5900,308.0075
44.6000,304.6775
44.6100,303.3325
44.6200,273.5275
44.6300,285.1025
44.6400,292.7775
44.6500,279.3675
44.6600,282.6100
44.6700,268.8500
44.6800,276.4475
44.6900,299.8825
44.7000,308.6425
44.7100,296.1850
44.7200,276.8050
44.7300,277.8825
44.7400,318.7775
44.7500,319.7225
44.7600,319.0625
44.7700,361.4350
44.7800,422.5975
44.7900,471.5800
44.8000,588.6025
44.8100,677.6300
44.8200,717.4025
44.8300,742.5350
44.8400,688.0350
44.8500,607.6075
44.8600,591.7100
44.8700,590.2500
44.8800,561.9000
44.8900,544.7200
44.9000,535.5500
44.9100,547.4975
44.9200,583.3125
44.9300,582.5275
44.9400,589.3975
44.9500,607.2100
44.9600,536.3975
44.9700,448.4950
44.9800,400.1250
44.9900,398.7950
45.0000,396.4825
45.0100,371.2300
45.0200,331.0750
45.0300,315.7800
45.0400,325.7750
45.0500,306.9125
45.0600,286.1550
45.0700,291.0175
45.0800,300.5050
45.0900,299.4975
45.1000,264.0800
45.1100,245.7450
45.1200,257.6550
45.1300,261.4200
45.1400,254.2675
45.1500,271.0075
45.1600,294.3000
45.1700,296.1875
45.1800,279.9950
45.1900,262.3850
45.2000,275.6925
45.2100,270.9875
45.2200,252.8675
45.2300,259.4925
45.2400,278.0475
45.2500,299.9350
45.2600,304.3175
45.2700,286.7500
45.2800,288.0150
45.2900,309.8975
45.3000,304.8925
45.3100,306.5425
45.3200,331.7525
45.3300,324.4900
45.3400,302.4675
45.3500,289.1400
45.3600,290.8550
45.3700,287.2725
45.3800,266.8575
45.3900,290.4350
45.4000,309.1675
45.4100,286.4750
45.4200,263.9750
45.4300,271.6300
45.4400,294.5475
45.4500,314.5400
45.4600,321.4675
45.4700,297.6200
45.4800,285.5900
45.4900,276.9650
45.5000,262.9450
45.5100,258.1400
45.5200,273.3900
45.5300,292.2375
45.5400,289.2450
45.5500,272.2075
45.5600,289.2725
45.5700,293.3375
45.5800,274.4500
45.5900,245.9675
45.6000,248.8350
45.6100,270.3575
45.6200,275.1775
45.6300,265.6075
45.6400,262.1925
45.6500,275.8700
45.6600,285.1725
45.6700,292.1800
45.6800,280.1375
45.6900,272.1725
45.7000,287.6700
45.7100,291.1700
45.7200,251.8725
45.7300,256.2725
45.7400,286.9900
45.7500,288.1725
45.7600,292.1450
45.7700,296.6675
45.7800,300.3125
45.7900,288.7575
45.8000,276.6675
45.8100,294.8600
45.8200,299.0925
45.8300,300.9000
45.8400,322.7075
45.8500,340.5900
45.8600,357.5425
45.8700,428.2550
45.8800,490.8600
45.8900,480.1025
45.9000,474.1775
45.9100,459.8525
45.9200,400.2925
45.9300,366.6675
45.9400,364.8650
45.9500,327.3125
45.9600,302.0650
45.9700,312.0625
45.9800,331.0425
45.9900,337.9450
46.0000,338.7175
46.0100,373.8175
46.0200,392.8325
46.0300,377.7125
46.0400,348.5275
46.0500,312.1175
46.0600,321.6825
46.0700,321.9075
46.0800,303.3325
46.0900,271.2400
46.1000,245.1150
46.1100,237.7650
46.1200,222.8825
46.1300,246.8925
46.1400,287.5475
46.1500,280.4700
46.1600,270.4300
46.1700,253.6200
46.1800,243.9625
46.1900,256.8750
46.2000,245.8475
46.2100,224.4950
46.2200,241.4000
46.2300,286.2825
46.2400,311.9600
46.2500,299.0375
46.2600,265.7175
46.2700,262.3225
46.2800,283.8875
46.2900,275.7550
46.3000,263.5125
46.3100,266.6675
46.3200,243.8625
46.3300,235.6025
46.3400,250.1700
46.3500,251.5825
46.3600,246.5025
46.3700,245.0825
46.3800,227.4525
46.3900,232.6925
46.4000,272.5200
46.4100,281.2850
46.4200,257.6575
46.4300,246.8150
46.4400,256.9575
46.4500,277.2400
46.4600,279.5775
46.4700,264.7925
46.4800,273.8775
46.4900,269.3325
46.5000,260.2625
46.5100,258.0125
46.5200,258.6475
46.5300,271.8525
46.5400,278.3950
46.5500,269.6425
46.5600,261.7250
46.5700,284.0175
46.5800,296.4425
46.5900,293.4425
46.6000,300.1075
46.6100,311.9275
46.6200,311.4100
46.6300,291.3175
46.6400,300.5850
46.6500,321.7150
46.6600,289.0725
46.6700,263.5150
46.6800,288.8175
46.6900,304.9575
46.7000,279.4175
46.7100,260.0800
46.7200,258.2150
46.7300,268.6775
46.7400,285.0375
46.7500,274.7500
46.7600,266.7350
46.7700,256.4000
46.7800,241.6350
46.7900,250.1875
46.8000,285.4500
46.8100,301.5225
46.8200,264.5300
46.8300,228.2000
46.8400,236.9200
46.8500,278.6975
46.8600,299.9550
46.8700,284.8475
46.8800,278.3950
46.8900,261.4125
46.9000,243.3700
46.9100,258.4550
46.9200,268.3175
46.9300,259.9400
46.9400,260.0550
46.9500,271.7050
46.9600,285.0575
46.9700,284.9475
46.9800,274.9900
46.9900,280.0325
47.0000,271.6025
47.0100,268.3750
47.0200,276.6575
47.0300,263.3100
47.0400,268.3575
47.0500,308.3575
47.0600,324.9975
47.0700,306.6700
47.0800,318.3100
47.0900,358.3025
47.1000,383.3175
47.1100,424.8925
47.1200,440.0750
47.1300,443.2300
47.1400,508.1225
47.1500,556.6275
47.1600,545.1175
47.1700,556.4550
47.1800,593.2825
47.1900,563.6400
47.2000,543.1825
47.2100,536.8925
47.2200,505.0850
47.2300,485.1275
47.2400,458.5075
47.2500,430.1625
47.2600,428.1825
47.2700,451.5075
47.2800,466.6200
47.2900,468.3575
47.3000,471.5900
47.3100,466.8275
47.3200,402.5900
47.3300,364.6800
47.3400,375.1500
47.3500,358.4900
47.3600,343.4625
47.3700,317.0675
47.3800,306.4600
47.3900,297.0925
47.4000,275.0375
47.4100,265.1875
47.4200,264.8075
47.4300,286.3500
47.4400,285.3675
47.4500,252.1250
47.4600,254.4425
47.4700,281.5350
47.4800,283.4225
47.4900,276.7575
47.5000,260.3750
47.5100,254.7600
47.5200,252.0100
47.5300,246.4675
47.5400,251.7175
47.5500,253.2300
47.5600,263.1200
47.5700,299.0250
47.5800,307.4400
47.5900,275.2825
47.6000,265.0575
47.6100,260.1175
47.6200,263.0950
47.6300,257.1500
47.6400,246.5450
47.6500,248.3950
47.6600,256.2875
47.6700,276.2800
47.6800,281.8625
47.6900,267.0650
47.7000,245.4725
47.7100,231.7350
47.7200,255.5550
47.7300,289.7175
47.7400,288.6900
47.7500,283.1875
47.7600,278.7000
47.7700,298.6600
47.7800,317.2700
47.7900,289.0225
47.8000,282.8675
47.8100,277.4500
47.8200,269.5225
47.8300,260.9650
47.8400,268.5350
47.8500,293.6625
47.8600,270.8325
47.8700,265.9925
47.8800,270.5125
47.8900,256.8400
47.9000,261.2300
47.9100,274.7350
47.9200,278.4225
47.9300,284.5500
47.9400,274.4275
47.9500,245.4600
47.9600,231.9450
47.9700,229.8125
47.9800,245.9075
47.9900,258.4300
48.0000,269.2250
48.0100,277.0575
48.0200,246.4825
48.0300,241.9350
48.0400,271.3650
48.0500,262.5825
48.0600,241.9750
48.0700,269.4900
48.0800,297.2950
48.0900,280.4225
48.1000,278.0150
48.1100,289.5700
48.1200,312.2500
48.1300,336.2300
48.1400,338.6650
48.1500,347.3325
48.1600,403.7525
48.1700,456.2150
48.1800,461.7800
48.1900,444.4825
48.2000,420.4625
48.2100,404.0325
48.2200,382.4900
48.2300,365.3550
48.2400,347.6225
48.2500,364.2575
48.2600,415.4525
48.2700,416.3450
48.2800,405.9275
48.2900,439.8050
48.3000,469.7500
48.3100,502.6075
48.3200,615.2000
48.3300,758.9925
48.3400,855.3750
48.3500,953.5425
48.3600,1013.8550
48.3700,989.7775
48.3800,945.4500
48.3900,905.9325
48.4000,835.0925
48.4100,709.9925
48.4200,602.0000
48.4300,564.0425
48.4400,598.0750
48.4500,629.4450
48.4600,607.6475
48.4700,609.9675
48.4800,673.1650
48.4900,714.9625
48.5000,677.2400
48.5100,573.1625
48.5200,542.4650
48.5300,544.2075
48.5400,498.3675
48.5500,438.4350
48.5600,415.1475
48.5700,392.0875
48.5800,362.1175
48.5900,347.5700
48.6000,336.6675
48.6100,329.0950
48.6200,310.9200
48.6300,277.3125
48.6400,248.4875
48.6500,242.1350
48.6600,241.1975
48.6700,255.7200
48.6800,286.2725
48.6900,300.9550
48.7000,276.4425
48.7100,260.0000
48.7200,261.5050
48.7300,260.3250
48.7400,273.2000
48.7500,290.3300
48.7600,277.6575
48.7700,272.6700
48.7800,274.0000
48.7900,260.6700
48.8000,266.8150
48.8100,266.8650
48.8200,237.6875
48.8300,267.0475
48.8400,309.1925
48.8500,289.5425
48.8600,278.1600
48.8700,293.4300
48.8800,312.9825
48.8900,330.0825
48.9000,355.6050
48.9100,360.7100
48.9200,354.8225
48.9300,368.5650
48.9400,386.3075
48.9500,385.5425
48.9600,384.4550
48.9700,387.0325
48.9800,389.2675
48.9900,383.3250
49.0000,378.5200
49.0100,368.1600
49.0200,357.3875
49.0300,374.4575
49.0400,355.9400
49.0500,349.6225
49.0600,381.3925
49.0700,393.0500
49.0800,382.5125
49.0900,390.4475
49.1000,368.5275
49.1100,372.5575
49.1200,393.2475
49.1300,424.7125
49.1400,471.2725
49.1500,497.8475
49.1600,496.9500
49.1700,515.8725
49.1800,520.3975
49.1900,487.3350
49.2000,438.2725
49.2100,417.4725
49.2200,395.3575
49.2300,345.9325
49.2400,311.0550
49.2500,316.6675
49.2600,331.2775
49.2700,396.7325
49.2800,442.0700
49.2900,411.6625
49.3000,377.7100
49.3100,360.6200
49.3200,372.9125
49.3300,343.1825
49.3400,286.9050
49.3500,287.4525
49.3600,312.9075
49.3700,307.9500
49.3800,292.3100
49.3900,283.7650
49.4000,281.4500
49.4100,286.2325
49.4200,274.0600
49.4300,256.2300
49.4400,257.1050
49.4500,251.8875
49.4600,251.4450
49.4700,247.5525
49.4800,247.2225
49.4900,255.2225
49.5000,263.4350
49.5100,259.3575
49.5200,236.6675
49.5300,251.0750
49.5400,267.1200
49.5500,248.9375
49.5600,255.8975
49.5700,287.1250
49.5800,266.0850
49.5900,237.5875
49.6000,242.9225
49.6100,264.3050
49.6200,268.5650
49.6300,270.9675
49.6400,276.6675
49.6500,286.6925
49.6600,282.8200
49.6700,255.7075
49.6800,239.9900
49.6900,229.5250
49.7000,250.4775
49.7100,267.6200
49.7200,255.7175
49.7300,264.2650
49.7400,279.0550
49.7500,269.0575
49.7600,260.4850
49.7700,256.6675
49.7800,259.5125
49.7900,260.4875
49.8000,268.0400
49.8100,283.3325
49.8200,277.6525
49.8300,271.4200
49.8400,271.9150
49.8500,265.7450
49.8600,274.1750
49.8700,291.9175
49.8800,275.8375
49.8900,265.1600
49.9000,299.3050
49.9100,313.0300
49.9200,275.8650
49.9300,245.3650
49.9400,242.7100
49.9500,261.4125
49.9600,273.2100
49.9700,276.7950
49.9800,263.3325
49.9900,263.3325
50.0000,263.3325
