#Intensity_unit=cps
#Attenuator_coefficient=1.0000
10.0000,904.2925
10.0100,794.3600
10.0200,801.5375
10.0300,867.0250
10.0400,897.5875
10.0500,966.6750
10.0600,918.8025
10.0700,864.8800
10.0800,923.5700
10.0900,848.3000
10.1000,882.3475
10.1100,895.7375
10.1200,878.5325
10.1300,949.1775
10.1400,968.7475
10.1500,915.6600
10.1600,934.1425
10.1700,963.8150
10.1800,909.3750
10.1900,897.3050
10.2000,926.7950
10.2100,890.8475
10.2200,835.4875
10.2300,920.2825
10.2400,911.9500
10.2500,937.0625
10.2600,915.9525
10.2700,928.3550
10.2800,933.0025
10.2900,939.3375
10.3000,885.9825
10.3100,826.0050
10.3200,846.9875
10.3300,915.9425
10.3400,887.3800
10.3500,871.3525
10.3600,887.9625
10.3700,866.0600
10.3800,854.3600
10.3900,838.3825
10.4000,908.3975
10.4100,970.4425
10.4200,887.0750
10.4300,891.5925
10.4400,884.3825
10.4500,865.4375
10.4600,848.4250
10.4700,867.5275
10.4800,929.5800
10.4900,868.1800
10.5000,857.0225
10.5100,850.7150
10.5200,847.0250
10.5300,944.7675
10.5400,947.7525
10.5500,899.1425
10.5600,887.3950
10.5700,836.2150
10.5800,859.6650
10.5900,898.9175
10.6000,894.4425
10.6100,922.9600
10.6200,900.0125
10.6300,872.9850
10.6400,840.4100
10.6500,807.0900
10.6600,868.3750
10.6700,885.5325
10.6800,821.6800
10.6900,875.3400
10.7000,924.6525
10.7100,894.6000
10.7200,913.5900
10.7300,922.5625
10.7400,811.3750
10.7500,823.1725
10.7600,864.9350
10.7700,846.4600
10.7800,816.8625
10.7900,860.3700
10.8000,881.3600
10.8100,836.3375
10.8200,780.0875
10.8300,811.4850
10.8400,866.5350
10.8500,855.7400
10.8600,900.2275
10.8700,856.8650
10.8800,829.5025
10.8900,876.4250
10.9000,900.8875
10.9100,888.7125
10.9200,883.7425
10.9300,865.8025
10.9400,834.1300
10.9500,891.3000
10.9600,838.7275
10.9700,844.5825
10.9800,878.7325
10.9900,807.5750
11.0000,822.8800
11.0100,812.1100
11.0200,868.1975
11.0300,920.2950
11.0400,964.4600
11.0500,903.1650
11.0600,873.0025
11.0700,835.1600
11.0800,832.9025
11.0900,885.5425
11.1000,829.5500
11.1100,817.1025
11.1200,886.1850
11.1300,832.9725
11.1400,872.5300
11.1500,865.5375
11.1600,886.4625
11.1700,855.3225
11.1800,881.7725
11.1900,889.5550
11.2000,864.0275
11.2100,860.0000
11.2200,891.7150
11.2300,841.9125
11.2400,888.0600
11.2500,916.8200
11.2600,871.0800
11.2700,860.4575
11.2800,868.6250
11.2900,844.1375
11.3000,788.3000
11.3100,851.7725
11.3200,854.7250
11.3300,859.0700
11.3400,874.3325
11.3500,868.0700
11.3600,903.8975
11.3700,832.7100
11.3800,837.1675
11.3900,937.2350
11.4000,961.9100
11.4100,886.1925
11.4200,827.6425
11.4300,857.1075
11.4400,860.4800
11.4500,825.7825
11.4600,851.3525
11.4700,850.9700
11.4800,881.3200
11.4900,855.3600
11.5000,832.9325
11.5100,821.4700
11.5200,828.5250
11.5300,827.1600
11.5400,908.9975
11.5500,877.9325
11.5600,946.5775
11.5700,931.6525
11.5800,864.3325
11.5900,836.3425
11.6000,878.6225
11.6100,818.7675
11.6200,817.9775
11.6300,873.7000
11.6400,840.9600
11.6500,824.8625
11.6600,860.0200
11.6700,897.6925
11.6800,846.9500
11.6900,831.0300
11.7000,832.8175
11.7100,768.5900
11.7200,773.5475
11.7300,863.8400
11.7400,795.6800
11.7500,794.0450
11.7600,835.9750
11.7700,840.5275
11.7800,783.9025
11.7900,728.4775
11.8000,762.0300
11.8100,798.0050
11.8200,808.9325
11.8300,798.8100
11.8400,819.0375
11.8500,787.0025
11.8600,813.5200
11.8700,859.0850
11.8800,849.9250
11.8900,860.6125
11.9000,888.4200
11.9100,809.7525
11.9200,773.8400
11.9300,822.8800
11.9400,747.1025
11.9500,730.0000
11.9600,782.7950
11.9700,768.3375
11.9800,782.7650
11.9900,797.7650
12.0000,747.3150
12.0100,786.5525
12.0200,766.1975
12.0300,751.6950
12.0400,769.3675
12.0500,800.9875
12.0600,790.0825
12.0700,767.3300
12.0800,779.9000
12.0900,799.8900
12.1000,814.3650
12.1100,797.3700
12.1200,798.8425
12.1300,805.5075
12.1400,768.1375
12.1500,848.0200
12.1600,836.4275
12.1700,783.2900
12.1800,844.7325
12.1900,832.5525
12.2000,878.7850
12.2100,829.6850
12.2200,781.0450
12.2300,825.3675
12.2400,828.4550
12.2500,777.4250
12.2600,848.6900
12.2700,825.6775
12.2800,827.5900
12.2900,843.6475
12.3000,816.6575
12.3100,766.3750
12.3200,751.2175
12.3300,747.2775
12.3400,768.4425
12.3500,770.6125
12.3600,789.0325
12.3700,825.9425
12.3800,803.4575
12.3900,864.5250
12.4000,863.7225
12.4100,832.8875
12.4200,891.7000
12.4300,912.0825
12.4400,886.2675
12.4500,888.1150
12.4600,946.7750
12.4700,1054.5725
12.4800,1065.8650
12.4900,1047.1400
12.5000,1073.0050
12.5100,1106.9600
12.5200,1094.4725
12.5300,1138.4700
12.5400,1155.3825
12.5500,1148.5975
12.5600,1103.6575
12.5700,1066.4675
12.5800,1094.9050
12.5900,1046.9800
12.6000,993.1050
12.6100,919.0050
12.6200,989.0550
12.6300,1020.7100
12.6400,945.7400
12.6500,857.1400
12.6600,858.7075
12.6700,924.7650
12.6800,950.6775
12.6900,961.3375
12.7000,1000.6600
12.7100,1020.6575
12.7200,1068.6050
12.7300,1045.4000
12.7400,988.7875
12.7500,1035.1500
12.7600,1004.8350
12.7700,1033.1625
12.7800,1069.8700
12.7900,1140.3150
12.8000,1069.2025
12.8100,1041.3700
12.8200,1000.2900
12.8300,1042.9125
12.8400,990.5650
12.8500,973.3325
12.8600,944.2825
12.8700,960.4200
12.8800,950.8400
12.8900,901.8525
12.9000,847.8475
12.9100,868.2625
12.9200,855.6150
12.9300,802.6650
12.9400,808.3975
12.9500,750.2975
12.9600,725.4575
12.9700,752.1900
12.9800,809.8125
12.9900,810.2325
13.0000,767.3900
13.0100,754.0500
13.0200,842.2500
13.0300,832.6900
13.0400,737.1400
13.0500,755.0975
13.0600,724.9275
13.0700,747.2250
13.0800,777.5100
13.0900,765.1075
13.1000,744.3875
13.1100,786.8100
13.1200,758.4175
13.1300,723.2900
13.1400,727.0500
13.1500,745.5650
13.1600,770.7400
13.1700,732.6225
13.1800,730.3575
13.1900,787.6700
13.2000,813.6775
13.2100,775.3200
13.2200,709.1000
13.2300,667.5250
13.2400,680.6350
13.2500,725.3300
13.2600,700.6025
13.2700,749.2100
13.2800,771.8125
13.2900,732.1975
13.3000,704.5850
13.3100,710.2700
13.3200,741.5600
13.3300,773.0800
13.3400,838.9425
13.3500,843.8625
13.3600,809.2875
13.3700,743.7300
13.3800,693.4375
13.3900,696.1050
13.4000,735.7375
13.4100,761.9725
13.4200,715.6800
13.4300,715.2850
13.4400,748.0075
13.4500,779.5650
13.4600,763.7825
13.4700,743.9625
13.4800,767.9325
13.4900,766.5150
13.5000,750.6525
13.5100,756.8025
13.5200,752.4025
13.5300,765.1850
13.5400,719.4150
13.5500,723.5525
13.5600,745.1550
13.5700,699.5175
13.5800,700.9900
13.5900,744.4775
13.6000,741.5525
13.6100,724.0800
13.6200,712.4525
13.6300,760.2800
13.6400,731.4475
13.6500,681.5200
13.6600,687.5625
13.6700,738.4625
13.6800,700.7200
13.6900,695.8525
13.7000,722.5175
13.7100,704.9975
13.7200,704.1625
13.7300,709.1625
13.7400,680.0575
13.7500,687.4550
13.7600,745.6600
13.7700,755.8625
13.7800,748.3575
13.7900,709.3675
13.8000,666.8475
13.8100,691.4300
13.8200,703.3325
13.8300,693.4150
13.8400,774.2500
13.8500,773.6200
13.8600,696.5225
13.8700,703.0050
13.8800,738.0425
13.8900,736.7900
13.9000,733.3325
13.9100,725.9350
13.9200,730.7250
13.9300,743.1825
13.9400,702.3750
13.9500,716.1725
13.9600,704.5525
13.9700,672.1125
13.9800,709.9525
13.9900,734.0225
14.0000,717.0650
14.0100,705.1025
14.0200,669.0800
14.0300,695.7850
14.0400,736.8750
14.0500,756.4325
14.0600,764.8800
14.0700,698.4075
14.0800,700.1300
14.0900,744.0800
14.1000,700.7175
14.1100,672.7075
14.1200,689.4325
14.1300,716.0850
14.1400,750.0125
14.1500,784.2375
14.1600,752.1600
14.1700,736.6675
14.1800,741.5025
14.1900,772.3325
14.2000,744.6950
14.2100,715.5225
14.2200,710.0000
14.2300,743.7325
14.2400,797.5975
14.2500,810.9275
14.2600,749.8950
14.2700,753.0925
14.2800,772.9350
14.2900,747.8800
14.3000,731.8725
14.3100,749.1625
14.3200,756.6675
14.3300,744.7075
14.3400,725.6600
14.3500,696.1200
14.3600,693.8250
14.3700,708.5900
14.3800,710.9500
14.3900,693.3350
14.4000,672.3925
14.4100,642.8950
14.4200,671.3400
14.4300,753.1300
14.4400,772.8850
14.4500,734.4500
14.4600,736.5775
14.4700,731.5000
14.4800,681.7375
14.4900,670.4225
14.5000,666.2500
14.5100,665.6925
14.5200,709.1000
14.5300,719.6000
14.5400,751.9725
14.5500,764.3150
14.5600,718.6800
14.5700,683.5625
14.5800,683.7050
14.5900,674.9425
14.6000,662.9725
14.6100,650.6350
14.6200,663.0400
14.6300,691.0350
14.6400,704.6700
14.6500,692.6650
14.6600,635.3650
14.6700,645.9525
14.6800,678.6250
14.6900,635.4875
14.7000,690.0425
14.7100,772.1100
14.7200,774.7675
14.7300,738.8400
14.7400,740.5700
14.7500,739.7200
14.7600,718.1600
14.7700,689.1950
14.7800,693.8575
14.7900,706.9225
14.8000,744.5900
14.8100,743.8700
14.8200,741.2725
14.8300,759.4375
14.8400,775.8600
14.8500,777.7025
14.8600,756.0125
14.8700,719.1500
14.8800,715.8325
14.8900,701.6850
14.9000,741.3700
14.9100,717.6200
14.9200,753.7600
14.9300,750.3350
14.9400,745.7875
14.9500,759.1125
14.9600,756.5050
14.9700,753.3325
14.9800,723.7900
14.9900,737.2475
15.0000,747.7300
15.0100,712.6625
15.0200,671.7500
15.0300,666.7900
15.0400,737.8375
15.0500,779.0375
15.0600,787.8475
15.0700,756.1650
15.0800,715.2075
15.0900,764.1350
15.1000,766.3325
15.1100,769.0700
15.1200,810.3600
15.1300,817.6900
15.1400,777.4550
15.1500,755.5200
15.1600,751.0950
15.1700,796.9725
15.1800,804.3550
15.1900,729.6775
15.2000,707.8225
15.2100,673.2075
15.2200,617.6975
15.2300,657.8600
15.2400,695.5600
15.2500,693.3350
15.2600,718.8550
15.2700,693.4150
15.2800,668.9025
15.2900,684.3775
15.3000,673.4250
15.3100,672.1725
15.3200,630.2950
15.3300,637.5550
15.3400,644.5150
15.3500,657.6200
15.3600,653.4625
15.3700,653.2625
15.3800,656.6675
15.3900,658.8625
15.4000,660.0000
15.4100,673.1450
15.4200,701.8900
15.4300,693.6500
15.4400,674.5925
15.4500,648.1675
15.4600,647.5725
15.4700,701.2800
15.4800,735.3775
15.4900,742.1750
15.5000,719.4250
15.5100,687.1225
15.5200,681.0050
15.5300,676.8300
15.5400,669.0025
15.5500,683.9775
15.5600,684.6850
15.5700,669.2000
15.5800,678.4400
15.5900,680.1975
15.6000,622.8125
15.6100,617.0075
15.6200,660.1025
15.6300,646.5900
15.6400,649.3175
15.6500,653.5675
15.6600,645.7150
15.6700,643.3325
15.6800,613.3925
15.6900,607.3500
15.7000,600.5250
15.7100,638.1200
15.7200,680.3800
15.7300,670.8400
15.7400,640.8600
15.7500,638.5000
15.7600,630.5950
15.7700,653.0250
15.7800,672.1200
15.7900,683.9175
15.8000,647.7000
15.8100,640.2375
15.8200,639.4450
15.8300,629.1150
15.8400,635.0950
15.8500,629.4750
15.8600,644.3650
15.8700,658.7675
15.8800,657.9000
15.8900,648.2775
15.9000,634.9525
15.9100,632.0925
15.9200,637.5150
15.9300,640.0000
15.9400,654.6125
15.9500,669.5900
15.9600,706.6675
15.9700,691.2825
15.9800,615.9350
15.9900,604.1075
16.0000,639.4950
16.0100,655.4075
16.0200,644.2375
16.0300,661.5000
16.0400,658.0600
16.0500,650.7975
16.0600,657.4600
16.0700,660.0000
16.0800,627.0500
16.0900,586.0925
16.1000,614.4425
16.1100,658.4800
16.1200,645.3825
16.1300,632.0500
16.1400,616.9550
16.1500,620.9850
16.1600,625.9125
16.1700,609.0425
16.1800,602.0400
16.1900,607.4075
16.2000,593.7175
16.2100,630.1000
16.2200,666.0950
16.2300,676.0875
16.2400,641.4825
16.2500,598.4400
16.2600,623.0850
16.2700,670.9225
16.2800,644.2625
16.2900,590.4425
16.3000,557.2125
16.3100,580.8900
16.3200,619.4225
16.3300,632.0100
16.3400,615.2700
16.3500,603.3325
16.3600,617.3550
16.3700,586.6475
16.3800,562.0000
16.3900,617.2500
16.4000,645.3550
16.4100,630.0350
16.4200,629.3050
16.4300,581.6250
16.4400,584.4150
16.4500,596.1075
16.4600,588.6500
16.4700,597.9225
16.4800,583.5475
16.4900,583.8350
16.5000,589.3850
16.5100,584.6950
16.5200,587.2750
16.5300,586.0625
16.5400,583.3325
16.5500,577.4400
16.5600,616.5000
16.5700,627.0650
16.5800,634.8725
16.5900,659.7800
16.6000,633.4500
16.6100,615.8550
16.6200,635.5975
16.6300,603.8150
16.6400,608.3550
16.6500,617.7850
16.6600,612.4925
16.6700,595.3325
16.6800,609.0625
16.6900,626.1300
16.7000,605.9325
16.7100,575.9525
16.7200,588.4125
16.7300,641.3550
16.7400,657.0425
16.7500,632.6925
16.7600,589.2650
16.7700,570.5050
16.7800,584.8350
16.7900,587.5900
16.8000,581.4200
16.8100,608.6575
16.8200,654.8100
16.8300,648.5500
16.8400,612.8625
16.8500,611.4125
16.8600,629.5000
16.8700,619.5850
16.8800,635.1050
16.8900,626.3650
16.9000,593.8750
16.9100,592.3350
16.9200,596.6675
16.9300,591.0100
16.9400,592.3175
16.9500,583.4975
16.9600,567.6950
16.9700,563.3325
16.9800,574.5825
16.9900,603.9350
17.0000,582.5825
17.0100,543.9900
17.0200,577.7325
17.0300,621.1875
17.0400,626.2750
17.0500,578.6850
17.0600,578.6400
17.0700,599.2425
17.0800,585.9175
17.0900,583.7050
17.1000,645.8600
17.1100,695.1800
17.1200,611.7700
17.1300,528.5850
17.1400,511.1425
17.1500,517.7025
17.1600,550.5500
17.1700,581.0100
17.1800,575.3375
17.1900,559.6725
17.2000,569.4675
17.2100,598.2650
17.2200,609.6850
17.2300,597.5550
17.2400,595.4600
17.2500,587.2725
17.2600,598.4575
17.2700,632.9900
17.2800,672.0300
17.2900,657.1425
17.3000,590.5175
17.3100,574.4425
17.3200,586.6675
17.3300,588.4675
17.3400,631.3750
17.3500,641.5125
17.3600,627.1775
17.3700,602.8600
17.3800,578.4575
17.3900,622.9175
17.4000,649.2825
17.4100,623.9450
17.4200,593.9650
17.4300,596.0175
17.4400,588.6700
17.4500,566.4500
17.4600,566.8800
17.4700,608.9650
17.4800,659.2525
17.4900,634.4650
17.5000,592.9425
17.5100,583.1425
17.5200,585.2800
17.5300,570.6600
17.5400,583.1850
17.5500,624.0300
17.5600,620.9000
17.5700,597.9200
17.5800,596.9900
17.5900,605.0775
17.6000,624.0975
17.6100,624.3325
17.6200,625.6500
17.6300,627.8425
17.6400,635.7450
17.6500,604.8300
17.6600,553.0800
17.6700,574.3150
17.6800,617.2575
17.6900,585.0725
17.7000,565.8225
17.7100,598.5975
17.7200,610.1000
17.7300,570.4600
17.7400,559.1175
17.7500,584.9550
17.7600,586.7500
17.7700,613.8875
17.7800,619.6250
17.7900,608.4400
17.8000,604.8350
17.8100,596.6675
17.8200,601.7525
17.8300,586.3475
17.8400,610.6325
17.8500,655.0225
17.8600,638.1125
17.8700,593.0475
17.8800,593.5825
17.8900,628.4000
17.9000,629.9550
17.9100,636.7400
17.9200,673.4300
17.9300,691.6525
17.9400,658.2900
17.9500,616.6650
17.9600,614.9875
17.9700,646.6175
17.9800,660.0250
17.9900,641.7250
18.0000,636.6250
18.0100,633.4100
18.0200,601.8625
18.0300,588.2475
18.0400,618.0800
18.0500,661.3850
18.0600,663.6200
18.0700,623.6475
18.0800,626.2700
18.0900,648.3650
18.1000,633.5950
18.1100,623.2625
18.1200,642.9625
18.1300,677.9000
18.1400,667.4150
18.1500,615.5675
18.1600,603.0575
18.1700,618.1900
18.1800,621.7175
18.1900,621.6150
18.2000,644.2875
18.2100,652.1800
18.2200,612.5550
18.2300,613.9550
18.2400,627.3025
18.2500,601.9950
18.2600,594.9325
18.2700,644.5575
18.2800,672.7550
18.2900,673.7275
18.3000,725.5875
18.3100,723.0125
18.3200,721.8675
18.3300,772.3300
18.3400,870.7900
18.3500,1032.4350
18.3600,1234.8900
18.3700,1539.8150
18.3800,1871.6550
18.3900,2232.2850
18.4000,2624.7725
18.4100,3003.8750
18.4200,3317.3150
18.4300,3591.6725
18.4400,3817.8350
18.4500,3825.3225
18.4600,3827.5200
18.4700,3758.0475
18.4800,3529.5175
18.4900,3329.5450
18.5000,3066.7175
18.5100,2698.7550
18.5200,2382.9225
18.5300,2162.0625
18.5400,1989.6050
18.5500,1822.0425
18.5600,1602.6125
18.5700,1355.7350
18.5800,1212.2350
18.5900,1087.2725
18.6000,958.1075
18.6100,923.2775
18.6200,862.3475
18.6300,778.4700
18.6400,707.9100
18.6500,677.8675
18.6600,701.4425
18.6700,729.3600
18.6800,694.5400
18.6900,659.8575
18.7000,671.0000
18.7100,658.5025
18.7200,643.2075
18.7300,634.1325
18.7400,646.3150
18.7500,639.5800
18.7600,596.9400
18.7700,560.0000
18.7800,585.1925
18.7900,604.8300
18.8000,581.1350
18.8100,589.1750
18.8200,577.9875
18.8300,540.6850
18.8400,557.3400
18.8500,562.2700
18.8600,546.4200
18.8700,555.2550
18.8800,574.5775
18.8900,573.5325
18.9000,592.4850
18.9100,594.1900
18.9200,583.7675
18.9300,571.3125
18.9400,586.0175
18.9500,586.8075
18.9600,572.1525
18.9700,566.8425
18.9800,532.9825
18.9900,570.5025
19.0000,581.4325
19.0100,596.1975
19.0200,587.6450
19.0300,539.0850
19.0400,520.0000
19.0500,545.5650
19.0600,578.5825
19.0700,572.4200
19.0800,565.2525
19.0900,560.5100
19.1000,558.0750
19.1100,576.8800
19.1200,583.1500
19.1300,560.0000
19.1400,555.8000
19.1500,538.8200
19.1600,523.3325
19.1700,540.0475
19.1800,556.3800
19.1900,579.9825
19.2000,629.4375
19.2100,625.0325
19.2200,591.2325
19.2300,561.3800
19.2400,572.9700
19.2500,603.1600
19.2600,597.8550
19.2700,560.7750
19.2800,563.9325
19.2900,550.4450
19.3000,544.8425
19.3100,549.8650
19.3200,534.5675
19.3300,534.8025
19.3400,556.1425
19.3500,561.8925
19.3600,529.7650
19.3700,537.7050
19.3800,601.4000
19.3900,598.5725
19.4000,564.6100
19.4100,561.3775
19.4200,586.0025
19.4300,587.3350
19.4400,583.3325
19.4500,560.7575
19.4600,535.9475
19.4700,548.6775
19.4800,541.3825
19.4900,554.4325
19.5000,577.4525
19.5100,555.4500
19.5200,564.3225
19.5300,590.1200
19.5400,576.0775
19.5500,564.7800
19.5600,543.6425
19.5700,528.5350
19.5800,544.4525
19.5900,547.5975
19.6000,525.5750
19.6100,536.5675
19.6200,556.5825
19.6300,535.1450
19.6400,553.6025
19.6500,564.8750
19.6600,533.6425
19.6700,523.4775
19.6800,562.8425
19.6900,546.4900
19.7000,543.9675
19.7100,569.2025
19.7200,564.4775
19.7300,567.6775
19.7400,580.2825
19.7500,545.7850
19.7600,543.3775
19.7700,560.0000
19.7800,543.7375
19.7900,541.6375
19.8000,577.1025
19.8100,565.4225
19.8200,570.7825
19.8300,558.5500
19.8400,520.3775
19.8500,557.5275
19.8600,612.4650
19.8700,606.8275
19.8800,623.1400
19.8900,670.2000
19.9000,644.7750
19.9100,656.8475
19.9200,722.8200
19.9300,777.3325
19.9400,821.8250
19.9500,823.3475
19.9600,798.7925
19.9700,811.1400
19.9800,841.4825
19.9900,854.8050
20.0000,852.5425
20.0100,846.4975
20.0200,823.4200
20.0300,778.1425
20.0400,822.8750
20.0500,755.0675
20.0600,693.4125
20.0700,647.9600
20.0800,641.2425
20.0900,680.0000
20.1000,655.3175
20.1100,598.2700
20.1200,586.0325
20.1300,591.6500
20.1400,561.8400
20.1500,546.6675
20.1600,554.7950
20.1700,581.5875
20.1800,594.0825
20.1900,565.1275
20.2000,538.7275
20.2100,539.1925
20.2200,555.5200
20.2300,548.7550
20.2400,553.7050
20.2500,572.0225
20.2600,554.3925
20.2700,557.9450
20.2800,560.8750
20.2900,560.4000
20.3000,587.4950
20.3100,548.8750
20.3200,559.0200
20.3300,588.9350
20.3400,574.2825
20.3500,522.2175
20.3600,528.9075
20.3700,550.0000
20.3800,564.4275
20.3900,583.3175
20.4000,598.8300
20.4100,614.4650
20.4200,622.0900
20.4300,644.4725
20.4400,655.3200
20.4500,720.5125
20.4600,796.5375
20.4700,860.0025
20.4800,1011.0575
20.4900,1115.4100
20.5000,1153.6625
20.5100,1245.5550
20.5200,1321.0750
20.5300,1337.2775
20.5400,1363.4550
20.5500,1347.0575
20.5600,1327.7325
20.5700,1345.9450
20.5800,1347.1225
20.5900,1241.7475
20.6000,1148.7175
20.6100,1077.3450
20.6200,993.0050
20.6300,936.0725
20.6400,859.9300
20.6500,798.2850
20.6600,766.2425
20.6700,805.2400
20.6800,761.3450
20.6900,725.1700
20.7000,726.3500
20.7100,720.8300
20.7200,777.4550
20.7300,847.3975
20.7400,947.3250
20.7500,1044.1950
20.7600,1107.6850
20.7700,1134.3525
20.7800,1215.3075
20.7900,1303.6275
20.8000,1385.4225
20.8100,1410.3175
20.8200,1412.3575
20.8300,1431.3325
20.8400,1419.6825
20.8500,1370.4900
20.8600,1296.3125
20.8700,1255.7925
20.8800,1112.7050
20.8900,1002.5475
20.9000,918.2500
20.9100,912.3475
20.9200,853.3700
20.9300,801.6225
20.9400,751.9175
20.9500,697.0875
20.9600,674.5025
20.9700,629.9050
20.9800,612.3700
20.9900,608.0775
21.0000,596.6225
21.0100,571.3925
21.0200,534.7375
21.0300,520.4550
21.0400,573.3575
21.0500,547.2000
21.0600,548.8250
21.0700,608.6250
21.0800,612.6350
21.0900,637.4075
21.1000,590.1250
21.1100,592.9050
21.1200,631.2500
21.1300,615.7600
21.1400,641.8725
21.1500,619.0100
21.1600,643.4450
21.1700,598.1650
21.1800,596.9925
21.1900,617.6150
21.2000,643.9375
21.2100,657.5375
21.2200,719.6675
21.2300,744.7900
21.2400,761.2650
21.2500,767.3125
21.2600,830.4950
21.2700,872.3200
21.2800,943.1275
21.2900,970.8875
21.3000,997.2375
21.3100,1070.3975
21.3200,1097.0425
21.3300,1141.2500
21.3400,1198.6175
21.3500,1166.6675
21.3600,1200.6200
21.3700,1336.6025
21.3800,1467.3150
21.3900,1556.3750
21.4000,1720.7850
21.4100,1925.0325
21.4200,2196.8925
21.4300,2660.5175
21.4400,3224.3125
21.4500,3504.6050
21.4600,3632.5025
21.4700,3809.3200
21.4800,3919.8375
21.4900,4228.0725
21.5000,4596.9900
21.5100,4944.1875
21.5200,5062.6400
21.5300,4842.8200
21.5400,4647.6925
21.5500,4547.8725
21.5600,4354.7300
21.5700,3987.1850
21.5800,3649.6575
21.5900,3193.2725
21.6000,2715.6375
21.6100,2464.9675
21.6200,2105.9700
21.6300,1734.1750
21.6400,1536.3000
21.6500,1300.3500
21.6600,1054.9525
21.6700,929.0400
21.6800,875.4175
21.6900,823.1725
21.7000,737.4525
21.7100,718.0450
21.7200,647.4475
21.7300,643.7675
21.7400,624.8875
21.7500,623.0325
21.7600,593.0550
21.7700,596.1525
21.7800,687.9325
21.7900,711.7400
21.8000,745.3325
21.8100,773.2025
21.8200,827.8550
21.8300,938.4675
21.8400,1090.2975
21.8500,1203.4600
21.8600,1386.9400
21.8700,1552.4575
21.8800,1759.6825
21.8900,1887.4050
21.9000,1906.9475
21.9100,1946.1050
21.9200,1864.5500
21.9300,1831.8750
21.9400,1831.7550
21.9500,1817.4050
21.9600,1702.1650
21.9700,1684.1025
21.9800,1545.5550
21.9900,1340.4700
22.0000,1183.3325
22.0100,1160.6325
22.0200,1062.5300
22.0300,986.7550
22.0400,871.9250
22.0500,752.6800
22.0600,684.6700
22.0700,628.7500
22.0800,629.7475
22.0900,606.7800
22.1000,626.1825
22.1100,639.7350
22.1200,593.1825
22.1300,569.3850
22.1400,570.5250
22.1500,540.0775
22.1600,572.0400
22.1700,598.0175
22.1800,618.0000
22.1900,655.8825
22.2000,784.6825
22.2100,779.3025
22.2200,794.5975
22.2300,827.0725
22.2400,902.8850
22.2500,1017.0925
22.2600,1180.5950
22.2700,1290.9500
22.2800,1360.4075
22.2900,1451.0525
22.3000,1413.3325
22.3100,1429.8200
22.3200,1488.6325
22.3300,1440.6300
22.3400,1432.6825
22.3500,1365.4500
22.3600,1263.3900
22.3700,1194.6225
22.3800,1073.4700
22.3900,1033.0700
22.4000,1023.4325
22.4100,887.1200
22.4200,741.2125
22.4300,744.2500
22.4400,715.8950
22.4500,637.2650
22.4600,631.6525
22.4700,586.8025
22.4800,556.6675
22.4900,550.1900
22.5000,518.8275
22.5100,512.1650
22.5200,503.7600
22.5300,478.4275
22.5400,425.0625
22.5500,431.6125
22.5600,428.4725
22.5700,452.1975
22.5800,450.6275
22.5900,464.9300
22.6000,438.8775
22.6100,435.5675
22.6200,446.1100
22.6300,451.0800
22.6400,493.3050
22.6500,495.1975
22.6600,420.5450
22.6700,432.0225
22.6800,481.5325
22.6900,500.7475
22.7000,467.8575
22.7100,461.4625
22.7200,477.6500
22.7300,428.9450
22.7400,431.7400
22.7500,480.8500
22.7600,484.6025
22.7700,390.0650
22.7800,431.3025
22.7900,452.5650
22.8000,425.4100
22.8100,406.0900
22.8200,435.4550
22.8300,414.5225
22.8400,438.5000
22.8500,431.4925
22.8600,432.5775
22.8700,394.9225
22.8800,422.8425
22.8900,416.5900
22.9000,403.4525
22.9100,438.9950
22.9200,415.7300
22.9300,430.9550
22.9400,439.9875
22.9500,457.6400
22.9600,444.2725
22.9700,449.5325
22.9800,438.7750
22.9900,392.3075
23.0000,407.1250
23.0100,410.9125
23.0200,416.2125
23.0300,417.3975
23.0400,445.1300
23.0500,464.2550
23.0600,511.5575
23.0700,493.3800
23.0800,447.8075
23.0900,434.2050
23.1000,442.1675
23.1100,456.2350
23.1200,452.4775
23.1300,450.9250
23.1400,476.1900
23.1500,447.4750
23.1600,429.1625
23.1700,423.3325
23.1800,424.9850
23.1900,444.8775
23.2000,495.1725
23.2100,437.8825
23.2200,439.8175
23.2300,392.4025
23.2400,413.5800
23.2500,441.9750
23.2600,453.1325
23.2700,429.7875
23.2800,457.9825
23.2900,489.8700
23.3000,459.5100
23.3100,431.9000
23.3200,449.3075
23.3300,467.0025
23.3400,444.8225
23.3500,459.6225
23.3600,482.6000
23.3700,476.6675
23.3800,473.4100
23.3900,454.2100
23.4000,517.3800
23.4100,521.2075
23.4200,512.4725
23.4300,598.0250
23.4400,673.9400
23.4500,745.6050
23.4600,837.3250
23.4700,985.7375
23.4800,1245.2625
23.4900,1551.6775
23.5000,1778.7675
23.5100,2111.3725
23.5200,2520.6225
23.5300,2829.8350
23.5400,3108.0875
23.5500,3447.8600
23.5600,3890.5050
23.5700,4074.4650
23.5800,3952.3225
23.5900,3896.4600
23.6000,3730.6825
23.6100,3378.8300
23.6200,3085.3000
23.6300,2917.0375
23.6400,2695.1450
23.6500,2452.8750
23.6600,2207.2675
23.6700,1839.2175
23.6800,1566.2625
23.6900,1364.1625
23.7000,1145.4925
23.7100,1020.0125
23.7200,972.0925
23.7300,840.9625
23.7400,772.6325
23.7500,724.5350
23.7600,698.4175
23.7700,684.7025
23.7800,737.6725
23.7900,707.4400
23.8000,679.4550
23.8100,717.8500
23.8200,771.1000
23.8300,745.0525
23.8400,757.4300
23.8500,642.1650
23.8600,665.0025
23.8700,598.1175
23.8800,576.1250
23.8900,612.4125
23.9000,599.0900
23.9100,585.5425
23.9200,566.8875
23.9300,523.7725
23.9400,528.6975
23.9500,511.2875
23.9600,528.9400
23.9700,512.7050
23.9800,501.4725
23.9900,471.7000
24.0000,449.8925
24.0100,499.4025
24.0200,488.8225
24.0300,469.0300
24.0400,450.8475
24.0500,410.0000
24.0600,411.3025
24.0700,432.6000
24.0800,419.6375
24.0900,414.2250
24.1000,429.6500
24.1100,422.2950
24.1200,403.5025
24.1300,406.1625
24.1400,398.8150
24.1500,440.4875
24.1600,449.5200
24.1700,441.1025
24.1800,463.1775
24.1900,458.0225
24.2000,416.6675
24.2100,415.0500
24.2200,379.5675
24.2300,371.8425
24.2400,413.3325
24.2500,410.8750
24.2600,355.3425
24.2700,404.3850
24.2800,430.6425
24.2900,445.2800
24.3000,410.2475
24.3100,415.5775
24.3200,385.7200
24.3300,361.2725
24.3400,396.2150
24.3500,384.6600
24.3600,422.9025
24.3700,408.9475
24.3800,377.0775
24.3900,390.1000
24.4000,393.7225
24.4100,407.3300
24.4200,429.4475
24.4300,409.1050
24.4400,376.4050
24.4500,366.7500
24.4600,369.9175
24.4700,367.8525
24.4800,416.0550
24.4900,389.4100
24.5000,363.4750
24.5100,369.7950
24.5200,359.6050
24.5300,340.0000
24.5400,340.7300
24.5500,379.9425
24.5600,376.8325
24.5700,386.9850
24.5800,406.2125
24.5900,376.6200
24.6000,373.8750
24.6100,413.5450
24.6200,429.6425
24.6300,399.6650
24.6400,370.0000
24.6500,370.4800
24.6600,419.4700
24.6700,360.3200
24.6800,399.6625
24.6900,353.4625
24.7000,373.5975
24.7100,419.7875
24.7200,376.5850
24.7300,356.7450
24.7400,379.9675
24.7500,366.7025
24.7600,386.6950
24.7700,416.6700
24.7800,429.9925
24.7900,380.0700
24.8000,366.6950
24.8100,363.3425
24.8200,353.3700
24.8300,366.6050
24.8400,363.3500
24.8500,340.1425
24.8600,346.6200
24.8700,366.5125
24.8800,366.6675
24.8900,393.0850
24.9000,416.4325
24.9100,400.1825
24.9200,390.1175
24.9300,380.1250
24.9400,356.9750
24.9500,346.8075
24.9600,369.6550
24.9700,406.0950
24.9800,406.6675
24.9900,387.0100
25.0000,406.3075
25.0100,380.5000
25.0200,370.1950
25.0300,376.5300
25.0400,386.4550
25.0500,396.4475
25.0600,380.3775
25.0700,366.9800
25.0800,379.6750
25.0900,402.7475
25.1000,364.3675
25.1100,399.0225
25.1200,458.3525
25.1300,395.2175
25.1400,390.0975
25.1500,357.6600
25.1600,379.2850
25.1700,373.5425
25.1800,431.4000
25.1900,501.0225
25.2000,455.0225
25.2100,462.9875
25.2200,540.5025
25.2300,559.3975
25.2400,627.4125
25.2500,755.0925
25.2600,788.8450
25.2700,770.7875
25.2800,891.5850
25.2900,979.7875
25.3000,1044.0250
25.3100,982.8325
25.3200,983.1900
25.3300,1031.1300
25.3400,1014.2300
25.3500,975.1600
25.3600,970.1550
25.3700,896.9575
25.3800,880.6400
25.3900,803.9075
25.4000,800.0000
25.4100,727.2000
25.4200,656.9200
25.4300,628.0550
25.4400,591.9375
25.4500,558.4525
25.4600,474.7150
25.4700,466.8500
25.4800,476.1075
25.4900,448.3700
25.5000,452.9500
25.5100,447.0550
25.5200,440.3950
25.5300,455.6675
25.5400,466.0600
25.5500,460.4100
25.5600,447.4975
25.5700,452.9125
25.5800,397.1700
25.5900,415.1575
25.6000,441.5875
25.6100,433.9975
25.6200,430.2225
25.6300,445.5350
25.6400,440.4575
25.6500,436.8975
25.6600,427.3700
25.6700,411.1850
25.6800,400.7175
25.6900,393.8175
25.7000,365.5375
25.7100,388.0200
25.7200,383.8325
25.7300,395.6550
25.7400,436.6775
25.7500,424.6250
25.7600,395.6800
25.7700,350.3550
25.7800,349.7350
25.7900,368.3875
25.8000,363.8750
25.8100,375.5700
25.8200,401.1200
25.8300,372.7925
25.8400,348.6400
25.8500,380.2025
25.8600,368.1025
25.8700,345.3625
25.8800,343.3325
25.8900,328.1425
25.9000,341.8425
25.9100,431.2825
25.9200,406.6700
25.9300,333.7025
25.9400,359.9400
25.9500,381.4650
25.9600,362.1975
25.9700,335.8650
25.9800,342.3750
25.9900,379.4700
26.0000,395.3675
26.0100,441.7600
26.0200,392.6050
26.0300,344.6550
26.0400,372.9800
26.0500,355.6975
26.0600,356.3250
26.0700,365.6375
26.0800,369.6550
26.0900,340.1525
26.1000,375.4350
26.1100,403.8375
26.1200,412.6200
26.1300,380.6175
26.1400,367.7525
26.1500,375.5725
26.1600,364.8025
26.1700,348.5150
26.1800,373.3150
26.1900,397.3750
26.2000,388.1775
26.2100,360.0900
26.2200,392.0700
26.2300,449.7225
26.2400,456.6675
26.2500,483.1475
26.2600,442.5725
26.2700,466.0350
26.2800,514.0150
26.2900,552.2475
26.3000,568.3825
26.3100,584.6325
26.3200,577.8950
26.3300,541.6150
26.3400,545.4225
26.3500,587.4850
26.3600,628.2900
26.3700,621.6925
26.3800,599.6475
26.3900,561.8075
26.4000,524.7425
26.4100,502.6025
26.4200,479.7200
26.4300,505.6100
26.4400,492.6500
26.4500,478.4450
26.4600,482.4400
26.4700,448.7300
26.4800,437.5725
26.4900,405.0050
26.5000,385.6225
26.5100,366.0950
26.5200,371.9450
26.5300,407.7450
26.5400,404.7375
26.5500,377.5725
26.5600,396.2100
26.5700,405.7150
26.5800,426.6475
26.5900,381.5225
26.6000,376.1825
26.6100,402.2825
26.6200,395.2925
26.6300,370.6050
26.6400,360.9900
26.6500,360.0000
26.6600,360.0000
26.6700,368.4900
26.6800,361.5175
26.6900,351.5250
26.7000,364.1100
26.7100,386.4025
26.7200,364.6475
26.7300,390.9575
26.7400,396.6675
26.7500,368.5775
26.7600,391.3950
26.7700,396.6675
26.7800,349.0525
26.7900,356.7900
26.8000,360.0000
26.8100,396.3075
26.8200,316.8375
26.8300,322.3000
26.8400,387.9325
26.8500,411.1275
26.8600,418.8925
26.8700,375.5700
26.8800,330.6025
26.8900,353.8200
26.9000,376.6125
26.9100,377.2350
26.9200,368.3775
26.9300,358.3850
26.9400,359.4250
26.9500,365.5100
26.9600,333.6325
26.9700,310.1650
26.9800,358.8675
26.9900,367.2550
27.0000,383.1200
27.0100,383.9275
27.0200,347.7575
27.0300,340.0000
27.0400,356.3875
27.0500,343.6275
27.0600,353.6300
27.0700,351.2200
27.0800,352.7200
27.0900,388.6675
27.1000,364.0825
27.1100,351.2425
27.1200,344.5800
27.1300,346.0400
27.1400,352.0750
27.1500,350.6325
27.1600,355.3975
27.1700,394.4175
27.1800,392.5575
27.1900,403.4550
27.2000,379.7825
27.2100,381.3900
27.2200,394.0650
27.2300,415.4300
27.2400,387.8675
27.2500,371.9750
27.2600,394.0525
27.2700,410.6800
27.2800,461.3400
27.2900,483.9900
27.3000,510.6225
27.3100,572.5075
27.3200,642.4500
27.3300,730.9700
27.3400,765.9050
27.3500,836.2075
27.3600,922.1200
27.3700,1019.2900
27.3800,1100.7275
27.3900,1185.2450
27.4000,1192.7925
27.4100,1168.9425
27.4200,1173.8525
27.4300,1145.1450
27.4400,1113.0475
27.4500,1130.2600
27.4600,1097.3850
27.4700,1050.0400
27.4800,925.0050
27.4900,895.9450
27.5000,834.0725
27.5100,738.5025
27.5200,675.0225
27.5300,629.5325
27.5400,601.8175
27.5500,549.9625
27.5600,482.2325
27.5700,482.2025
27.5800,458.2125
27.5900,411.2400
27.6000,430.9750
27.6100,458.0500
27.6200,455.6050
27.6300,425.0275
27.6400,385.8200
27.6500,363.8275
27.6600,401.0450
27.6700,387.7075
27.6800,364.6400
27.6900,380.4575
27.7000,412.2125
27.7100,402.1375
27.7200,368.6250
27.7300,398.1975
27.7400,430.3500
27.7500,423.9600
27.7600,442.8450
27.7700,465.2150
27.7800,470.0000
27.7900,421.9225
27.8000,399.0825
27.8100,424.4425
27.8200,448.4675
27.8300,430.6575
27.8400,398.1650
27.8500,400.0575
27.8600,408.3575
27.8700,399.9650
27.8800,411.7050
27.8900,411.6600
27.9000,399.9975
27.9100,389.1725
27.9200,444.0625
27.9300,428.4350
27.9400,394.2550
27.9500,389.1550
27.9600,390.0000
27.9700,402.4100
27.9800,424.0225
27.9900,434.9525
28.0000,439.1400
28.0100,412.8150
28.0200,388.5225
28.0300,371.0025
28.0400,423.3225
28.0500,450.7150
28.0600,453.3325
28.0700,428.7800
28.0800,424.9050
28.0900,399.7175
28.1000,404.6825
28.1100,432.0000
28.1200,435.1175
28.1300,408.9425
28.1400,421.9275
28.1500,437.3025
28.1600,398.6725
28.1700,395.4750
28.1800,455.7925
28.1900,505.7425
28.2000,490.0425
28.2100,496.9225
28.2200,488.8425
28.2300,514.6925
28.2400,468.8350
28.2500,489.9925
28.2600,528.3050
28.2700,498.2425
28.2800,524.1150
28.2900,528.0200
28.3000,520.9400
28.3100,558.2525
28.3200,582.8850
28.3300,596.2075
28.3400,619.0625
28.3500,648.0875
28.3600,628.1375
28.3700,628.5400
28.3800,642.8225
28.3900,736.7025
28.4000,804.1000
28.4100,885.2225
28.4200,1064.4550
28.4300,1279.9775
28.4400,1414.0100
28.4500,1535.1100
28.4600,1622.6950
28.4700,1756.0300
28.4800,1880.7250
28.4900,1927.3875
28.5000,2036.2850
28.5100,2061.3025
28.5200,2041.6600
28.5300,2020.3450
28.5400,2113.4850
28.5500,2196.2150
28.5600,2262.1325
28.5700,2285.6550
28.5800,2300.5775
28.5900,2445.6075
28.6000,2562.1775
28.6100,2584.3575
28.6200,2583.3325
28.6300,2647.8725
28.6400,2711.2000
28.6500,2745.0625
28.6600,2725.7700
28.6700,2552.7400
28.6800,2379.1725
28.6900,2223.4700
28.7000,2134.4700
28.7100,2132.6500
28.7200,1996.3125
28.7300,1861.6575
28.7400,1741.2600
28.7500,1720.4550
28.7600,1686.8700
28.7700,1732.4200
28.7800,1917.3300
28.7900,2146.0775
28.8000,2332.9650
28.8100,2420.5150
28.8200,2477.2375
28.8300,2633.9925
28.8400,2810.1800
28.8500,2950.9225
28.8600,3038.1975
28.8700,3158.5825
28.8800,3213.3800
28.8900,3265.8400
28.9000,3377.0675
28.9100,3379.8650
28.9200,3279.8250
28.9300,3199.9600
28.9400,3100.0175
28.9500,2969.0200
28.9600,2903.3850
28.9700,2782.6500
28.9800,2494.5100
28.9900,2314.8325
29.0000,2303.1850
29.0100,2240.6350
29.0200,2073.5175
29.0300,1958.3200
29.0400,1863.0950
29.0500,1774.0525
29.0600,1694.1175
29.0700,1653.5450
29.0800,1716.5600
29.0900,1751.1525
29.1000,1845.8675
29.1100,1996.7700
29.1200,2134.7650
29.1300,2488.2500
29.1400,3011.0675
29.1500,3521.6475
29.1600,4246.9900
29.1700,5430.1250
29.1800,6906.7025
29.1900,8566.1250
29.2000,10355.9625
29.2100,11873.8075
29.2200,13042.4050
29.2300,14248.7575
29.2400,15319.0725
29.2500,16072.7475
29.2600,16322.5575
29.2700,16329.0675
29.2800,16288.3175
29.2900,15624.0500
29.3000,14754.2050
29.3100,14050.6550
29.3200,12903.9275
29.3300,11695.2600
29.3400,10564.1650
29.3500,9390.3150
29.3600,8134.1150
29.3700,6967.8650
29.3800,5901.8825
29.3900,5009.0775
29.4000,4237.0000
29.4100,3518.6625
29.4200,2868.6025
29.4300,2379.5525
29.4400,1999.1100
29.4500,1717.3850
29.4600,1507.1425
29.4700,1345.9900
29.4800,1181.1775
29.4900,1100.8875
29.5000,1060.1875
29.5100,998.6225
29.5200,946.4725
29.5300,899.0475
29.5400,834.6600
29.5500,821.0750
29.5600,821.7775
29.5700,783.8200
29.5800,748.9825
29.5900,703.1450
29.6000,675.9100
29.6100,689.6700
29.6200,683.6850
29.6300,705.9225
29.6400,716.4950
29.6500,689.6850
29.6600,666.5225
29.6700,647.8425
29.6800,629.8825
29.6900,619.2925
29.7000,596.4875
29.7100,589.3800
29.7200,597.3575
29.7300,577.8900
29.7400,599.4650
29.7500,627.3425
29.7600,593.9650
29.7700,566.0025
29.7800,553.3500
29.7900,562.6175
29.8000,569.3500
29.8100,594.5075
29.8200,585.5300
29.8300,572.6175
29.8400,592.5125
29.8500,629.0450
29.8600,650.6175
29.8700,635.5800
29.8800,625.3025
29.8900,648.3050
29.9000,671.1925
29.9100,684.5150
29.9200,715.4700
29.9300,723.5500
29.9400,701.0350
29.9500,740.7300
29.9600,825.3800
29.9700,924.2125
29.9800,1006.9200
29.9900,1077.9650
30.0000,1249.5225
30.0100,1431.2750
30.0200,1567.2975
30.0300,1756.4875
30.0400,1938.1250
30.0500,2075.0525
30.0600,2218.4000
30.0700,2292.9300
30.0800,2370.9075
30.0900,2503.7100
30.1000,2570.9775
30.1100,2691.1700
30.1200,2820.4975
30.1300,2796.2425
30.1400,2806.5450
30.1500,2846.6675
30.1600,2846.6675
30.1700,2844.7750
30.1800,2750.7375
30.1900,2630.9375
30.2000,2495.3450
30.2100,2356.0225
30.2200,2252.1750
30.2300,2103.0475
30.2400,1969.4100
30.2500,1810.2550
30.2600,1669.9575
30.2700,1642.6625
30.2800,1560.5750
30.2900,1437.9100
30.3000,1365.0850
30.3100,1327.0150
30.3200,1296.2900
30.3300,1307.7450
30.3400,1420.5025
30.3500,1524.6875
30.3600,1645.7675
30.3700,1966.0825
30.3800,2380.0225
30.3900,2738.2000
30.4000,3240.0525
30.4100,3712.8350
30.4200,4235.7725
30.4300,4661.8300
30.4400,4969.3400
30.4500,5007.0075
30.4600,4931.4500
30.4700,5035.8275
30.4800,5178.1025
30.4900,5176.1925
30.5000,4862.2525
30.5100,4374.6100
30.5200,4013.8025
30.5300,3757.8275
30.5400,3504.1875
30.5500,3233.9300
30.5600,2964.3275
30.5700,2730.3575
30.5800,2373.4725
30.5900,1937.9075
30.6000,1721.5575
30.6100,1611.4625
30.6200,1371.8325
30.6300,1170.0350
30.6400,1077.5900
30.6500,983.5375
30.6600,913.9550
30.6700,905.4625
30.6800,906.3075
30.6900,850.8950
30.7000,787.4050
30.7100,764.7550
30.7200,733.8125
30.7300,708.2575
30.7400,708.4075
30.7500,701.3100
30.7600,691.5975
30.7700,709.0575
30.7800,726.6675
30.7900,749.1200
30.8000,759.6525
30.8100,763.7750
30.8200,807.6125
30.8300,829.8000
30.8400,773.6300
30.8500,745.4900
30.8600,780.4200
30.8700,779.6075
30.8800,763.3325
30.8900,736.1225
30.9000,728.6775
30.9100,743.2750
30.9200,733.2300
30.9300,701.3175
30.9400,673.2925
30.9500,658.2075
30.9600,613.0275
30.9700,568.2450
30.9800,533.1925
30.9900,488.2375
31.0000,490.0650
31.0100,515.0025
31.0200,498.3400
31.0300,478.3375
31.0400,468.3625
31.0500,445.0775
31.0600,446.5550
31.0700,455.0700
31.0800,440.0650
31.0900,431.6850
31.1000,423.4200
31.1100,421.5925
31.1200,420.1075
31.1300,426.4275
31.1400,441.6350
31.1500,441.7025
31.1600,426.9675
31.1700,400.3225
31.1800,383.4200
31.1900,380.0000
31.2000,426.9325
31.2100,458.8950
31.2200,436.7750
31.2300,423.6700
31.2400,422.9800
31.2500,428.5175
31.2600,415.3200
31.2700,401.8675
31.2800,404.6525
31.2900,400.5775
31.3000,386.6675
31.3100,396.2025
31.3200,395.5600
31.3300,400.7575
31.3400,408.9300
31.3500,393.5100
31.3600,383.6950
31.3700,389.2525
31.3800,417.4700
31.3900,423.9250
31.4000,416.4650
31.4100,429.3775
31.4200,425.9575
31.4300,388.1950
31.4400,369.5525
31.4500,373.5625
31.4600,405.6400
31.4700,429.6500
31.4800,396.1025
31.4900,380.0000
31.5000,407.7025
31.5100,424.6350
31.5200,382.1275
31.5300,365.5825
31.5400,389.1700
31.5500,383.2150
31.5600,364.8575
31.5700,365.1450
31.5800,366.3700
31.5900,394.2450
31.6000,415.7700
31.6100,399.1175
31.6200,393.0150
31.6300,420.7425
31.6400,446.9950
31.6500,432.8375
31.6600,409.5225
31.6700,402.6425
31.6800,414.4750
31.6900,436.3775
31.7000,449.2350
31.7100,414.7775
31.7200,365.5625
31.7300,368.4650
31.7400,426.5625
31.7500,443.7950
31.7600,408.6300
31.7700,404.6775
31.7800,411.6125
31.7900,390.8175
31.8000,376.0325
31.8100,355.0075
31.8200,361.8200
31.8300,381.2875
31.8400,370.0000
31.8500,378.6800
31.8600,384.2225
31.8700,383.8750
31.8800,397.6500
31.8900,400.4600
31.9000,378.0300
31.9100,363.3500
31.9200,390.9500
31.9300,402.8725
31.9400,404.7175
31.9500,415.7375
31.9600,391.5675
31.9700,375.1575
31.9800,386.6675
31.9900,381.0275
32.0000,364.8900
32.0100,381.4275
32.0200,417.1950
32.0300,399.3375
32.0400,368.8250
32.0500,360.3050
32.0600,365.8250
32.0700,364.1675
32.0800,389.4100
32.0900,404.2125
32.1000,374.2375
32.1100,347.0175
32.1200,333.3325
32.1300,362.1700
32.1400,375.9200
32.1500,340.7700
32.1600,343.9350
32.1700,368.6175
32.1800,414.0800
32.1900,398.2800
32.2000,380.2150
32.2100,401.3525
32.2200,399.2850
32.2300,382.5575
32.2400,361.2900
32.2500,370.7775
32.2600,395.3275
32.2700,401.3525
32.2800,414.6675
32.2900,411.3425
32.3000,388.7175
32.3100,369.3200
32.3200,370.6875
32.3300,358.7425
32.3400,340.0750
32.3500,340.5250
32.3600,376.3625
32.3700,404.0450
32.3800,388.2300
32.3900,358.2525
32.4000,350.4200
32.4100,369.2675
32.4200,388.9025
32.4300,427.5750
32.4400,440.9550
32.4500,407.3250
32.4600,385.6750
32.4700,425.6850
32.4800,470.5125
32.4900,467.7125
32.5000,450.7800
32.5100,446.6675
32.5200,439.0400
32.5300,427.9350
32.5400,461.6500
32.5500,491.8550
32.5600,447.8400
32.5700,438.3650
32.5800,430.3425
32.5900,404.5875
32.6000,404.1650
32.6100,403.7425
32.6200,414.9800
32.6300,430.7900
32.6400,439.6125
32.6500,423.4350
32.6600,399.2575
32.6700,376.8100
32.6800,362.4600
32.6900,389.9800
32.7000,420.2050
32.7100,409.4425
32.7200,404.1500
32.7300,373.0175
32.7400,370.3075
32.7500,371.8200
32.7600,364.5425
32.7700,371.4925
32.7800,380.0000
32.7900,375.1950
32.8000,383.4450
32.8100,406.1575
32.8200,379.0150
32.8300,353.3325
32.8400,367.5900
32.8500,393.3325
32.8600,394.5150
32.8700,404.9275
32.8800,418.8225
32.8900,423.7175
32.9000,446.0450
32.9100,449.2950
32.9200,412.8275
32.9300,379.3575
32.9400,367.2775
32.9500,380.5800
32.9600,369.3925
32.9700,392.1800
32.9800,398.0625
32.9900,417.9300
33.0000,409.4700
33.0100,372.0900
33.0200,361.0500
33.0300,350.9725
33.0400,354.7700
33.0500,385.6000
33.0600,396.7850
33.0700,407.7425
33.0800,405.5850
33.0900,412.2475
33.1000,422.2700
33.1100,435.5700
33.1200,429.9600
33.1300,411.1125
33.1400,426.6575
33.1500,441.1475
33.1600,415.5625
33.1700,403.4100
33.1800,376.7325
33.1900,373.2100
33.2000,390.0500
33.2100,383.3325
33.2200,402.9475
33.2300,449.8550
33.2400,447.0650
33.2500,413.3325
33.2600,414.4125
33.2700,417.7425
33.2800,420.0000
33.2900,429.6450
33.3000,438.2400
33.3100,410.1350
33.3200,395.8850
33.3300,373.6325
33.3400,366.3525
33.3500,367.3250
33.3600,372.6625
33.3700,440.1800
33.3800,449.0600
33.3900,482.2875
33.4000,469.5675
33.4100,438.3400
33.4200,417.9225
33.4300,412.2975
33.4400,432.7275
33.4500,486.4250
33.4600,494.3600
33.4700,498.7175
33.4800,500.2650
33.4900,506.5950
33.5000,560.0725
33.5100,611.3025
33.5200,581.3550
33.5300,542.5225
33.5400,585.6600
33.5500,598.4050
33.5600,647.3650
33.5700,659.0075
33.5800,616.9800
33.5900,628.3600
33.6000,633.5300
33.6100,664.4275
33.6200,642.3475
33.6300,643.9375
33.6400,652.3525
33.6500,646.0825
33.6600,654.2450
33.6700,733.6800
33.6800,834.9900
33.6900,907.9025
33.7000,1064.9850
33.7100,1261.4025
33.7200,1569.6450
33.7300,2025.3950
33.7400,2650.8150
33.7500,3247.7200
33.7600,3484.2375
33.7700,3646.8250
33.7800,3888.2425
33.7900,4010.9425
33.8000,4049.0850
33.8100,4224.4425
33.8200,4490.5275
33.8300,4607.8700
33.8400,4658.5600
33.8500,4873.7125
33.8600,4800.0375
33.8700,4409.8200
33.8800,3857.2625
33.8900,3503.0450
33.9000,3125.7775
33.9100,2706.9800
33.9200,2476.9250
33.9300,2295.5875
33.9400,2031.0800
33.9500,1905.9075
33.9600,1797.7975
33.9700,1571.4075
33.9800,1285.4100
33.9900,1093.8325
34.0000,958.8700
34.0100,898.4650
34.0200,863.1275
34.0300,815.3975
34.0400,707.3600
34.0500,703.5075
34.0600,710.7100
34.0700,713.7975
34.0800,716.3775
34.0900,649.5375
34.1000,687.9050
34.1100,701.0375
34.1200,637.2125
34.1300,604.8600
34.1400,590.0000
34.1500,590.8525
34.1600,603.5250
34.1700,639.2600
34.1800,629.6525
34.1900,534.0100
34.2000,503.4475
34.2100,546.6400
34.2200,533.3400
34.2300,554.1650
34.2400,541.7450
34.2500,499.1450
34.2600,512.4350
34.2700,532.4650
34.2800,535.0875
34.2900,531.4275
34.3000,570.7350
34.3100,576.0325
34.3200,558.9950
34.3300,580.6975
34.3400,593.3325
34.3500,605.3500
34.3600,658.5075
34.3700,707.4625
34.3800,720.3175
34.3900,762.8250
34.4000,793.3325
34.4100,797.2625
34.4200,802.1650
34.4300,769.6375
34.4400,757.5650
34.4500,818.9400
34.4600,914.9350
34.4700,951.0200
34.4800,947.1750
34.4900,962.2975
34.5000,978.3975
34.5100,1005.9050
34.5200,1010.1575
34.5300,1052.9850
34.5400,1126.7800
34.5500,1135.7350
34.5600,1089.6600
34.5700,1076.1375
34.5800,993.3325
34.5900,1004.4450
34.6000,1020.4500
34.6100,938.5275
34.6200,946.5300
34.6300,999.1775
34.6400,996.6975
34.6500,902.4475
34.6600,838.7475
34.6700,752.1625
34.6800,748.5100
34.6900,691.6375
34.7000,631.6750
34.7100,614.0450
34.7200,612.4175
34.7300,594.5500
34.7400,576.1200
34.7500,526.8575
34.7600,482.3200
34.7700,447.0725
34.7800,428.1850
34.7900,445.9750
34.8000,435.7650
34.8100,396.3825
34.8200,359.4000
34.8300,374.7650
34.8400,391.9775
34.8500,386.6675
34.8600,391.3775
34.8700,401.9525
34.8800,378.6850
34.8900,412.0025
34.9000,404.0150
34.9100,391.3525
34.9200,380.7000
34.9300,370.0000
34.9400,376.5325
34.9500,402.0325
34.9600,388.2400
34.9700,354.6250
34.9800,357.4275
34.9900,342.1825
35.0000,328.4400
35.0100,356.9925
35.0200,387.3000
35.0300,386.2150
35.0400,367.4875
35.0500,357.9175
35.0600,357.7225
35.0700,340.1625
35.0800,372.4725
35.0900,382.7175
35.1000,373.8675
35.1100,347.2775
35.1200,363.3850
35.1300,420.3025
35.1400,401.8400
35.1500,378.7975
35.1600,373.3325
35.1700,367.3725
35.1800,342.9675
35.1900,356.6675
35.2000,357.2550
35.2100,364.1025
35.2200,380.4150
35.2300,360.8550
35.2400,341.4350
35.2500,372.5100
35.2600,341.2575
35.2700,363.9050
35.2800,367.2350
35.2900,368.8675
35.3000,365.0250
35.3100,371.6500
35.3200,363.8925
35.3300,377.2400
35.3400,430.5550
35.3500,428.9225
35.3600,406.6675
35.3700,402.8400
35.3800,381.1575
35.3900,371.0825
35.4000,382.0575
35.4100,412.6825
35.4200,421.8575
35.4300,388.6900
35.4400,342.4325
35.4500,325.7950
35.4600,358.2400
35.4700,372.4075
35.4800,398.1375
35.4900,366.8975
35.5000,357.2050
35.5100,395.1300
35.5200,386.6675
35.5300,388.1875
35.5400,403.7325
35.5500,434.7950
35.5600,393.1650
35.5700,442.4350
35.5800,508.8800
35.5900,484.8100
35.6000,499.2150
35.6100,536.2600
35.6200,555.2750
35.6300,568.5975
35.6400,577.1175
35.6500,559.5225
35.6600,561.4200
35.6700,588.1075
35.6800,580.9000
35.6900,606.1975
35.7000,603.3325
35.7100,608.8900
35.7200,651.6250
35.7300,714.7900
35.7400,791.6800
35.7500,848.2675
35.7600,1017.0375
35.7700,1100.3750
35.7800,1218.0275
35.7900,1269.5575
35.8000,1279.0200
35.8100,1363.5100
35.8200,1378.3775
35.8300,1329.4075
35.8400,1362.2350
35.8500,1296.2725
35.8600,1190.9625
35.8700,1097.3375
35.8800,1032.0675
35.8900,1022.0750
35.9000,999.9950
35.9100,911.2250
35.9200,943.3325
35.9300,929.8200
35.9400,828.8550
35.9500,787.3600
35.9600,721.6100
35.9700,720.1400
35.9800,622.5375
35.9900,622.5900
36.0000,665.8825
36.0100,658.4400
36.0200,648.6050
36.0300,671.0375
36.0400,733.0625
36.0500,758.1875
36.0600,769.6225
36.0700,770.4225
36.0800,805.9700
36.0900,845.5475
36.1000,776.3350
36.1100,714.5125
36.1200,673.2725
36.1300,692.4175
36.1400,633.5875
36.1500,654.7825
36.1600,586.8725
36.1700,616.3150
36.1800,609.8425
36.1900,575.1475
36.2000,529.2025
36.2100,488.8900
36.2200,450.0000
36.2300,450.6750
36.2400,459.6775
36.2500,486.3350
36.2600,478.3875
36.2700,430.3875
36.2800,401.0600
36.2900,378.3875
36.3000,365.5750
36.3100,390.1625
36.3200,420.1800
36.3300,386.5575
36.3400,360.7850
36.3500,431.7925
36.3600,411.4700
36.3700,360.0000
36.3800,358.1950
36.3900,343.5825
36.4000,382.3700
36.4100,406.0800
36.4200,398.2525
36.4300,380.2900
36.4400,380.1825
36.4500,344.3925
36.4600,323.3800
36.4700,361.6775
36.4800,382.7700
36.4900,416.0800
36.5000,445.3050
36.5100,425.6825
36.5200,379.3400
36.5300,412.9150
36.5400,445.0900
36.5500,427.4475
36.5600,438.2150
36.5700,456.9225
36.5800,456.2025
36.5900,410.7525
36.6000,416.0275
36.6100,369.8650
36.6200,408.0500
36.6300,386.2275
36.6400,424.5275
36.6500,436.6900
36.6600,394.2700
36.6700,406.8975
36.6800,407.4775
36.6900,373.7875
36.7000,379.1025
36.7100,369.7775
36.7200,414.4325
36.7300,427.6075
36.7400,395.4850
36.7500,425.3900
36.7600,407.5075
36.7700,416.8800
36.7800,367.1225
36.7900,324.9600
36.8000,348.7950
36.8100,332.5800
36.8200,375.8825
36.8300,418.2175
36.8400,442.7600
36.8500,431.8200
36.8600,405.5475
36.8700,387.5875
36.8800,403.3325
36.8900,402.9750
36.9000,395.7800
36.9100,381.7500
36.9200,414.0225
36.9300,423.9450
36.9400,373.1650
36.9500,371.6550
36.9600,402.6800
36.9700,389.5175
36.9800,380.6325
36.9900,393.1775
37.0000,392.9200
37.0100,451.0625
37.0200,403.4825
37.0300,408.4275
37.0400,446.5225
37.0500,440.2100
37.0600,372.0950
37.0700,420.5500
37.0800,431.5800
37.0900,391.1925
37.1000,420.0000
37.1100,419.7450
37.1200,416.3475
37.1300,491.4850
37.1400,442.3675
37.1500,417.6150
37.1600,444.2625
37.1700,466.9250
37.1800,382.4525
37.1900,454.0975
37.2000,477.7350
37.2100,508.0150
37.2200,446.6675
37.2300,447.1650
37.2400,464.7950
37.2500,512.0950
37.2600,470.9275
37.2700,503.6950
37.2800,515.8725
37.2900,487.6100
37.3000,524.5025
37.3100,570.4050
37.3200,587.8500
37.3300,636.2850
37.3400,620.3700
37.3500,636.5950
37.3600,632.9850
37.3700,616.5325
37.3800,610.1950
37.3900,621.4400
37.4000,697.2100
37.4100,728.5800
37.4200,838.1700
37.4300,927.5725
37.4400,985.4250
37.4500,1124.4800
37.4600,1431.1200
37.4700,1753.7625
37.4800,2292.2700
37.4900,3007.3175
37.5000,3903.2400
37.5100,4488.6175
37.5200,4673.9175
37.5300,4730.1625
37.5400,4381.1850
37.5500,4126.6925
37.5600,4128.5100
37.5700,3914.5700
37.5800,3582.1750
37.5900,3377.6650
37.6000,3580.2525
37.6100,3638.9775
37.6200,3349.4700
37.6300,3162.6025
37.6400,2822.8775
37.6500,2509.8500
37.6600,2313.3175
37.6700,2096.8000
37.6800,1810.3725
37.6900,1530.5575
37.7000,1370.4275
37.7100,1250.4050
37.7200,1253.3200
37.7300,1246.6975
37.7400,1100.7950
37.7500,1083.4350
37.7600,1176.0325
37.7700,1226.2925
37.7800,1246.5025
37.7900,1477.9325
37.8000,1579.0450
37.8100,1576.7000
37.8200,1784.3725
37.8300,1974.4625
37.8400,2065.5600
37.8500,2224.5900
37.8600,2229.9550
37.8700,2328.5650
37.8800,2201.9525
37.8900,2144.2225
37.9000,2176.1200
37.9100,2071.8225
37.9200,1870.2775
37.9300,1778.3275
37.9400,1665.5000
37.9500,1646.9975
37.9600,1551.9800
37.9700,1474.9575
37.9800,1352.6950
37.9900,1216.4125
38.0000,1164.4950
38.0100,1130.7975
38.0200,993.4400
38.0300,869.7825
38.0400,840.6925
38.0500,820.5325
38.0600,742.1825
38.0700,707.6000
38.0800,661.3375
38.0900,608.2300
38.1000,571.1000
38.1100,618.4650
38.1200,600.6275
38.1300,567.7350
38.1400,640.8250
38.1500,646.5550
38.1600,714.2825
38.1700,777.8000
38.1800,825.0125
38.1900,897.3525
38.2000,989.9000
38.2100,1205.0950
38.2200,1296.6950
38.2300,1546.7075
38.2400,1732.7625
38.2500,1995.9600
38.2600,2099.3875
38.2700,2237.5225
38.2800,2323.1525
38.2900,2355.3825
38.3000,2280.1475
38.3100,2209.7600
38.3200,2130.2550
38.3300,2021.6750
38.3400,1981.6950
38.3500,1897.3950
38.3600,1817.1375
38.3700,1654.7025
38.3800,1583.2600
38.3900,1646.5300
38.4000,1580.3500
38.4100,1431.1375
38.4200,1243.1325
38.4300,1166.9900
38.4400,996.0150
38.4500,854.1675
38.4600,793.0750
38.4700,774.2475
38.4800,700.9275
38.4900,696.6675
38.5000,618.0775
38.5100,591.3425
38.5200,546.0525
38.5300,546.4700
38.5400,549.8025
38.5500,521.8075
38.5600,482.4375
38.5700,492.5125
38.5800,530.8425
38.5900,502.0975
38.6000,459.4225
38.6100,441.0700
38.6200,461.8200
38.6300,441.5300
38.6400,411.9875
38.6500,447.3250
38.6600,418.9200
38.6700,453.9375
38.6800,515.6375
38.6900,498.2900
38.7000,428.4825
38.7100,426.4300
38.7200,429.7625
38.7300,389.7950
38.7400,383.5750
38.7500,451.2750
38.7600,502.9575
38.7700,512.8350
38.7800,501.0075
38.7900,500.0000
38.8000,546.1600
38.8100,583.8250
38.8200,638.9050
38.8300,707.8175
38.8400,719.4700
38.8500,799.7225
38.8600,935.3600
38.8700,986.4725
38.8800,996.1200
38.8900,1036.4150
38.9000,936.1175
38.9100,923.6125
38.9200,1017.9125
38.9300,956.5450
38.9400,910.3950
38.9500,830.5550
38.9600,856.7975
38.9700,841.7600
38.9800,767.0900
38.9900,744.8225
39.0000,743.3325
39.0100,697.8625
39.0200,726.6550
39.0300,675.5150
39.0400,588.3300
39.0500,598.1350
39.0600,566.7750
39.0700,548.2425
39.0800,567.7800
39.0900,509.7200
39.1000,434.0625
39.1100,541.0325
39.1200,565.3625
39.1300,545.6300
39.1400,555.3450
39.1500,652.6975
39.1600,759.2950
39.1700,850.9100
39.1800,1030.6850
39.1900,1139.7700
39.2000,1296.5175
39.2100,1304.3700
39.2200,1216.7450
39.2300,1170.8625
39.2400,1196.4825
39.2500,1208.9375
39.2600,1108.7750
39.2700,1114.5175
39.2800,1167.2050
39.2900,1149.5675
39.3000,1137.7600
39.3100,1201.9300
39.3200,1100.3200
39.3300,1042.2350
39.3400,1042.5875
39.3500,998.9650
39.3600,830.7675
39.3700,780.4650
39.3800,705.8325
39.3900,708.4650
39.4000,710.0000
39.4100,654.0450
39.4200,667.2675
39.4300,634.7100
39.4400,659.3850
39.4500,748.4925
39.4600,827.4900
39.4700,1000.8700
39.4800,1187.4175
39.4900,1379.8225
39.5000,1660.8050
39.5100,1933.4875
39.5200,2252.9800
39.5300,2307.9300
39.5400,2333.3375
39.5500,2386.2250
39.5600,2262.2450
39.5700,2065.7650
39.5800,1955.6450
39.5900,1853.2250
39.6000,1718.0075
39.6100,1673.8775
39.6200,1675.8000
39.6300,1708.5475
39.6400,1695.9575
39.6500,1618.0900
39.6600,1490.9900
39.6700,1372.1900
39.6800,1278.7000
39.6900,1107.9600
39.7000,944.9275
39.7100,862.8250
39.7200,775.5950
39.7300,630.9850
39.7400,612.8750
39.7500,601.8425
39.7600,545.4550
39.7700,533.7975
39.7800,496.0675
39.7900,478.5425
39.8000,468.0800
39.8100,403.7400
39.8200,367.6100
39.8300,411.8875
39.8400,417.1450
39.8500,416.6675
39.8600,413.8175
39.8700,396.2475
39.8800,359.1850
39.8900,413.0475
39.9000,448.9075
39.9100,424.9400
39.9200,405.8125
39.9300,400.4975
39.9400,363.1700
39.9500,373.6525
39.9600,371.0075
39.9700,372.8275
39.9800,378.9825
39.9900,382.8225
40.0000,338.2025
40.0100,375.0975
40.0200,372.0675
40.0300,364.3700
40.0400,377.3950
40.0500,377.1900
40.0600,390.7075
40.0700,412.9750
40.0800,402.6475
40.0900,416.8125
40.1000,406.0000
40.1100,341.7800
40.1200,360.7525
40.1300,366.6675
40.1400,375.0425
40.1500,415.7200
40.1600,362.0075
40.1700,358.3575
40.1800,365.5675
40.1900,377.7925
40.2000,399.4550
40.2100,431.1050
40.2200,458.8675
40.2300,424.5100
40.2400,375.1000
40.2500,374.9725
40.2600,412.6375
40.2700,453.1800
40.2800,426.8450
40.2900,442.0875
40.3000,482.5300
40.3100,490.0000
40.3200,484.4900
40.3300,480.5800
40.3400,457.9950
40.3500,478.0700
40.3600,455.8675
40.3700,469.2125
40.3800,432.1975
40.3900,458.9575
40.4000,469.4050
40.4100,497.3625
40.4200,495.1300
40.4300,504.2625
40.4400,503.9375
40.4500,500.6050
40.4600,510.9050
40.4700,526.9550
40.4800,540.8875
40.4900,521.5725
40.5000,505.7950
40.5100,544.0750
40.5200,642.8950
40.5300,693.1650
40.5400,656.6400
40.5500,646.6675
40.5600,676.4325
40.5700,740.1150
40.5800,823.5825
40.5900,920.9975
40.6000,1020.9350
40.6100,1123.5725
40.6200,1428.8800
40.6300,1795.4600
40.6400,2291.6600
40.6500,2731.9975
40.6600,3347.8100
40.6700,4053.6850
40.6800,4399.8325
40.6900,4463.4000
40.7000,4439.8900
40.7100,4149.7000
40.7200,3852.7275
40.7300,3732.5425
40.7400,3569.8275
40.7500,3479.9775
40.7600,3360.0350
40.7700,3253.4200
40.7800,3299.8775
40.7900,3106.5425
40.8000,2904.4950
40.8100,2715.2850
40.8200,2464.3600
40.8300,2181.9400
40.8400,2012.0400
40.8500,1776.8000
40.8600,1561.9350
40.8700,1260.8975
40.8800,1111.4325
40.8900,979.1225
40.9000,815.4650
40.9100,722.0075
40.9200,669.7900
40.9300,602.0950
40.9400,552.4750
40.9500,527.5650
40.9600,518.0800
40.9700,493.0500
40.9800,520.7550
40.9900,490.6975
41.0000,466.9100
41.0100,426.7050
41.0200,395.7525
41.0300,400.4500
41.0400,426.8275
41.0500,459.4175
41.0600,437.9950
41.0700,401.3500
41.0800,380.3200
41.0900,433.8775
41.1000,447.4025
41.1100,384.3475
41.1200,377.0450
41.1300,400.7425
41.1400,365.2150
41.1500,368.8650
41.1600,406.9625
41.1700,419.2525
41.1800,396.7525
41.1900,390.0000
41.2000,366.7875
41.2100,388.3475
41.2200,412.1175
41.2300,365.2025
41.2400,357.7150
41.2500,390.8325
41.2600,374.3250
41.2700,394.8875
41.2800,405.8975
41.2900,404.1050
41.3000,385.4150
41.3100,374.8850
41.3200,383.5575
41.3300,394.3275
41.3400,396.6675
41.3500,414.5175
41.3600,404.7125
41.3700,382.1775
41.3800,397.0200
41.3900,410.9600
41.4000,403.1725
41.4100,433.0000
41.4200,461.0900
41.4300,456.5275
41.4400,448.2675
41.4500,428.9500
41.4600,446.0925
41.4700,402.7950
41.4800,409.3925
41.4900,431.8050
41.5000,451.7950
41.5100,418.8775
41.5200,411.7025
41.5300,461.1275
41.5400,451.5300
41.5500,403.1475
41.5600,400.0400
41.5700,405.8400
41.5800,421.7025
41.5900,439.1875
41.6000,450.8400
41.6100,403.3275
41.6200,361.6825
41.6300,395.7725
41.6400,429.9575
41.6500,479.0425
41.6600,458.4625
41.6700,456.6225
41.6800,435.1300
41.6900,441.5775
41.7000,471.5000
41.7100,504.8125
41.7200,471.1825
41.7300,436.8450
41.7400,474.5625
41.7500,541.9500
41.7600,569.8875
41.7700,600.5050
41.7800,624.8100
41.7900,669.4600
41.8000,720.3000
41.8100,849.0725
41.8200,1010.5725
41.8300,1163.9800
41.8400,1372.8600
41.8500,1597.8225
41.8600,1825.9375
41.8700,1960.2050
41.8800,2096.8925
41.8900,2180.7225
41.9000,2262.7000
41.9100,2293.9975
41.9200,2260.0375
41.9300,2190.5425
41.9400,2016.3875
41.9500,1952.6900
41.9600,1950.0000
41.9700,1918.3750
41.9800,1836.1725
41.9900,1751.7050
42.0000,1666.8950
42.0100,1492.9650
42.0200,1395.4675
42.0300,1355.7850
42.0400,1257.1350
42.0500,1170.1400
42.0600,1046.1100
42.0700,912.5125
42.0800,830.8325
42.0900,774.7650
42.1000,733.5050
42.1100,667.9750
42.1200,588.9450
42.1300,521.0050
42.1400,527.3475
42.1500,493.4750
42.1600,450.2925
42.1700,449.5825
42.1800,434.1800
42.1900,412.3125
42.2000,432.9600
42.2100,452.8875
42.2200,456.6675
42.2300,490.0550
42.2400,489.0350
42.2500,509.5275
42.2600,505.7225
42.2700,473.8450
42.2800,496.5950
42.2900,545.6100
42.3000,552.8825
42.3100,535.7775
42.3200,534.7375
42.3300,536.6675
42.3400,508.2875
42.3500,501.3925
42.3600,503.3325
42.3700,526.9275
42.3800,555.5275
42.3900,525.6400
42.4000,531.1875
42.4100,591.7500
42.4200,618.0350
42.4300,645.8350
42.4400,712.9925
42.4500,715.5600
42.4600,709.0100
42.4700,726.3900
42.4800,719.2950
42.4900,680.6025
42.5000,683.0200
42.5100,697.0025
42.5200,704.6650
42.5300,706.6675
42.5400,711.3250
42.5500,699.3700
42.5600,670.0800
42.5700,687.8850
42.5800,625.7000
42.5900,579.4125
42.6000,573.3325
42.6100,566.3825
42.6200,547.1300
42.6300,533.0600
42.6400,502.2650
42.6500,469.2150
42.6600,483.0775
42.6700,509.4750
42.6800,463.6700
42.6900,437.6975
42.7000,429.7650
42.7100,389.8850
42.7200,405.4925
42.7300,394.7500
42.7400,381.0400
42.7500,425.8375
42.7600,444.3775
42.7700,383.8375
42.7800,336.0875
42.7900,351.8000
42.8000,340.5025
42.8100,332.2825
42.8200,347.0100
42.8300,364.7225
42.8400,383.6575
42.8500,371.8050
42.8600,372.4250
42.8700,415.2725
42.8800,460.5625
42.8900,491.4725
42.9000,452.4225
42.9100,450.3750
42.9200,498.4575
42.9300,462.4150
42.9400,425.3725
42.9500,474.1675
42.9600,495.4900
42.9700,455.0225
42.9800,438.9175
42.9900,435.5000
43.0000,401.8575
43.0100,431.6000
43.0200,451.0875
43.0300,405.1375
43.0400,394.5400
43.0500,415.6775
43.0600,392.0000
43.0700,367.7225
43.0800,365.5675
43.0900,391.2275
43.1000,398.8700
43.1100,407.8150
43.1200,386.6000
43.1300,386.6900
43.1400,415.5775
43.1500,426.6675
43.1600,393.3525
43.1700,363.3500
43.1800,356.6675
43.1900,365.5300
43.2000,372.2150
43.2100,391.0325
43.2200,437.5825
43.2300,430.1575
43.2400,418.8750
43.2500,453.0850
43.2600,476.6125
43.2700,455.7750
43.2800,454.3375
43.2900,438.0100
43.3000,426.6675
43.3100,448.6225
43.3200,457.8050
43.3300,452.2825
43.3400,445.6200
43.3500,430.2000
43.3600,392.7125
43.3700,396.3350
43.3800,430.6875
43.3900,417.1475
43.4000,403.3325
43.4100,431.6575
43.4200,448.8450
43.4300,434.7725
43.4400,400.5800
43.4500,406.2150
43.4600,416.6675
43.4700,412.3300
43.4800,425.1700
43.4900,454.9875
43.5000,509.9425
43.5100,544.1450
43.5200,560.8025
43.5300,517.0125
43.5400,515.8875
43.5500,519.2225
43.5600,513.3325
43.5700,509.0300
43.5800,541.0775
43.5900,562.1500
43.6000,578.3650
43.6100,556.6275
43.6200,527.1350
43.6300,528.5700
43.6400,539.7550
43.6500,547.6125
43.6600,554.2750
43.6700,558.8025
43.6800,545.0600
43.6900,557.9925
43.7000,576.3925
43.7100,552.3175
43.7200,551.5600
43.7300,568.5050
43.7400,543.5900
43.7500,562.7550
43.7600,600.3025
43.7700,599.4025
43.7800,582.7425
43.7900,618.9950
43.8000,636.9900
43.8100,578.3925
43.8200,542.4425
43.8300,527.3400
43.8400,532.6500
43.8500,548.4275
43.8600,538.5975
43.8700,557.3450
43.8800,613.2675
43.8900,718.5775
43.9000,854.8100
43.9100,915.0550
43.9200,1005.9125
43.9300,1025.2600
43.9400,1065.2500
43.9500,1110.4525
43.9600,1093.6875
43.9700,1084.1750
43.9800,1105.4400
43.9900,1156.2675
44.0000,1115.4350
44.0100,1047.5300
44.0200,1050.7950
44.0300,1042.5550
44.0400,1003.0075
44.0500,967.9925
44.0600,929.7150
44.0700,905.0475
44.0800,924.8400
44.0900,908.9725
44.1000,856.9300
44.1100,818.0775
44.1200,804.6025
44.1300,755.9025
44.1400,689.5750
44.1500,687.2575
44.1600,665.0225
44.1700,655.6700
44.1800,646.8975
44.1900,679.7750
44.2000,694.3600
44.2100,694.8650
44.2200,695.9025
44.2300,697.4275
44.2400,667.2800
44.2500,603.7550
44.2600,595.0450
44.2700,586.2625
44.2800,565.1775
44.2900,555.9250
44.3000,581.8325
44.3100,593.8975
44.3200,551.3800
44.3300,530.7300
44.3400,545.5100
44.3500,593.8925
44.3600,585.5500
44.3700,571.4325
44.3800,548.3400
44.3900,548.1975
44.4000,505.4500
44.4100,488.1700
44.4200,485.8800
44.4300,496.8250
44.4400,465.6875
44.4500,408.4875
44.4600,398.0450
44.4700,409.3625
44.4800,421.3650
44.4900,410.6125
44.5000,391.9800
44.5100,378.6525
44.5200,365.3250
44.5300,380.0050
44.5400,397.3325
44.5500,388.0150
44.5600,342.0750
44.5700,356.5575
44.5800,359.4175
44.5900,333.3750
44.6000,340.5975
44.6100,399.7125
44.6200,385.6450
44.6300,361.2750
44.6400,388.4900
44.6500,385.4900
44.6600,367.3900
44.6700,373.2300
44.6800,380.0000
44.6900,362.2100
44.7000,361.8500
44.7100,366.0525
44.7200,359.3900
44.7300,401.9900
44.7400,474.6850
44.7500,505.3000
44.7600,520.4300
44.7700,559.4700
44.7800,625.1550
44.7900,684.1325
44.8000,717.0550
44.8100,736.4600
44.8200,749.2050
44.8300,690.7450
44.8400,617.3500
44.8500,563.4675
44.8600,538.0475
44.8700,542.5175
44.8800,536.9250
44.8900,496.9000
44.9000,494.7350
44.9100,527.4975
44.9200,557.4850
44.9300,550.5875
44.9400,525.0275
44.9500,506.9750
44.9600,480.6300
44.9700,462.7950
44.9800,419.3850
44.9900,378.4050
45.0000,379.6550
45.0100,384.7375
45.0200,391.0475
45.0300,369.6900
45.0400,357.7025
45.0500,361.4100
45.0600,369.6125
45.0700,338.2450
45.0800,317.6775
45.0900,331.0050
45.1000,357.7525
45.1100,344.6025
45.1200,309.9350
45.1300,317.2125
45.1400,316.6225
45.1500,318.1250
45.1600,349.5650
45.1700,364.7600
45.1800,349.9950
45.1900,368.5600
45.2000,390.0000
45.2100,355.7775
45.2200,328.1000
45.2300,362.7350
45.2400,374.8250
45.2500,393.6625
45.2600,405.3025
45.2700,390.9875
45.2800,369.6450
45.2900,369.8975
45.3000,408.3275
45.3100,414.9025
45.3200,401.4475
45.3300,383.0400
45.3400,402.0100
45.3500,434.1925
45.3600,443.7600
45.3700,442.9100
45.3800,436.2450
45.3900,414.5725
45.4000,403.7500
45.4100,399.1725
45.4200,383.9750
45.4300,386.0200
45.4400,378.3800
45.4500,411.4925
45.4600,400.0075
45.4700,365.1975
45.4800,359.2125
45.4900,360.7825
45.5000,361.0850
45.5100,352.9475
45.5200,374.1575
45.5300,413.7575
45.5400,420.7225
45.5500,420.7500
45.5600,452.6050
45.5700,445.5625
45.5800,471.4350
45.5900,506.3025
45.6000,516.2650
45.6100,574.6625
45.6200,629.9350
45.6300,672.8250
45.6400,683.7725
45.6500,697.2600
45.6600,744.2550
45.6700,777.6950
45.6800,794.0125
45.6900,792.6600
45.7000,770.1625
45.7100,732.8425
45.7200,740.8025
45.7300,724.9050
45.7400,676.8750
45.7500,661.5050
45.7600,656.3475
45.7700,627.7900
45.7800,603.0200
45.7900,640.0825
45.8000,678.7950
45.8100,703.3450
45.8200,689.0950
45.8300,636.0825
45.8400,618.7800
45.8500,626.9625
45.8600,619.1225
45.8700,586.4525
45.8800,566.6675
45.8900,568.4750
45.9000,535.6575
45.9100,503.0550
45.9200,447.6575
45.9300,408.7450
45.9400,449.3800
45.9500,483.6025
45.9600,450.6725
45.9700,407.4100
45.9800,405.6525
45.9900,406.1500
46.0000,398.2050
46.0100,407.4250
46.0200,398.7475
46.0300,358.2625
46.0400,359.9300
46.0500,376.4225
46.0600,341.1700
46.0700,313.3325
46.0800,357.9400
46.0900,364.5725
46.1000,361.6100
46.1100,377.9925
46.1200,341.3075
46.1300,324.0000
46.1400,319.1200
46.1500,306.6675
46.1600,315.5375
46.1700,335.7425
46.1800,343.1225
46.1900,361.2450
46.2000,364.0775
46.2100,328.7850
46.2200,322.3650
46.2300,342.1600
46.2400,346.4725
46.2500,332.7575
46.2600,303.9550
46.2700,309.5500
46.2800,349.3500
46.2900,382.4875
46.3000,386.1275
46.3100,362.6225
46.3200,341.2300
46.3300,342.0975
46.3400,385.0325
46.3500,404.4125
46.3600,396.8325
46.3700,410.4875
46.3800,428.7350
46.3900,438.4125
46.4000,446.9775
46.4100,446.3600
46.4200,457.4175
46.4300,476.8150
46.4400,460.8675
46.4500,452.0250
46.4600,460.0000
46.4700,465.2075
46.4800,442.2475
46.4900,414.9325
46.5000,409.8700
46.5100,422.2450
46.5200,436.6675
46.5300,457.4100
46.5400,474.9400
46.5500,475.0600
46.5600,468.0425
46.5700,434.1450
46.5800,406.5550
46.5900,391.2850
46.6000,366.2400
46.6100,363.6475
46.6200,369.8975
46.6300,354.6500
46.6400,355.3400
46.6500,368.3800
46.6600,359.7225
46.6700,375.6775
46.6800,388.0250
46.6900,376.6675
46.7000,386.9175
46.7100,403.4950
46.7200,380.9975
46.7300,373.7900
46.7400,395.0375
46.7500,389.8575
46.7600,366.3200
46.7700,338.1000
46.7800,319.8700
46.7900,311.6350
46.8000,321.8775
46.8100,348.5925
46.8200,341.3075
46.8300,314.9200
46.8400,330.3050
46.8500,353.3825
46.8600,354.9775
46.8700,341.5125
46.8800,341.8125
46.8900,349.9600
46.9000,344.9825
46.9100,358.4900
46.9200,368.2850
46.9300,363.3325
46.9400,351.5700
46.9500,350.0775
46.9600,370.0700
46.9700,378.3225
46.9800,373.3150
46.9900,363.3000
47.0000,381.7750
47.0100,373.2125
47.0200,329.9700
47.0300,355.0800
47.0400,403.3550
47.0500,431.6800
47.0600,451.6675
47.0700,476.6575
47.0800,519.9750
47.0900,563.2975
47.1000,580.0075
47.1100,581.6525
47.1200,594.9700
47.1300,633.2025
47.1400,671.6250
47.1500,655.1425
47.1600,644.9050
47.1700,631.8650
47.1800,600.0250
47.1900,609.8875
47.2000,616.7275
47.2100,600.0975
47.2200,601.5475
47.2300,586.9600
47.2400,563.2950
47.2500,588.0675
47.2600,575.4525
47.2700,525.2025
47.2800,498.5000
47.2900,509.6525
47.3000,539.8975
47.3100,533.5475
47.3200,497.0575
47.3300,450.4075
47.3400,428.3025
47.3500,433.2700
47.3600,394.1725
47.3700,374.5000
47.3800,380.4125
47.3900,351.8450
47.4000,353.1150
47.4100,366.5925
47.4200,368.3725
47.4300,356.9050
47.4400,353.1700
47.4500,347.0000
47.4600,364.1875
47.4700,401.5350
47.4800,380.7175
47.4900,354.9550
47.5000,369.6250
47.5100,388.1900
47.5200,382.0100
47.5300,361.9175
47.5400,384.0300
47.5500,424.7400
47.5600,428.4925
47.5700,433.0075
47.5800,427.2200
47.5900,455.0925
47.6000,487.2400
47.6100,458.7425
47.6200,473.9925
47.6300,463.1750
47.6400,421.6050
47.6500,408.8950
47.6600,391.7300
47.6700,420.4425
47.6800,443.7250
47.6900,426.9325
47.7000,434.3925
47.7100,434.0175
47.7200,419.8600
47.7300,405.7750
47.7400,378.6900
47.7500,408.2600
47.7600,421.3225
47.7700,385.2225
47.7800,392.7300
47.7900,385.9950
47.8000,355.3875
47.8100,351.4325
47.8200,366.1900
47.8300,384.5975
47.8400,361.6275
47.8500,315.5775
47.8600,317.5825
47.8700,311.1800
47.8800,285.0850
47.8900,299.1375
47.9000,338.7775
47.9100,358.5975
47.9200,331.2500
47.9300,312.9725
47.9400,338.9050
47.9500,360.0000
47.9600,371.0150
47.9700,369.1800
47.9800,354.9050
47.9900,358.2375
48.0000,353.7200
48.0100,340.3925
48.0200,331.7650
48.0300,347.2350
48.0400,366.6675
48.0500,347.8875
48.0600,354.8200
48.0700,381.9775
48.0800,376.6675
48.0900,381.3500
48.1000,408.5100
48.1100,450.4850
48.1200,460.6500
48.1300,493.6075
48.1400,533.9950
48.1500,510.8900
48.1600,524.6500
48.1700,564.4350
48.1800,565.5700
48.1900,514.7675
48.2000,458.9125
48.2100,471.7000
48.2200,484.2750
48.2300,480.8375
48.2400,514.9950
48.2500,541.5475
48.2600,546.4250
48.2700,565.4450
48.2800,598.7675
48.2900,638.2625
48.3000,709.5850
48.3100,792.6075
48.3200,868.2425
48.3300,915.1275
48.3400,910.2575
48.3500,915.8900
48.3600,885.1875
48.3700,786.0000
48.3800,711.3225
48.3900,701.0000
48.4000,668.6175
48.4100,604.6825
48.4200,600.4450
48.4300,664.0950
48.4400,671.0700
48.4500,608.7475
48.4600,595.6975
48.4700,577.5075
48.4800,571.2425
48.4900,591.9125
48.5000,570.3825
48.5100,514.1950
48.5200,495.7225
48.5300,442.5525
48.5400,393.0400
48.5500,414.9000
48.5600,416.9250
48.5700,367.5325
48.5800,348.8000
48.5900,373.9450
48.6000,366.9700
48.6100,337.2775
48.6200,339.0800
48.6300,356.0500
48.6400,343.6825
48.6500,324.5325
48.6600,343.5900
48.6700,355.4725
48.6800,348.4925
48.6900,349.6825
48.7000,363.8775
48.7100,372.1500
48.7200,336.5725
48.7300,301.5050
48.7400,316.8600
48.7500,334.8350
48.7600,341.1700
48.7700,340.6650
48.7800,334.8325
48.7900,335.1675
48.8000,352.8075
48.8100,390.1425
48.8200,384.2200
48.8300,377.6050
48.8400,424.2600
48.8500,479.8775
48.8600,503.2300
48.8700,506.0650
48.8800,507.6300
48.8900,488.9425
48.9000,497.0200
48.9100,482.9100
48.9200,468.5125
48.9300,469.6425
48.9400,465.9000
48.9500,468.5525
48.9600,492.2425
48.9700,507.7850
48.9800,523.7150
48.9900,542.5975
49.0000,545.5550
49.0100,528.1525
49.0200,517.7725
49.0300,510.0200
49.0400,505.1600
49.0500,534.7750
49.0600,542.9950
49.0700,552.1400
49.0800,605.0800
49.0900,636.6675
49.1000,632.2450
49.1100,638.4500
49.1200,634.1975
49.1300,612.9425
49.1400,606.3725
49.1500,602.1525
49.1600,600.1125
49.1700,543.6925
49.1800,506.5400
49.1900,542.4000
49.2000,549.0775
49.2100,504.6900
49.2200,505.9525
49.2300,538.9425
49.2400,509.9300
49.2500,499.0050
49.2600,497.0325
49.2700,464.7925
49.2800,463.7475
49.2900,455.6225
49.3000,448.5425
49.3100,435.0075
49.3200,424.3700
49.3300,428.5450
49.3400,429.5775
49.3500,436.2425
49.3600,432.7325
49.3700,389.9175
49.3800,333.5975
49.3900,342.7900
49.4000,388.2700
49.4100,383.0350
49.4200,358.1150
49.4300,358.5525
49.4400,352.3250
49.4500,351.0075
49.4600,376.9125
49.4700,398.9975
49.4800,381.7775
49.4900,349.3400
49.5000,343.9850
49.5100,347.9150
49.5200,337.7500
49.5300,369.6350
49.5400,366.5025
49.5500,351.5150
49.5600,381.0550
49.5700,395.6850
49.5800,375.6275
49.5900,353.7925
49.6000,355.7425
49.6100,370.5100
49.6200,381.4350
49.6300,384.7675
49.6400,375.2025
49.6500,362.8650
49.6600,373.8250
49.6700,399.0725
49.6800,401.4075
49.6900,378.0950
49.7000,354.2825
49.7100,311.4325
49.7200,321.4100
49.7300,354.2800
49.7400,355.7225
49.7500,342.8750
49.7600,323.3625
49.7700,307.1525
49.7800,328.9500
49.7900,360.4875
49.8000,342.4500
49.8100,319.0700
49.8200,301.9700
49.8300,303.7025
49.8400,330.9225
49.8500,325.3200
49.8600,329.8475
49.8700,358.0825
49.8800,347.2550
49.8900,315.8450
49.9000,313.6450
49.9100,336.6675
49.9200,322.5325
49.9300,334.4150
49.9400,372.4300
49.9500,366.6675
49.9600,369.4875
49.9700,369.1025
49.9800,363.3325
49.9900,363.3325
50.0000,363.3325
