#Intensity_unit=cps
#Attenuator_coefficient=1.0000
10.0000,840.2975
10.0100,827.8600
10.0200,847.9050
10.0300,922.7900
10.0400,875.4275
10.0500,854.8475
10.0600,880.5975
10.0700,868.1925
10.0800,806.1250
10.0900,809.0775
10.1000,764.6275
10.1100,796.2825
10.1200,815.1125
10.1300,852.9225
10.1400,865.7275
10.1500,818.3650
10.1600,825.4050
10.1700,835.7150
10.1800,821.5900
10.1900,777.8025
10.2000,806.4750
10.2100,846.1400
10.2200,813.8725
10.2300,816.0200
10.2400,840.7325
10.2500,807.2500
10.2600,839.4025
10.2700,885.3975
10.2800,862.9700
10.2900,863.0025
10.3000,806.3150
10.3100,809.0000
10.3200,851.9800
10.3300,850.6725
10.3400,805.0575
10.3500,841.9275
10.3600,858.6425
10.3700,836.0600
10.3800,776.5000
10.3900,796.9100
10.4000,811.9550
10.4100,819.3075
10.4200,811.0400
10.4300,833.8800
10.4400,812.7950
10.4500,771.2250
10.4600,817.3500
10.4700,814.3925
10.4800,828.2275
10.4900,815.1125
10.5000,825.2400
10.5100,820.7150
10.5200,808.1050
10.5300,845.3125
10.5400,781.6550
10.5500,752.5425
10.5600,752.9700
10.5700,800.8175
10.5800,860.0650
10.5900,839.9800
10.6000,815.9175
10.6100,774.8175
10.6200,770.0000
10.6300,764.0800
10.6400,763.3325
10.6500,816.5725
10.6600,832.2025
10.6700,854.0200
10.6800,883.2525
10.6900,777.4175
10.7000,775.1400
10.7100,812.0675
10.7200,807.8200
10.7300,809.6150
10.7400,786.4300
10.7500,801.0025
10.7600,809.2200
10.7700,786.4600
10.7800,712.7450
10.7900,732.7325
10.8000,842.4550
10.8100,850.7925
10.8200,832.3850
10.8300,800.6525
10.8400,784.9325
10.8500,880.0925
10.8600,875.7475
10.8700,829.3900
10.8800,843.8300
10.8900,858.3750
10.9000,821.9675
10.9100,781.5750
10.9200,788.3575
10.9300,819.2175
10.9400,823.3325
10.9500,858.3625
10.9600,810.8125
10.9700,844.1625
10.9800,794.6125
10.9900,809.9775
11.0000,795.8575
11.0100,813.7125
11.0200,790.4775
11.0300,798.3000
11.0400,811.6300
11.0500,737.7800
11.0600,784.7575
11.0700,807.8500
11.0800,810.0000
11.0900,810.0000
11.1000,812.9000
11.1100,743.7850
11.1200,794.1600
11.1300,803.3325
11.1400,800.4400
11.1500,820.2475
11.1600,823.3325
11.1700,820.4425
11.1800,802.6700
11.1900,779.7900
11.2000,791.0950
11.2100,796.2175
11.2200,776.4850
11.2300,744.5150
11.2400,751.5225
11.2500,727.4225
11.2600,766.4975
11.2700,816.4775
11.2800,817.5825
11.2900,776.4375
11.3000,749.8950
11.3100,815.5675
11.3200,812.3200
11.3300,812.8675
11.3400,830.5350
11.3500,850.5250
11.3600,776.0050
11.3700,774.7850
11.3800,819.5850
11.3900,806.6475
11.4000,783.3250
11.4100,774.2850
11.4200,816.1700
11.4300,854.7300
11.4400,805.7950
11.4500,751.0425
11.4600,788.9350
11.4700,884.9775
11.4800,814.5775
11.4900,800.0000
11.5000,791.4650
11.5100,801.3725
11.5200,794.8075
11.5300,841.6200
11.5400,793.2200
11.5500,760.6325
11.5600,793.5375
11.5700,805.6700
11.5800,750.0000
11.5900,731.5050
11.6000,778.1200
11.6100,820.6175
11.6200,854.9450
11.6300,794.9950
11.6400,729.6600
11.6500,765.1750
11.6600,742.2900
11.6700,683.0750
11.6800,746.6325
11.6900,855.8050
11.7000,847.9850
11.7100,722.2925
11.7200,812.5400
11.7300,810.8375
11.7400,812.2875
11.7500,832.9975
11.7600,797.3575
11.7700,761.9375
11.7800,731.4225
11.7900,754.7000
11.8000,779.6150
11.8100,735.7250
11.8200,737.8625
11.8300,734.4050
11.8400,713.7600
11.8500,721.1800
11.8600,728.9200
11.8700,724.4175
11.8800,751.2375
11.8900,820.8125
11.9000,802.6700
11.9100,738.1600
11.9200,743.3750
11.9300,768.9325
11.9400,795.5875
11.9500,738.8350
11.9600,790.5775
11.9700,750.5650
11.9800,692.8125
11.9900,727.7225
12.0000,731.1200
12.0100,746.6275
12.0200,752.7700
12.0300,761.6375
12.0400,774.4000
12.0500,737.9500
12.0600,741.0550
12.0700,770.9575
12.0800,746.2950
12.0900,737.2400
12.1000,767.0050
12.1100,767.8200
12.1200,805.2375
12.1300,730.7250
12.1400,705.0775
12.1500,722.5875
12.1600,778.9000
12.1700,699.3275
12.1800,715.7000
12.1900,720.5875
12.2000,750.1750
12.2100,756.6675
12.2200,759.4075
12.2300,740.8300
12.2400,725.7175
12.2500,739.7475
12.2600,762.4725
12.2700,695.6200
12.2800,712.7725
12.2900,782.7800
12.3000,763.9300
12.3100,723.9475
12.3200,762.9925
12.3300,833.2500
12.3400,797.6700
12.3500,705.0525
12.3600,743.7650
12.3700,705.0350
12.3800,728.6400
12.3900,780.0950
12.4000,792.7125
12.4100,774.3550
12.4200,732.0625
12.4300,717.9175
12.4400,795.1600
12.4500,718.6525
12.4600,683.1475
12.4700,739.4450
12.4800,780.3375
12.4900,843.3450
12.5000,832.3900
12.5100,799.7075
12.5200,744.8350
12.5300,744.1050
12.5400,714.3725
12.5500,765.8400
12.5600,817.6350
12.5700,834.7275
12.5800,828.6125
12.5900,864.2350
12.6000,779.4650
12.6100,772.7500
12.6200,816.8475
12.6300,829.3450
12.6400,813.9450
12.6500,812.6750
12.6600,821.3500
12.6700,836.6875
12.6800,818.6450
12.6900,813.3325
12.7000,800.0025
12.7100,801.9950
12.7200,805.9975
12.7300,774.7275
12.7400,771.9875
12.7500,799.9175
12.7600,833.2350
12.7700,778.9300
12.7800,792.5225
12.7900,789.3925
12.8000,821.1225
12.8100,750.5350
12.8200,751.1775
12.8300,743.4375
12.8400,763.7975
12.8500,799.0675
12.8600,825.1525
12.8700,830.0000
12.8800,787.7975
12.8900,763.4850
12.9000,783.7100
12.9100,787.3675
12.9200,752.4600
12.9300,730.1850
12.9400,760.8325
12.9500,764.7475
12.9600,776.4575
12.9700,806.2325
12.9800,766.1425
12.9900,763.8125
13.0000,745.7200
13.0100,732.1500
13.0200,727.3850
13.0300,703.1450
13.0400,746.2950
13.0500,713.0150
13.0600,697.3925
13.0700,720.1300
13.0800,669.3475
13.0900,713.2225
13.1000,756.0225
13.1100,708.7200
13.1200,708.9275
13.1300,695.1525
13.1400,715.9575
13.1500,741.4925
13.1600,705.1875
13.1700,714.0600
13.1800,725.1775
13.1900,729.2550
13.2000,722.2425
13.2100,735.5050
13.2200,747.7475
13.2300,752.5800
13.2400,717.2225
13.2500,716.9775
13.2600,714.8475
13.2700,677.2925
13.2800,702.6850
13.2900,692.7650
13.3000,720.0675
13.3100,742.8375
13.3200,726.1375
13.3300,661.0200
13.3400,656.1475
13.3500,675.3675
13.3600,669.7625
13.3700,669.2250
13.3800,667.4450
13.3900,697.3200
13.4000,775.5900
13.4100,717.5850
13.4200,718.8275
13.4300,691.0000
13.4400,631.6250
13.4500,687.9075
13.4600,692.2025
13.4700,663.7975
13.4800,676.9800
13.4900,645.2700
13.5000,661.2275
13.5100,705.4800
13.5200,691.3400
13.5300,663.0850
13.5400,649.0800
13.5500,644.1400
13.5600,661.0150
13.5700,709.5775
13.5800,698.1100
13.5900,672.3550
13.6000,732.1625
13.6100,697.9525
13.6200,695.0950
13.6300,737.7100
13.6400,702.2675
13.6500,684.1550
13.6600,690.8600
13.6700,645.6975
13.6800,599.9350
13.6900,677.6300
13.7000,671.6375
13.7100,710.0050
13.7200,686.6900
13.7300,660.8500
13.7400,704.0750
13.7500,734.9600
13.7600,712.5900
13.7700,703.3325
13.7800,688.4025
13.7900,675.8725
13.8000,715.5750
13.8100,727.5175
13.8200,701.8525
13.8300,690.8525
13.8400,667.6975
13.8500,655.0475
13.8600,640.9600
13.8700,703.4300
13.8800,697.0150
13.8900,639.7500
13.9000,675.1525
13.9100,668.6750
13.9200,706.8175
13.9300,688.8600
13.9400,644.6800
13.9500,616.1225
13.9600,637.0275
13.9700,673.6750
13.9800,680.8800
13.9900,672.6450
14.0000,665.1000
14.0100,707.4025
14.0200,772.2650
14.0300,755.7725
14.0400,674.9275
14.0500,684.1800
14.0600,713.7450
14.0700,732.1900
14.0800,666.0200
14.0900,652.1725
14.1000,688.2900
14.1100,661.1075
14.1200,675.8150
14.1300,691.5200
14.1400,666.6525
14.1500,693.0225
14.1600,730.8850
14.1700,735.1600
14.1800,709.1500
14.1900,673.4175
14.2000,680.2375
14.2100,710.7975
14.2200,712.7650
14.2300,666.6275
14.2400,637.9625
14.2500,645.3625
14.2600,695.6800
14.2700,715.7350
14.2800,692.6600
14.2900,671.3400
14.3000,702.6225
14.3100,699.9000
14.3200,731.6275
14.3300,696.4425
14.3400,664.7175
14.3500,676.7175
14.3600,676.1750
14.3700,685.2550
14.3800,711.4450
14.3900,724.7625
14.4000,724.2875
14.4100,711.4475
14.4200,701.9150
14.4300,695.2525
14.4400,719.4250
14.4500,722.8900
14.4600,660.7925
14.4700,646.1325
14.4800,692.5625
14.4900,674.5575
14.5000,638.7500
14.5100,658.3100
14.5200,648.7825
14.5300,630.5775
14.5400,647.8500
14.5500,644.9075
14.5600,640.0000
14.5700,677.5725
14.5800,721.4900
14.5900,716.9200
14.6000,707.6575
14.6100,664.5300
14.6200,604.5625
14.6300,642.7625
14.6400,643.3125
14.6500,623.9975
14.6600,599.0125
14.6700,624.9500
14.6800,637.6725
14.6900,662.2575
14.7000,640.7900
14.7100,589.5050
14.7200,638.3175
14.7300,620.2875
14.7400,674.1475
14.7500,704.3525
14.7600,657.0650
14.7700,648.2250
14.7800,674.1200
14.7900,657.9475
14.8000,655.8900
14.8100,696.8675
14.8200,720.2400
14.8300,714.1325
14.8400,698.5075
14.8500,642.8050
14.8600,652.1300
14.8700,662.0800
14.8800,680.6200
14.8900,651.0800
14.9000,640.1950
14.9100,661.6175
14.9200,644.8775
14.9300,644.7425
14.9400,668.2400
14.9500,676.6675
14.9600,681.2200
14.9700,740.1925
14.9800,709.8525
14.9900,678.7925
15.0000,697.0850
15.0100,704.4000
15.0200,671.6225
15.0300,640.8250
15.0400,624.2875
15.0500,687.7825
15.0600,686.1375
15.0700,656.4650
15.0800,661.2700
15.0900,689.1850
15.1000,691.0000
15.1100,677.6750
15.1200,736.2275
15.1300,728.5125
15.1400,707.7575
15.1500,708.9075
15.1600,723.4325
15.1700,683.0275
15.1800,660.0000
15.1900,695.7275
15.2000,713.3325
15.2100,704.4175
15.2200,715.5900
15.2300,707.7550
15.2400,684.4350
15.2500,663.3375
15.2600,694.4000
15.2700,653.4550
15.2800,643.2750
15.2900,626.7675
15.3000,644.3025
15.3100,704.2025
15.3200,693.5450
15.3300,707.5550
15.3400,679.2475
15.3500,685.2975
15.3600,662.5900
15.3700,621.3475
15.3800,623.1800
15.3900,623.4150
15.4000,595.8800
15.4100,565.8050
15.4200,585.1225
15.4300,610.9350
15.4400,623.2225
15.4500,615.7500
15.4600,594.7300
15.4700,597.5625
15.4800,659.9475
15.4900,666.0700
15.5000,655.5075
15.5100,645.8075
15.5200,626.9825
15.5300,637.3425
15.5400,663.9925
15.5500,640.8750
15.5600,614.6850
15.5700,622.9600
15.5800,651.5800
15.5900,637.4600
15.6000,627.6425
15.6100,608.4775
15.6200,607.4175
15.6300,645.5575
15.6400,669.7725
15.6500,666.9000
15.6600,648.3350
15.6700,612.1725
15.6800,594.5275
15.6900,606.1525
15.7000,641.0825
15.7100,667.3300
15.7200,671.2025
15.7300,642.3250
15.7400,613.9050
15.7500,613.0400
15.7600,635.7725
15.7700,602.1275
15.7800,633.8775
15.7900,647.6150
15.8000,621.8625
15.8100,613.3325
15.8200,659.7775
15.8300,671.9025
15.8400,627.5125
15.8500,587.7200
15.8600,578.7700
15.8700,577.9000
15.8800,618.6500
15.8900,609.7775
15.9000,566.9525
15.9100,582.6400
15.9200,606.2750
15.9300,597.4650
15.9400,623.3975
15.9500,557.8350
15.9600,544.1675
15.9700,589.5625
15.9800,592.9375
15.9900,592.9000
16.0000,607.0425
16.0100,584.3050
16.0200,595.6675
16.0300,594.7075
16.0400,577.1300
16.0500,581.5950
16.0600,613.4925
16.0700,609.3850
16.0800,615.2025
16.0900,620.4950
16.1000,624.8875
16.1100,603.3050
16.1200,607.1800
16.1300,620.0000
16.1400,634.3325
16.1500,596.2900
16.1600,587.1000
16.1700,606.1250
16.1800,618.1575
16.1900,607.0350
16.2000,588.5250
16.2100,599.6000
16.2200,607.9675
16.2300,612.7550
16.2400,636.9400
16.2500,601.3925
16.2600,527.5125
16.2700,510.1050
16.2800,567.1475
16.2900,595.9650
16.3000,617.5150
16.3100,637.3600
16.3200,603.8000
16.3300,584.0175
16.3400,582.6525
16.3500,602.0550
16.3600,610.6575
16.3700,596.6625
16.3800,617.9850
16.3900,624.6850
16.4000,624.6450
16.4100,651.9200
16.4200,650.7400
16.4300,590.2800
16.4400,560.6400
16.4500,557.3800
16.4600,555.3150
16.4700,582.4150
16.4800,611.8725
16.4900,602.2125
16.5000,564.3325
16.5100,584.1425
16.5200,621.8225
16.5300,604.4125
16.5400,588.6325
16.5500,578.2150
16.5600,605.3200
16.5700,596.6775
16.5800,571.3750
16.5900,573.9125
16.6000,535.6350
16.6100,553.5125
16.6200,602.2650
16.6300,628.9150
16.6400,579.6825
16.6500,550.2725
16.6600,581.3575
16.6700,592.7875
16.6800,607.4375
16.6900,616.1300
16.7000,578.5325
16.7100,586.1650
16.7200,613.8575
16.7300,597.3950
16.7400,535.2075
16.7500,519.2300
16.7600,558.3050
16.7700,557.4775
16.7800,558.6675
16.7900,548.9375
16.8000,546.7225
16.8100,570.0400
16.8200,566.6400
16.8300,590.9800
16.8400,599.5275
16.8500,603.7875
16.8600,591.9650
16.8700,565.7400
16.8800,552.4150
16.8900,575.0750
16.9000,589.1000
16.9100,568.2150
16.9200,569.8800
16.9300,585.6575
16.9400,565.5150
16.9500,559.8350
16.9600,583.1550
16.9700,593.3325
16.9800,595.2075
16.9900,613.5225
17.0000,615.4425
17.0100,601.0600
17.0200,587.3325
17.0300,606.1025
17.0400,617.3550
17.0500,572.7925
17.0600,545.1925
17.0700,554.0900
17.0800,550.7300
17.0900,539.6300
17.1000,529.2675
17.1100,521.4850
17.1200,560.6025
17.1300,584.1150
17.1400,567.4600
17.1500,582.0700
17.1600,596.3250
17.1700,576.8175
17.1800,574.3300
17.1900,585.1650
17.2000,579.3525
17.2100,562.3750
17.2200,553.3325
17.2300,556.9775
17.2400,587.3025
17.2500,602.7275
17.2600,574.8750
17.2700,549.4125
17.2800,574.1325
17.2900,578.2850
17.3000,563.6150
17.3100,564.8625
17.3200,570.5450
17.3300,600.0800
17.3400,614.6025
17.3500,617.1875
17.3600,592.8250
17.3700,541.5725
17.3800,527.1625
17.3900,549.4275
17.4000,582.9800
17.4100,578.5925
17.4200,558.2175
17.4300,519.2950
17.4400,515.1075
17.4500,563.0800
17.4600,567.3750
17.4700,551.5625
17.4800,550.0000
17.4900,555.3000
17.5000,545.8825
17.5100,565.0575
17.5200,561.6475
17.5300,552.6725
17.5400,566.4875
17.5500,552.8100
17.5600,546.8375
17.5700,536.0025
17.5800,518.0900
17.5900,523.8050
17.6000,561.2225
17.6100,593.6300
17.6200,587.8275
17.6300,585.3500
17.6400,577.7225
17.6500,549.4750
17.6600,571.2700
17.6700,589.5100
17.6800,590.4725
17.6900,579.2025
17.7000,565.2750
17.7100,557.8600
17.7200,546.7675
17.7300,568.8650
17.7400,583.2400
17.7500,573.1575
17.7600,558.1250
17.7700,553.4125
17.7800,544.7375
17.7900,538.4400
17.8000,539.9350
17.8100,543.4575
17.8200,561.8675
17.8300,588.5725
17.8400,596.5700
17.8500,605.2000
17.8600,614.9400
17.8700,599.8925
17.8800,596.7300
17.8900,578.1325
17.9000,583.5350
17.9100,608.3050
17.9200,596.6400
17.9300,586.6575
17.9400,574.9875
17.9500,603.3400
17.9600,611.7000
17.9700,560.0575
17.9800,546.6300
17.9900,566.6150
18.0000,583.2900
18.0100,580.0775
18.0200,565.0450
18.0300,555.0525
18.0400,578.0025
18.0500,586.9275
18.0600,581.4525
18.0700,595.0250
18.0800,580.2275
18.0900,571.5750
18.1000,578.3000
18.1100,565.3150
18.1200,554.8875
18.1300,560.0000
18.1400,563.2500
18.1500,571.5350
18.1600,558.8400
18.1700,543.2375
18.1800,562.8300
18.1900,570.3150
18.2000,556.7775
18.2100,546.8950
18.2200,541.6075
18.2300,541.7275
18.2400,556.0300
18.2500,560.5275
18.2600,545.0675
18.2700,532.1600
18.2800,553.4775
18.2900,604.3275
18.3000,621.5900
18.3100,596.3475
18.3200,565.0825
18.3300,550.6700
18.3400,544.5700
18.3500,556.4900
18.3600,600.9850
18.3700,646.6675
18.3800,630.9475
18.3900,613.3325
18.4000,632.1425
18.4100,647.0725
18.4200,658.7550
18.4300,726.8200
18.4400,829.8700
18.4500,931.7950
18.4600,1064.1400
18.4700,1238.9075
18.4800,1401.5100
18.4900,1555.8150
18.5000,1692.7725
18.5100,1705.2600
18.5200,1770.4125
18.5300,1926.6650
18.5400,1939.2475
18.5500,1949.6725
18.5600,1932.2525
18.5700,1860.1200
18.5800,1819.8700
18.5900,1819.8225
18.6000,1840.2875
18.6100,1772.8150
18.6200,1610.1400
18.6300,1446.0350
18.6400,1277.9825
18.6500,1151.2425
18.6600,1103.4700
18.6700,1024.1575
18.6800,945.0725
18.6900,855.5900
18.7000,751.3350
18.7100,683.5250
18.7200,655.8550
18.7300,630.2425
18.7400,604.0375
18.7500,611.5525
18.7600,603.2450
18.7700,541.8025
18.7800,540.7500
18.7900,574.4550
18.8000,563.3325
18.8100,572.1825
18.8200,562.7150
18.8300,526.3725
18.8400,514.8025
18.8500,531.3275
18.8600,558.7825
18.8700,564.1550
18.8800,562.5025
18.8900,558.3450
18.9000,541.8800
18.9100,551.6175
18.9200,559.4175
18.9300,538.4175
18.9400,507.4325
18.9500,498.2125
18.9600,532.0650
18.9700,569.6150
18.9800,575.1750
18.9900,561.4350
19.0000,557.6075
19.0100,544.2825
19.0200,562.3550
19.0300,602.3675
19.0400,578.7025
19.0500,542.3475
19.0600,552.8350
19.0700,552.4200
19.0800,535.3600
19.0900,522.8225
19.1000,519.6225
19.1100,500.1550
19.1200,506.3275
19.1300,516.5100
19.1400,508.7300
19.1500,548.1650
19.1600,563.5675
19.1700,536.0725
19.1800,519.4475
19.1900,562.2025
19.2000,572.3175
19.2100,490.6300
19.2200,455.0450
19.2300,464.0175
19.2400,512.6075
19.2500,537.2525
19.2600,519.6125
19.2700,486.3025
19.2800,472.1375
19.2900,500.4775
19.3000,543.6275
19.3100,563.3325
19.3200,551.1100
19.3300,531.9775
19.3400,521.8775
19.3500,497.8400
19.3600,504.2800
19.3700,541.3475
19.3800,533.9225
19.3900,513.2900
19.4000,508.6925
19.4100,516.6675
19.4200,508.6575
19.4300,498.0000
19.4400,496.0100
19.4500,499.2975
19.4600,504.0525
19.4700,488.6775
19.4800,501.1975
19.4900,520.6950
19.5000,507.4525
19.5100,485.4500
19.5200,474.6450
19.5300,488.4525
19.5400,523.6600
19.5500,535.6475
19.5600,517.2400
19.5700,531.1350
19.5800,540.7375
19.5900,521.1225
19.6000,485.0275
19.6100,474.4125
19.6200,496.9750
19.6300,486.3250
19.6400,463.8725
19.6500,515.8875
19.6600,518.5275
19.6700,464.3950
19.6800,478.0375
19.6900,537.3250
19.7000,544.7625
19.7100,507.3275
19.7200,505.6425
19.7300,532.8775
19.7400,515.3225
19.7500,495.4075
19.7600,532.2575
19.7700,560.3200
19.7800,500.0000
19.7900,517.4800
19.8000,518.0025
19.8100,466.2675
19.8200,468.6900
19.8300,488.2900
19.8400,501.6150
19.8500,500.1250
19.8600,499.3500
19.8700,530.3550
19.8800,548.9400
19.8900,561.4250
19.9000,534.4400
19.9100,516.9950
19.9200,517.2425
19.9300,516.3925
19.9400,538.1875
19.9500,535.7675
19.9600,513.0400
19.9700,512.6975
19.9800,512.5000
19.9900,506.5500
20.0000,541.9900
20.0100,560.9400
20.0200,574.5825
20.0300,576.8675
20.0400,529.2825
20.0500,556.6200
20.0600,589.0375
20.0700,583.8725
20.0800,589.0900
20.0900,612.3350
20.1000,576.4750
20.1100,551.2325
20.1200,528.3725
20.1300,554.6725
20.1400,561.0025
20.1500,547.3600
20.1600,526.5175
20.1700,513.0475
20.1800,525.4400
20.1900,554.8700
20.2000,520.0000
20.2100,526.8950
20.2200,537.7075
20.2300,529.9000
20.2400,527.9025
20.2500,541.2250
20.2600,567.0600
20.2700,572.7625
20.2800,512.0725
20.2900,484.2350
20.3000,452.1050
20.3100,455.7975
20.3200,498.9475
20.3300,512.2400
20.3400,523.3750
20.3500,527.7400
20.3600,510.0000
20.3700,516.6650
20.3800,526.6750
20.3900,502.3000
20.4000,477.7050
20.4100,516.5225
20.4200,529.1175
20.4300,495.4400
20.4400,533.0300
20.4500,562.4150
20.4600,537.8200
20.4700,546.3775
20.4800,572.2475
20.4900,582.9875
20.5000,633.7550
20.5100,681.1775
20.5200,703.5425
20.5300,795.3975
20.5400,868.9300
20.5500,888.0225
20.5600,979.1450
20.5700,1128.7525
20.5800,1266.5150
20.5900,1326.5075
20.6000,1359.7275
20.6100,1402.9725
20.6200,1403.8100
20.6300,1473.1450
20.6400,1477.9075
20.6500,1427.4100
20.6600,1329.7900
20.6700,1325.2400
20.6800,1301.0375
20.6900,1271.2775
20.7000,1178.3350
20.7100,1122.7950
20.7200,1107.6925
20.7300,1081.3175
20.7400,1015.6450
20.7500,990.9025
20.7600,921.6925
20.7700,873.9125
20.7800,858.9875
20.7900,862.7250
20.8000,870.6225
20.8100,873.7525
20.8200,921.3550
20.8300,952.0025
20.8400,999.9550
20.8500,1094.4400
20.8600,1186.8100
20.8700,1140.0000
20.8800,1156.7950
20.8900,1183.8550
20.9000,1163.1650
20.9100,1200.3975
20.9200,1244.0950
20.9300,1319.7675
20.9400,1451.6800
20.9500,1463.4925
20.9600,1426.2400
20.9700,1414.9775
20.9800,1343.0175
20.9900,1249.7525
21.0000,1168.9525
21.0100,1114.2050
21.0200,1039.0025
21.0300,934.7950
21.0400,822.9400
21.0500,750.0800
21.0600,690.2300
21.0700,617.6825
21.0800,608.0300
21.0900,595.6425
21.1000,546.4150
21.1100,577.2050
21.1200,560.7050
21.1300,541.3025
21.1400,530.2175
21.1500,481.0650
21.1600,521.9575
21.1700,536.8225
21.1800,503.3975
21.1900,535.4750
21.2000,543.6300
21.2100,520.3150
21.2200,506.0475
21.2300,525.0675
21.2400,562.0675
21.2500,566.7925
21.2600,546.2675
21.2700,565.1200
21.2800,569.1100
21.2900,571.9925
21.3000,598.1775
21.3100,652.0725
21.3200,701.8875
21.3300,672.6350
21.3400,691.3825
21.3500,725.0800
21.3600,730.8700
21.3700,720.3100
21.3800,677.2725
21.3900,684.1700
21.4000,763.6625
21.4100,799.3425
21.4200,832.0725
21.4300,875.8125
21.4400,888.6500
21.4500,964.7250
21.4600,1095.5825
21.4700,1217.5925
21.4800,1262.7075
21.4900,1362.7050
21.5000,1518.5275
21.5100,1717.5100
21.5200,1842.3650
21.5300,2034.8050
21.5400,2204.4450
21.5500,2423.8900
21.5600,2505.7000
21.5700,2553.8025
21.5800,2684.4225
21.5900,2910.4250
21.6000,2961.7100
21.6100,2933.2075
21.6200,2853.5475
21.6300,2811.6275
21.6400,2714.4800
21.6500,2596.1675
21.6600,2471.7675
21.6700,2319.0325
21.6800,2182.0050
21.6900,2009.5000
21.7000,1817.5625
21.7100,1669.2300
21.7200,1442.5275
21.7300,1250.1750
21.7400,1133.8200
21.7500,1012.6675
21.7600,911.7250
21.7700,813.0775
21.7800,723.3325
21.7900,712.6350
21.8000,675.1425
21.8100,654.8150
21.8200,607.8750
21.8300,618.8075
21.8400,605.5875
21.8500,622.3250
21.8600,649.6000
21.8700,647.8325
21.8800,700.7625
21.8900,751.4775
21.9000,780.2450
21.9100,910.3325
21.9200,1103.0125
21.9300,1236.0525
21.9400,1415.9175
21.9500,1584.9175
21.9600,1693.1625
21.9700,1687.1725
21.9800,1579.2825
21.9900,1578.8100
22.0000,1571.7175
22.0100,1503.1875
22.0200,1450.5050
22.0300,1404.7825
22.0400,1268.4200
22.0500,1252.7975
22.0600,1258.4550
22.0700,1233.0575
22.0800,1187.9875
22.0900,1090.4725
22.1000,976.9500
22.1100,923.2450
22.1200,894.3175
22.1300,824.5025
22.1400,772.4025
22.1500,694.5675
22.1600,655.9700
22.1700,621.9300
22.1800,548.6675
22.1900,536.6900
22.2000,503.3825
22.2100,481.9400
22.2200,496.7650
22.2300,468.0375
22.2400,463.2575
22.2500,481.8600
22.2600,503.9800
22.2700,502.8025
22.2800,493.7250
22.2900,531.6425
22.3000,568.5775
22.3100,582.3725
22.3200,612.3500
22.3300,644.2150
22.3400,666.6425
22.3500,612.1000
22.3600,576.3850
22.3700,633.3325
22.3800,639.4975
22.3900,675.2625
22.4000,692.5450
22.4100,598.1725
22.4200,604.5525
22.4300,672.4150
22.4400,671.9075
22.4500,611.0175
22.4600,579.5400
22.4700,622.1450
22.4800,614.3025
22.4900,612.7525
22.5000,640.2525
22.5100,553.4100
22.5200,513.6400
22.5300,543.7725
22.5400,525.9675
22.5500,496.9175
22.5600,453.4250
22.5700,472.8425
22.5800,477.6125
22.5900,434.4600
22.6000,440.0000
22.6100,436.6500
22.6200,428.3375
22.6300,467.2325
22.6400,449.4775
22.6500,429.4525
22.6600,421.7550
22.6700,392.8650
22.6800,379.2800
22.6900,409.4625
22.7000,406.6675
22.7100,414.1275
22.7200,452.2725
22.7300,444.0275
22.7400,420.5425
22.7500,375.7500
22.7600,413.9500
22.7700,444.0150
22.7800,393.8475
22.7900,402.8175
22.8000,430.5450
22.8100,392.6050
22.8200,369.4950
22.8300,367.6725
22.8400,381.3325
22.8500,426.6675
22.8600,424.6875
22.8700,412.3475
22.8800,410.0950
22.8900,428.5375
22.9000,417.0925
22.9100,398.0725
22.9200,382.3500
22.9300,360.4825
22.9400,388.5525
22.9500,422.8325
22.9600,440.4700
22.9700,437.7325
22.9800,402.4050
22.9900,398.5125
23.0000,414.5925
23.0100,436.9400
23.0200,394.3975
23.0300,382.2575
23.0400,395.3200
23.0500,383.0950
23.0600,367.5450
23.0700,420.6375
23.0800,445.3500
23.0900,437.5400
23.1000,441.6000
23.1100,421.8100
23.1200,371.3800
23.1300,407.1675
23.1400,426.5600
23.1500,384.2075
23.1600,409.9875
23.1700,391.2400
23.1800,421.6800
23.1900,407.5375
23.2000,389.1850
23.2100,382.9275
23.2200,387.6550
23.2300,442.1325
23.2400,431.7425
23.2500,421.1850
23.2600,427.2525
23.2700,402.3750
23.2800,373.1000
23.2900,400.1300
23.3000,428.5775
23.3100,439.1550
23.3200,406.2900
23.3300,402.9575
23.3400,413.0225
23.3500,514.0800
23.3600,484.8925
23.3700,412.6575
23.3800,388.6825
23.3900,462.8750
23.4000,479.1775
23.4100,416.6675
23.4200,420.5325
23.4300,458.2175
23.4400,495.4975
23.4500,455.6350
23.4600,449.7375
23.4700,481.7475
23.4800,528.6825
23.4900,551.3350
23.5000,595.3200
23.5100,617.9300
23.5200,674.9850
23.5300,828.5250
23.5400,981.5425
23.5500,1111.3100
23.5600,1343.9350
23.5700,1670.4600
23.5800,2022.7325
23.5900,2296.9775
23.6000,2532.6750
23.6100,2906.0375
23.6200,3075.9675
23.6300,3183.6800
23.6400,3327.7550
23.6500,3365.1500
23.6600,3284.6350
23.6700,3339.9350
23.6800,3394.3525
23.6900,3225.2575
23.7000,3212.5150
23.7100,3232.5275
23.7200,3134.3725
23.7300,2952.6675
23.7400,2869.7300
23.7500,2857.8750
23.7600,2731.3400
23.7700,2410.8050
23.7800,2089.5975
23.7900,1872.3275
23.8000,1685.8075
23.8100,1508.0650
23.8200,1430.6700
23.8300,1256.3800
23.8400,1036.0400
23.8500,935.3975
23.8600,830.4775
23.8700,792.8625
23.8800,783.6400
23.8900,740.5725
23.9000,706.5200
23.9100,743.7000
23.9200,654.4425
23.9300,625.9700
23.9400,659.4250
23.9500,605.0500
23.9600,632.7550
23.9700,667.0525
23.9800,570.8525
23.9900,535.9875
24.0000,572.4325
24.0100,505.6725
24.0200,492.7500
24.0300,533.9525
24.0400,489.6175
24.0500,483.5225
24.0600,484.4350
24.0700,446.6675
24.0800,446.3050
24.0900,440.7125
24.1000,454.0350
24.1100,461.8225
24.1200,374.6975
24.1300,400.6700
24.1400,413.9950
24.1500,428.1300
24.1600,456.6675
24.1700,456.1950
24.1800,444.1900
24.1900,392.5725
24.2000,376.9650
24.2100,383.0400
24.2200,378.8325
24.2300,425.9575
24.2400,410.0000
24.2500,408.3625
24.2600,372.6800
24.2700,436.2725
24.2800,426.5375
24.2900,422.0725
24.3000,389.8775
24.3100,386.5450
24.3200,383.2150
24.3300,380.8100
24.3400,402.8800
24.3500,389.0050
24.3600,360.4325
24.3700,373.5450
24.3800,379.0775
24.3900,350.2000
24.4000,356.6675
24.4100,356.7625
24.4200,359.8150
24.4300,352.6175
24.4400,327.1875
24.4500,348.4375
24.4600,415.6850
24.4700,376.8250
24.4800,384.3275
24.4900,425.5575
24.5000,375.8825
24.5100,340.2750
24.5200,354.1250
24.5300,392.7625
24.5400,362.7850
24.5500,334.4975
24.5600,400.2775
24.5700,416.7725
24.5800,422.8300
24.5900,389.4275
24.6000,350.1800
24.6100,363.5025
24.6200,376.4275
24.6300,356.5925
24.6400,350.2775
24.6500,376.7625
24.6600,386.0200
24.6700,313.3075
24.6800,309.9275
24.6900,300.4075
24.7000,363.3900
24.7100,373.1225
24.7200,329.9450
24.7300,316.8100
24.7400,359.9250
24.7500,330.0350
24.7600,349.9875
24.7700,336.6625
24.7800,313.3475
24.7900,346.6200
24.8000,346.6675
24.8100,330.0500
24.8200,330.0000
24.8300,343.2725
24.8400,349.9650
24.8500,359.9375
24.8600,393.1025
24.8700,370.1800
24.8800,353.4750
24.8900,326.9150
24.9000,356.3650
24.9100,333.5875
24.9200,353.1000
24.9300,346.7500
24.9400,369.6900
24.9500,373.2875
24.9600,343.7775
24.9700,346.6150
24.9800,366.3375
24.9900,317.5250
25.0000,326.4875
25.0100,359.3750
25.0200,353.4625
25.0300,376.1925
25.0400,347.3000
25.0500,317.3250
25.0600,342.7275
25.0700,346.5875
25.0800,362.9275
25.0900,334.0850
25.1000,284.6275
25.1100,315.7775
25.1200,352.3275
25.1300,376.0075
25.1400,418.7425
25.1500,352.0875
25.1600,385.5425
25.1700,406.0375
25.1800,403.4400
25.1900,390.4400
25.2000,354.5725
25.2100,346.8975
25.2200,385.2525
25.2300,373.8150
25.2400,399.0150
25.2500,364.7175
25.2600,372.9475
25.2700,389.3450
25.2800,348.4050
25.2900,353.0600
25.3000,394.8600
25.3100,409.4325
25.3200,387.6775
25.3300,412.1575
25.3400,461.0900
25.3500,476.0575
25.3600,441.7025
25.3700,484.4625
25.3800,493.0125
25.3900,499.6750
25.4000,446.1450
25.4100,474.9850
25.4200,492.4800
25.4300,468.0550
25.4400,495.0825
25.4500,477.7375
25.4600,467.2100
25.4700,495.0100
25.4800,502.9600
25.4900,449.8850
25.5000,440.3850
25.5100,521.6075
25.5200,467.0800
25.5300,453.9325
25.5400,428.2875
25.5500,404.7700
25.5600,381.4550
25.5700,392.4925
25.5800,371.4925
25.5900,391.8225
25.6000,393.3325
25.6100,387.1075
25.6200,395.9950
25.6300,325.2050
25.6400,360.3575
25.6500,403.6550
25.6600,381.8750
25.6700,330.4575
25.6800,320.4800
25.6900,360.1850
25.7000,344.8025
25.7100,315.5600
25.7200,356.4975
25.7300,323.0350
25.7400,353.8575
25.7500,319.7650
25.7600,362.7550
25.7700,369.7375
25.7800,323.9925
25.7900,286.2900
25.8000,317.0150
25.8100,384.2450
25.8200,356.3775
25.8300,319.7400
25.8400,356.3325
25.8500,363.0475
25.8600,372.4725
25.8700,376.3775
25.8800,379.7075
25.8900,380.0000
25.9000,319.2925
25.9100,301.2025
25.9200,321.2100
25.9300,386.9100
25.9400,326.7900
25.9500,313.9550
25.9600,334.4700
25.9700,345.7175
25.9800,295.4275
25.9900,332.1600
26.0000,333.6575
26.0100,339.3450
26.0200,361.0250
26.0300,378.3375
26.0400,371.0050
26.0500,343.0400
26.0600,372.9225
26.0700,379.6575
26.0800,362.0750
26.0900,354.0300
26.1000,314.5650
26.1100,307.0200
26.1200,327.5050
26.1300,356.7675
26.1400,371.8875
26.1500,337.7075
26.1600,351.1300
26.1700,353.3325
26.1800,379.9825
26.1900,371.5000
26.2000,352.2675
26.2100,323.4225
26.2200,322.9500
26.2300,343.9675
26.2400,387.8950
26.2500,378.6225
26.2600,359.0300
26.2700,365.4775
26.2800,360.7975
26.2900,377.5900
26.3000,382.9300
26.3100,377.4800
26.3200,391.2850
26.3300,387.4925
26.3400,374.9925
26.3500,326.6825
26.3600,354.9550
26.3700,310.5250
26.3800,312.0575
26.3900,371.4325
26.4000,348.0750
26.4100,340.4325
26.4200,368.9700
26.4300,425.4300
26.4400,427.5500
26.4500,389.1100
26.4600,354.4700
26.4700,352.8825
26.4800,379.2625
26.4900,354.5500
26.5000,338.4975
26.5100,339.5400
26.5200,377.3150
26.5300,391.9350
26.5400,401.9275
26.5500,403.3325
26.5600,363.2975
26.5700,342.3825
26.5800,340.0000
26.5900,334.2975
26.6000,356.1250
26.6100,382.7700
26.6200,358.2300
26.6300,367.5375
26.6400,321.7500
26.6500,324.6750
26.6600,340.8325
26.6700,317.8600
26.6800,327.4725
26.6900,338.4750
26.7000,308.9550
26.7100,286.4150
26.7200,322.7700
26.7300,341.2575
26.7400,340.5225
26.7500,342.8100
26.7600,357.3650
26.7700,354.3925
26.7800,333.7275
26.7900,327.2025
26.8000,309.8925
26.8100,289.9100
26.8200,328.5200
26.8300,303.2175
26.8400,357.9325
26.8500,328.2675
26.8600,345.0150
26.8700,383.3225
26.8800,351.1625
26.8900,315.6175
26.9000,315.5375
26.9100,313.9000
26.9200,318.8600
26.9300,336.5650
26.9400,340.0000
26.9500,378.5750
26.9600,370.1500
26.9700,377.6675
26.9800,355.2725
26.9900,317.0625
27.0000,301.7750
27.0100,310.9575
27.0200,316.0700
27.0300,335.8050
27.0400,337.2675
27.0500,317.5650
27.0600,346.0450
27.0700,347.8875
27.0800,311.2975
27.0900,319.6400
27.1000,342.3400
27.1100,354.8050
27.1200,343.1175
27.1300,310.2200
27.1400,341.1975
27.1500,352.7025
27.1600,329.0400
27.1700,299.0650
27.1800,328.3525
27.1900,358.1950
27.2000,355.2675
27.2100,323.7900
27.2200,324.7150
27.2300,364.1925
27.2400,370.6550
27.2500,351.2750
27.2600,349.3400
27.2700,352.6700
27.2800,356.0000
27.2900,335.3525
27.3000,337.9850
27.3100,369.2500
27.3200,363.3850
27.3300,352.0400
27.3400,336.7450
27.3500,351.8725
27.3600,372.5400
27.3700,366.0950
27.3800,368.6150
27.3900,367.3625
27.4000,400.9200
27.4100,444.2200
27.4200,427.0375
27.4300,443.6425
27.4400,436.8800
27.4500,472.6575
27.4600,559.2800
27.4700,540.7575
27.4800,545.6800
27.4900,536.9450
27.5000,494.2125
27.5100,465.0950
27.5200,504.2475
27.5300,521.8675
27.5400,538.9175
27.5500,566.6850
27.5600,573.3325
27.5700,568.1550
27.5800,589.9475
27.5900,537.2350
27.6000,538.0700
27.6100,514.9675
27.6200,509.2425
27.6300,494.5600
27.6400,500.2825
27.6500,449.4075
27.6600,405.1150
27.6700,440.2300
27.6800,417.4950
27.6900,368.3100
27.7000,364.3300
27.7100,371.7700
27.7200,375.8825
27.7300,381.7600
27.7400,370.6150
27.7500,379.3725
27.7600,357.9500
27.7700,337.3225
27.7800,315.6025
27.7900,332.7725
27.8000,322.3050
27.8100,314.1425
27.8200,341.0800
27.8300,339.9225
27.8400,319.0475
27.8500,353.5625
27.8600,381.7350
27.8700,364.0875
27.8800,369.1975
27.8900,365.8225
27.9000,350.8300
27.9100,349.1650
27.9200,369.9650
27.9300,389.1300
27.9400,385.8625
27.9500,375.8700
27.9600,365.8800
27.9700,375.7425
27.9800,355.2050
27.9900,321.9000
28.0000,328.1775
28.0100,387.7025
28.0200,364.7000
28.0300,335.2050
28.0400,322.6100
28.0500,347.0675
28.0600,366.4975
28.0700,372.4550
28.0800,375.7850
28.0900,386.4650
28.1000,394.8950
28.1100,396.6675
28.1200,386.9000
28.1300,383.3325
28.1400,388.2050
28.1500,377.8300
28.1600,349.0225
28.1700,357.0000
28.1800,387.5900
28.1900,420.8975
28.2000,388.8550
28.2100,368.4975
28.2200,393.2325
28.2300,388.8600
28.2400,383.3325
28.2500,373.7050
28.2600,377.2125
28.2700,425.6300
28.2800,433.7375
28.2900,446.7725
28.3000,446.1525
28.3100,417.0350
28.3200,373.2325
28.3300,391.0100
28.3400,441.4575
28.3500,456.6675
28.3600,421.0050
28.3700,420.9150
28.3800,462.2475
28.3900,460.0800
28.4000,422.5675
28.4100,454.9150
28.4200,478.0550
28.4300,482.3575
28.4400,525.7400
28.4500,538.6275
28.4600,548.4200
28.4700,588.5525
28.4800,593.9525
28.4900,599.3700
28.5000,612.6925
28.5100,635.3650
28.5200,671.3475
28.5300,725.3050
28.5400,761.9650
28.5500,772.3275
28.5600,801.2175
28.5700,859.7550
28.5800,907.8200
28.5900,931.5775
28.6000,971.3625
28.6100,1060.5950
28.6200,1187.9450
28.6300,1331.4175
28.6400,1468.7575
28.6500,1578.9875
28.6600,1798.3450
28.6700,1915.4525
28.6800,2023.9525
28.6900,2094.1325
28.7000,2099.8075
28.7100,2167.4550
28.7200,2259.3000
28.7300,2295.7800
28.7400,2290.8975
28.7500,2359.3925
28.7600,2393.3325
28.7700,2316.2425
28.7800,2266.4125
28.7900,2241.9050
28.8000,2208.4800
28.8100,2207.9500
28.8200,2204.3175
28.8300,2188.7425
28.8400,2212.5650
28.8500,2208.7000
28.8600,2247.1075
28.8700,2352.9000
28.8800,2489.5600
28.8900,2529.9600
28.9000,2486.4825
28.9100,2379.7050
28.9200,2272.0800
28.9300,2460.2175
28.9400,2636.6525
28.9500,2665.5625
28.9600,2712.0925
28.9700,2964.6775
28.9800,3307.7325
28.9900,3553.6250
29.0000,3796.4500
29.0100,3959.3650
29.0200,3851.4475
29.0300,3633.8225
29.0400,3439.2800
29.0500,3288.9775
29.0600,3199.5425
29.0700,3100.1275
29.0800,2996.6575
29.0900,2891.3450
29.1000,2859.8700
29.1100,2787.1675
29.1200,2542.3625
29.1300,2363.8675
29.1400,2235.6075
29.1500,2037.2525
29.1600,1950.1775
29.1700,1963.9475
29.1800,2044.5275
29.1900,2115.6525
29.2000,2329.1650
29.2100,2627.9550
29.2200,2965.1700
29.2300,3534.9875
29.2400,4304.6125
29.2500,5246.8000
29.2600,6141.8425
29.2700,7254.8950
29.2800,8586.8600
29.2900,9669.4200
29.3000,10664.2675
29.3100,11700.1000
29.3200,12657.5000
29.3300,13256.7600
29.3400,13750.4300
29.3500,14333.1250
29.3600,14778.1225
29.3700,15212.0975
29.3800,15432.0750
29.3900,15252.8625
29.4000,14841.6575
29.4100,14408.0375
29.4200,13941.4725
29.4300,13160.9175
29.4400,12190.8050
29.4500,11254.1300
29.4600,10405.2500
29.4700,9550.9775
29.4800,8522.1425
29.4900,7517.1300
29.5000,6597.7875
29.5100,5810.5850
29.5200,4984.1825
29.5300,4224.4300
29.5400,3643.1075
29.5500,3190.1750
29.5600,2743.5050
29.5700,2243.0900
29.5800,1797.3125
29.5900,1553.2450
29.6000,1427.1425
29.6100,1258.7625
29.6200,1131.0525
29.6300,1040.9325
29.6400,966.7200
29.6500,898.6425
29.6600,849.7125
29.6700,806.2750
29.6800,794.7600
29.6900,767.6675
29.7000,718.4150
29.7100,695.9700
29.7200,729.5625
29.7300,741.2725
29.7400,689.1725
29.7500,643.9625
29.7600,641.3425
29.7700,634.6700
29.7800,592.7250
29.7900,591.9325
29.8000,578.7875
29.8100,565.9650
29.8200,546.1700
29.8300,551.8150
29.8400,552.8025
29.8500,557.1775
29.8600,574.5675
29.8700,566.1925
29.8800,550.7575
29.8900,519.1250
29.9000,527.5025
29.9100,589.8275
29.9200,596.4900
29.9300,578.0425
29.9400,553.2200
29.9500,536.6675
29.9600,585.3800
29.9700,583.0300
29.9800,550.8375
29.9900,558.3100
30.0000,555.0400
30.0100,581.5000
30.0200,597.0050
30.0300,599.6500
30.0400,604.7400
30.0500,668.7650
30.0600,764.7100
30.0700,803.8375
30.0800,846.9125
30.0900,922.5975
30.1000,968.1325
30.1100,1007.2000
30.1200,1083.3600
30.1300,1167.1050
30.1400,1220.9050
30.1500,1208.2000
30.1600,1215.0925
30.1700,1310.4700
30.1800,1430.9175
30.1900,1506.4175
30.2000,1500.2850
30.2100,1440.4850
30.2200,1413.7575
30.2300,1390.3975
30.2400,1413.0950
30.2500,1485.9575
30.2600,1497.9825
30.2700,1429.2275
30.2800,1345.6800
30.2900,1283.5675
30.3000,1185.6925
30.3100,1148.9275
30.3200,1211.1225
30.3300,1215.2225
30.3400,1151.2125
30.3500,1088.6450
30.3600,1041.2325
30.3700,1039.8850
30.3800,1068.0250
30.3900,1094.6700
30.4000,1073.7075
30.4100,1083.2325
30.4200,1211.9200
30.4300,1337.0850
30.4400,1508.0400
30.4500,1709.0675
30.4600,1970.2800
30.4700,2298.8400
30.4800,2593.5375
30.4900,2996.4750
30.5000,3479.0025
30.5100,3839.5400
30.5200,4144.7700
30.5300,4458.3400
30.5400,4718.6375
30.5500,4898.5575
30.5600,4972.2750
30.5700,4960.3575
30.5800,4782.8575
30.5900,4504.4625
30.6000,4422.4425
30.6100,4438.9150
30.6200,4433.9675
30.6300,4298.2150
30.6400,4062.2075
30.6500,3691.4175
30.6600,3201.7825
30.6700,2849.6425
30.6800,2663.2550
30.6900,2441.9875
30.7000,2132.0625
30.7100,1901.1550
30.7200,1741.1225
30.7300,1623.2425
30.7400,1513.5675
30.7500,1342.3975
30.7600,1163.3800
30.7700,1041.6225
30.7800,970.5925
30.7900,879.4275
30.8000,804.4800
30.8100,776.2250
30.8200,751.3000
30.8300,700.5200
30.8400,658.1925
30.8500,624.2425
30.8600,613.7525
30.8700,580.5275
30.8800,552.0700
30.8900,576.8025
30.9000,585.0325
30.9100,579.8850
30.9200,563.1775
30.9300,539.8125
30.9400,519.9175
30.9500,521.7575
30.9600,514.8625
30.9700,503.3575
30.9800,499.9600
30.9900,511.7475
31.0000,503.2575
31.0100,469.9925
31.0200,473.3300
31.0300,471.6900
31.0400,479.9300
31.0500,486.7350
31.0600,466.7125
31.0700,445.1250
31.0800,444.8525
31.0900,438.5825
31.1000,438.0500
31.1100,448.5050
31.1200,426.8300
31.1300,415.0300
31.1400,429.6750
31.1500,425.4550
31.1600,385.4150
31.1700,363.4150
31.1800,384.3550
31.1900,427.8300
31.2000,422.3900
31.2100,396.6675
31.2200,407.9575
31.2300,411.9475
31.2400,411.3725
31.2500,431.2350
31.2600,433.7175
31.2700,391.3375
31.2800,358.2650
31.2900,387.1075
31.3000,392.7875
31.3100,363.4875
31.3200,353.6525
31.3300,346.6675
31.3400,365.6425
31.3500,377.1950
31.3600,374.5475
31.3700,403.7875
31.3800,404.6775
31.3900,367.4550
31.4000,381.5125
31.4100,403.9575
31.4200,369.9300
31.4300,343.3325
31.4400,347.9975
31.4500,361.0950
31.4600,376.1975
31.4700,370.9575
31.4800,364.3875
31.4900,379.5000
31.5000,377.4325
31.5100,366.6675
31.5200,368.2000
31.5300,362.3450
31.5400,353.3325
31.5500,374.6950
31.5600,387.8150
31.5700,365.7300
31.5800,350.5950
31.5900,355.4550
31.6000,379.0750
31.6100,393.0200
31.6200,377.0700
31.6300,372.8950
31.6400,428.2100
31.6500,469.6650
31.6600,432.9200
31.6700,402.7575
31.6800,414.7350
31.6900,383.6225
31.7000,393.0575
31.7100,422.5825
31.7200,411.8525
31.7300,421.8275
31.7400,467.6575
31.7500,488.9900
31.7600,434.3175
31.7700,390.3975
31.7800,388.1325
31.7900,398.7750
31.8000,411.4600
31.8100,417.7050
31.8200,426.2425
31.8300,431.4525
31.8400,424.6375
31.8500,397.4200
31.8600,366.5575
31.8700,354.7750
31.8800,371.0550
31.8900,364.1475
31.9000,342.9025
31.9100,372.8800
31.9200,381.4300
31.9300,385.6825
31.9400,402.3975
31.9500,383.8825
31.9600,373.7550
31.9700,374.8425
31.9800,350.6200
31.9900,323.4625
32.0000,304.3700
32.0100,313.5225
32.0200,349.2850
32.0300,354.0725
32.0400,357.6200
32.0500,372.7250
32.0600,354.7250
32.0700,374.7225
32.0800,405.5450
32.0900,402.2625
32.1000,372.8550
32.1100,364.3600
32.1200,378.6250
32.1300,391.7725
32.1400,374.9575
32.1500,318.6325
32.1600,331.6850
32.1700,371.0500
32.1800,393.9475
32.1900,380.4975
32.2000,368.0225
32.2100,371.3525
32.2200,349.0400
32.2300,310.6400
32.2400,329.5225
32.2500,352.6000
32.2600,338.0050
32.2700,348.0200
32.2800,370.6725
32.2900,368.0275
32.3000,355.9450
32.3100,393.2600
32.3200,398.7750
32.3300,375.3450
32.3400,350.9225
32.3500,319.2975
32.3600,340.4025
32.3700,361.4250
32.3800,357.2575
32.3900,364.6375
32.4000,356.2450
32.4100,341.3000
32.4200,351.1175
32.4300,363.3325
32.4400,355.5800
32.4500,323.9900
32.4600,317.7850
32.4700,365.6575
32.4800,359.4925
32.4900,343.2950
32.5000,366.1700
32.5100,363.8225
32.5200,368.7300
32.5300,350.1750
32.5400,315.7375
32.5500,307.1225
32.5600,327.2025
32.5700,362.5825
32.5800,404.6775
32.5900,423.7100
32.6000,375.4100
32.6100,337.5050
32.6200,338.3150
32.6300,351.6375
32.6400,373.6400
32.6500,392.9550
32.6600,370.6150
32.6700,344.5650
32.6800,344.2075
32.6900,342.4550
32.7000,362.5825
32.7100,387.5575
32.7200,368.7025
32.7300,357.9325
32.7400,363.9100
32.7500,336.0575
32.7600,343.0400
32.7700,345.1100
32.7800,384.0725
32.7900,408.6525
32.8000,371.8725
32.8100,382.4650
32.8200,395.1900
32.8300,351.9050
32.8400,348.0850
32.8500,356.6675
32.8600,347.2050
32.8700,332.3600
32.8800,351.9750
32.8900,376.4750
32.9000,359.4475
32.9100,348.1900
32.9200,366.8350
32.9300,372.1675
32.9400,366.5150
32.9500,364.6375
32.9600,373.3325
32.9700,375.6425
32.9800,369.6350
32.9900,343.1050
33.0000,318.5350
33.0100,306.9625
33.0200,335.7975
33.0300,354.4725
33.0400,360.0750
33.0500,359.8650
33.0600,331.9650
33.0700,312.3600
33.0800,331.1250
33.0900,340.0725
33.1000,347.7300
33.1100,341.1400
33.1200,351.1150
33.1300,368.9150
33.1400,401.1100
33.1500,384.5025
33.1600,335.6150
33.1700,335.3850
33.1800,372.3000
33.1900,361.0575
33.2000,370.0000
33.2100,377.6450
33.2200,379.1675
33.2300,344.5650
33.2400,342.0100
33.2500,367.5725
33.2600,393.0475
33.2700,402.5650
33.2800,381.0750
33.2900,392.9775
33.3000,407.9875
33.3100,392.4000
33.3200,379.0775
33.3300,377.4300
33.3400,392.2750
33.3500,380.4950
33.3600,362.1075
33.3700,382.4325
33.3800,411.4250
33.3900,392.6800
33.4000,373.5375
33.4100,366.6675
33.4200,376.0100
33.4300,397.7025
33.4400,394.8350
33.4500,399.8200
33.4600,431.5275
33.4700,411.7975
33.4800,397.4250
33.4900,402.5850
33.5000,375.0175
33.5100,333.3325
33.5200,347.5075
33.5300,388.0800
33.5400,402.6375
33.5500,404.3850
33.5600,416.9700
33.5700,400.6625
33.5800,426.3525
33.5900,413.9775
33.6000,416.3900
33.6100,408.9050
33.6200,444.8025
33.6300,478.0325
33.6400,477.2600
33.6500,489.6050
33.6600,489.8300
33.6700,470.4100
33.6800,457.5050
33.6900,450.1150
33.7000,482.1275
33.7100,520.0000
33.7200,517.1175
33.7300,513.8350
33.7400,528.1150
33.7500,552.3975
33.7600,611.8650
33.7700,718.4275
33.7800,835.0450
33.7900,934.9675
33.8000,1086.6350
33.8100,1351.9250
33.8200,1582.0500
33.8300,1864.6475
33.8400,2223.6850
33.8500,2558.4675
33.8600,2791.4450
33.8700,3031.0225
33.8800,3044.4275
33.8900,2883.5750
33.9000,2894.1250
33.9100,2996.7875
33.9200,3131.2800
33.9300,3347.4650
33.9400,3584.6375
33.9500,3717.8450
33.9600,3728.2000
33.9700,3671.2800
33.9800,3446.7700
33.9900,3195.9050
34.0000,3049.0250
34.0100,2768.9925
34.0200,2512.6775
34.0300,2199.2225
34.0400,2027.4050
34.0500,1854.9150
34.0600,1738.3000
34.0700,1670.0975
34.0800,1570.2925
34.0900,1365.3800
34.1000,1170.2350
34.1100,1019.6050
34.1200,892.7075
34.1300,818.7675
34.1400,752.7475
34.1500,664.5950
34.1600,604.9050
34.1700,590.0000
34.1800,581.5575
34.1900,540.6750
34.2000,491.6550
34.2100,485.8300
34.2200,485.8350
34.2300,482.5250
34.2400,459.1175
34.2500,484.1875
34.2600,466.7800
34.2700,448.1650
34.2800,487.4275
34.2900,504.8975
34.3000,516.7450
34.3100,494.4975
34.3200,457.4750
34.3300,464.0300
34.3400,472.6475
34.3500,455.9950
34.3600,446.5275
34.3700,466.2200
34.3800,490.3175
34.3900,473.1650
34.4000,473.8700
34.4100,458.2675
34.4200,499.6150
34.4300,481.3525
34.4400,491.2175
34.4500,460.9175
34.4600,430.8275
34.4700,468.2075
34.4800,480.2475
34.4900,501.0350
34.5000,491.0425
34.5100,489.4200
34.5200,525.1675
34.5300,578.9350
34.5400,582.9000
34.5500,566.9975
34.5600,557.4150
34.5700,554.7800
34.5800,564.9100
34.5900,669.2600
34.6000,690.0000
34.6100,679.7000
34.6200,655.7975
34.6300,710.2300
34.6400,738.6575
34.6500,723.0625
34.6600,780.8475
34.6700,810.6325
34.6800,787.4375
34.6900,830.2450
34.7000,843.3325
34.7100,831.9625
34.7200,795.6650
34.7300,808.9050
34.7400,785.6250
34.7500,821.3800
34.7600,882.2525
34.7700,872.7275
34.7800,737.2600
34.7900,657.1175
34.8000,629.2050
34.8100,612.6475
34.8200,607.9500
34.8300,586.3875
34.8400,538.0800
34.8500,533.6950
34.8600,441.3150
34.8700,432.6625
34.8800,438.0175
34.8900,460.0150
34.9000,413.3675
34.9100,382.0425
34.9200,366.6250
34.9300,378.0325
34.9400,363.4675
34.9500,333.4125
34.9600,309.6300
34.9700,277.6425
34.9800,325.2625
34.9900,335.8950
35.0000,346.6675
35.0100,341.5800
35.0200,323.1650
35.0300,341.7125
35.0400,369.6150
35.0500,393.5375
35.0600,380.0000
35.0700,381.2425
35.0800,384.1925
35.0900,375.7975
35.1000,387.8925
35.1100,379.8950
35.1200,321.8250
35.1300,334.8475
35.1400,356.0625
35.1500,355.7375
35.1600,366.0675
35.1700,360.3525
35.1800,351.4150
35.1900,369.7875
35.2000,345.6825
35.2100,311.7575
35.2200,324.0850
35.2300,340.4275
35.2400,331.2950
35.2500,353.3325
35.2600,348.1700
35.2700,326.1900
35.2800,347.3950
35.2900,366.9100
35.3000,294.5600
35.3100,332.7725
35.3200,328.3225
35.3300,322.7825
35.3400,342.7600
35.3500,368.3700
35.3600,347.1775
35.3700,366.6675
35.3800,363.4025
35.3900,346.1250
35.4000,342.2550
35.4100,335.5925
35.4200,333.7400
35.4300,352.2700
35.4400,344.5500
35.4500,336.4950
35.4600,354.9075
35.4700,365.4200
35.4800,375.1075
35.4900,368.7350
35.5000,373.3100
35.5100,337.1800
35.5200,335.4125
35.5300,312.0300
35.5400,330.4000
35.5500,367.9900
35.5600,359.6650
35.5700,371.6925
35.5800,347.7875
35.5900,373.8250
35.6000,372.7475
35.6100,357.3150
35.6200,400.9700
35.6300,398.4600
35.6400,348.0800
35.6500,340.9675
35.6600,371.4200
35.6700,406.1475
35.6800,441.9225
35.6900,434.7375
35.7000,442.8675
35.7100,449.2625
35.7200,502.9825
35.7300,471.7525
35.7400,431.3950
35.7500,498.3475
35.7600,472.5275
35.7700,514.9325
35.7800,548.0050
35.7900,562.8775
35.8000,608.1850
35.8100,647.4575
35.8200,708.0100
35.8300,792.0100
35.8400,862.0800
35.8500,959.6350
35.8600,1071.2800
35.8700,1069.3975
35.8800,1000.4625
35.8900,1025.4100
35.9000,1012.4975
35.9100,980.0175
35.9200,960.7850
35.9300,993.2750
35.9400,1010.9675
35.9500,980.1175
35.9600,1059.7700
35.9700,1108.6650
35.9800,1114.9875
35.9900,1046.6200
36.0000,997.0600
36.0100,987.1275
36.0200,879.9200
36.0300,796.3975
36.0400,740.2700
36.0500,718.9500
36.0600,729.4850
36.0700,686.8550
36.0800,788.4825
36.0900,747.4050
36.1000,726.2975
36.1100,726.6275
36.1200,747.1550
36.1300,701.7225
36.1400,739.7475
36.1500,713.9200
36.1600,742.7750
36.1700,706.4850
36.1800,675.2700
36.1900,669.2250
36.2000,714.4925
36.2100,670.0850
36.2200,697.2850
36.2300,664.9100
36.2400,592.6775
36.2500,620.9850
36.2600,661.3200
36.2700,666.4600
36.2800,602.3575
36.2900,586.5600
36.3000,521.7325
36.3100,506.6675
36.3200,506.0350
36.3300,498.4350
36.3400,479.2975
36.3500,441.2325
36.3600,454.5550
36.3700,461.8125
36.3800,415.1400
36.3900,425.5725
36.4000,345.1850
36.4100,331.1750
36.4200,345.6650
36.4300,368.2675
36.4400,350.8600
36.4500,360.5675
36.4600,365.2575
36.4700,346.9275
36.4800,315.2725
36.4900,336.9425
36.5000,342.7225
36.5100,371.7150
36.5200,351.9950
36.5300,340.3775
36.5400,378.0800
36.5500,322.6525
36.5600,390.2375
36.5700,350.7775
36.5800,321.5175
36.5900,342.0050
36.6000,365.9225
36.6100,359.3725
36.6200,392.3600
36.6300,380.0000
36.6400,377.8500
36.6500,352.6000
36.6600,387.1350
36.6700,391.4800
36.6800,368.2725
36.6900,387.7300
36.7000,357.5650
36.7100,373.3325
36.7200,417.5825
36.7300,379.2025
36.7400,317.6350
36.7500,287.1625
36.7600,345.4375
36.7700,375.4200
36.7800,357.2825
36.7900,366.6675
36.8000,363.8550
36.8100,319.6025
36.8200,314.1175
36.8300,326.8600
36.8400,327.1275
36.8500,281.5125
36.8600,309.4675
36.8700,356.2975
36.8800,349.8175
36.8900,347.0250
36.9000,350.8525
36.9100,307.1925
36.9200,317.5300
36.9300,333.1625
36.9400,327.9850
36.9500,290.3300
36.9600,299.4400
36.9700,351.8875
36.9800,322.3825
36.9900,304.1125
37.0000,319.3850
37.0100,308.9375
37.0200,353.6875
37.0300,291.7600
37.0400,331.1550
37.0500,354.6800
37.0600,312.3725
37.0700,366.9400
37.0800,372.5250
37.0900,353.0675
37.1000,347.4475
37.1100,365.5150
37.1200,336.5400
37.1300,333.5800
37.1400,337.9450
37.1500,283.3325
37.1600,284.9600
37.1700,330.6825
37.1800,350.5575
37.1900,366.5575
37.2000,363.5475
37.2100,370.0000
37.2200,368.7750
37.2300,330.7000
37.2400,354.2100
37.2500,381.9050
37.2600,334.1700
37.2700,364.0575
37.2800,389.7350
37.2900,380.2575
37.3000,389.6650
37.3100,376.3425
37.3200,363.5700
37.3300,373.2575
37.3400,370.5200
37.3500,393.1175
37.3600,383.7500
37.3700,402.3250
37.3800,353.7225
37.3900,374.5225
37.4000,437.2100
37.4100,466.4350
37.4200,452.4975
37.4300,403.3325
37.4400,403.4350
37.4500,410.3900
37.4600,436.9450
37.4700,456.6675
37.4800,457.2100
37.4900,500.3550
37.5000,530.8900
37.5100,610.3475
37.5200,643.4625
37.5300,656.8175
37.5400,673.3050
37.5500,670.5125
37.5600,738.5300
37.5700,1005.2850
37.5800,1313.6500
37.5900,1370.9500
37.6000,1563.5875
37.6100,1624.0975
37.6200,1840.0750
37.6300,1866.6025
37.6400,1836.8025
37.6500,1930.1125
37.6600,2076.6800
37.6700,2243.2325
37.6800,2349.8625
37.6900,2353.3275
37.7000,2123.9500
37.7100,1947.2625
37.7200,1863.6700
37.7300,1714.0450
37.7400,1593.9850
37.7500,1566.8300
37.7600,1573.2875
37.7700,1540.2500
37.7800,1463.9600
37.7900,1374.1300
37.8000,1198.3525
37.8100,982.2175
37.8200,1055.8300
37.8300,1046.7825
37.8400,957.7725
37.8500,1058.6600
37.8600,1122.4675
37.8700,1231.7550
37.8800,1298.9975
37.8900,1329.5275
37.9000,1448.0325
37.9100,1508.9750
37.9200,1562.3850
37.9300,1628.7700
37.9400,1603.8425
37.9500,1626.2050
37.9600,1574.4250
37.9700,1508.0775
37.9800,1565.3550
37.9900,1579.7000
38.0000,1687.4475
38.0100,1673.7325
38.0200,1491.2550
38.0300,1525.6575
38.0400,1429.2600
38.0500,1342.3075
38.0600,1255.7000
38.0700,1207.9725
38.0800,1145.1475
38.0900,1075.3875
38.1000,1024.8350
38.1100,978.0975
38.1200,947.6075
38.1300,843.4175
38.1400,772.2900
38.1500,821.5525
38.1600,794.3550
38.1700,764.3750
38.1800,740.8275
38.1900,672.5275
38.2000,657.1575
38.2100,659.8750
38.2200,605.4950
38.2300,600.1300
38.2400,612.8075
38.2500,661.3250
38.2600,692.1075
38.2700,741.2575
38.2800,794.4175
38.2900,959.3825
38.3000,1043.1850
38.3100,1209.1550
38.3200,1391.7750
38.3300,1466.8125
38.3400,1533.5850
38.3500,1590.6775
38.3600,1602.8575
38.3700,1600.1600
38.3800,1517.5700
38.3900,1513.3325
38.4000,1627.3050
38.4100,1715.5875
38.4200,1773.7450
38.4300,1792.4625
38.4400,1805.9600
38.4500,1667.8575
38.4600,1571.7300
38.4700,1390.2525
38.4800,1257.2250
38.4900,1193.3750
38.5000,1064.2550
38.5100,1062.9500
38.5200,1025.6625
38.5300,916.6775
38.5400,944.4825
38.5500,952.9325
38.5600,850.0350
38.5700,721.3400
38.5800,660.1950
38.5900,616.0600
38.6000,547.7850
38.6100,530.8575
38.6200,517.5325
38.6300,485.5200
38.6400,452.2075
38.6500,465.5525
38.6600,448.0175
38.6700,474.6200
38.6800,436.3175
38.6900,402.3175
38.7000,396.9000
38.7100,418.3450
38.7200,389.0500
38.7300,395.9450
38.7400,393.5750
38.7500,418.0400
38.7600,438.5175
38.7700,406.0775
38.7800,434.1500
38.7900,378.1575
38.8000,376.4100
38.8100,404.3425
38.8200,409.7400
38.8300,345.5150
38.8400,343.0675
38.8500,361.7300
38.8600,400.1025
38.8700,409.4575
38.8800,400.8200
38.8900,418.3450
38.9000,426.1100
38.9100,405.2950
38.9200,452.1500
38.9300,444.4725
38.9400,482.9400
38.9500,514.0675
38.9600,486.2450
38.9700,462.0525
38.9800,493.4175
38.9900,499.7025
39.0000,490.9000
39.0100,499.0950
39.0200,493.9425
39.0300,484.2525
39.0400,492.4075
39.0500,514.4925
39.0600,504.5850
39.0700,533.5175
39.0800,518.5700
39.0900,456.3875
39.1000,480.1175
39.1100,483.3325
39.1200,420.1775
39.1300,476.4450
39.1400,492.3425
39.1500,490.3325
39.1600,493.0000
39.1700,457.3750
39.1800,495.2550
39.1900,461.1000
39.2000,459.6575
39.2100,471.9525
39.2200,470.3475
39.2300,490.8850
39.2400,526.1300
39.2500,541.9175
39.2600,623.7175
39.2700,654.1600
39.2800,739.9075
39.2900,800.5025
39.3000,771.0425
39.3100,873.4600
39.3200,969.6675
39.3300,950.3775
39.3400,991.0675
39.3500,1029.2025
39.3600,1113.1375
39.3700,1008.1425
39.3800,1005.1400
39.3900,1074.5000
39.4000,1033.2325
39.4100,991.3275
39.4200,995.4950
39.4300,961.3775
39.4400,903.7725
39.4500,832.0650
39.4600,855.6100
39.4700,842.4075
39.4800,866.3700
39.4900,788.0175
39.5000,726.9275
39.5100,772.6275
39.5200,747.8625
39.5300,740.4150
39.5400,845.0225
39.5500,976.6075
39.5600,1205.9875
39.5700,1405.5025
39.5800,1607.4375
39.5900,1743.7875
39.6000,1823.9000
39.6100,1937.8225
39.6200,1953.3325
39.6300,2031.5850
39.6400,2162.0750
39.6500,2174.2125
39.6600,2196.4675
39.6700,2315.5900
39.6800,2408.4125
39.6900,2549.8500
39.7000,2590.1850
39.7100,2391.6400
39.7200,2311.0525
39.7300,2165.2325
39.7400,2057.0825
39.7500,1994.4950
39.7600,1823.0300
39.7700,1681.9175
39.7800,1646.1325
39.7900,1594.6375
39.8000,1426.3725
39.8100,1334.2125
39.8200,1209.0050
39.8300,1110.0300
39.8400,968.2350
39.8500,852.5525
39.8600,802.4675
39.8700,699.8425
39.8800,663.4150
39.8900,665.6875
39.9000,589.9475
39.9100,519.8800
39.9200,478.7900
39.9300,439.3100
39.9400,390.8375
39.9500,420.1375
39.9600,440.8125
39.9700,412.2375
39.9800,378.4175
39.9900,378.9800
40.0000,380.0000
40.0100,422.2775
40.0200,418.7350
40.0300,388.5225
40.0400,403.0200
40.0500,412.2875
40.0600,418.9500
40.0700,394.7450
40.0800,359.1550
40.0900,364.5425
40.1000,358.2675
40.1100,384.6450
40.1200,376.0200
40.1300,412.4450
40.1400,408.8325
40.1500,398.2975
40.1600,405.0300
40.1700,378.8125
40.1800,378.9000
40.1900,380.0000
40.2000,346.6475
40.2100,351.1100
40.2200,358.8825
40.2300,398.8225
40.2400,381.7275
40.2500,382.2050
40.2600,402.7025
40.2700,401.1375
40.2800,394.4750
40.2900,382.2900
40.3000,368.9650
40.3100,399.7475
40.3200,395.6475
40.3300,385.0750
40.3400,331.0725
40.3500,344.7375
40.3600,358.2400
40.3700,349.0225
40.3800,368.6050
40.3900,367.8525
40.4000,355.7125
40.4100,358.8050
40.4200,392.8125
40.4300,372.6775
40.4400,355.7450
40.4500,342.4200
40.4600,359.0825
40.4700,366.0575
40.4800,377.5550
40.4900,409.9200
40.5000,400.3575
40.5100,410.2475
40.5200,437.7600
40.5300,410.7900
40.5400,443.9825
40.5500,483.1200
40.5600,427.7625
40.5700,424.1500
40.5800,453.6850
40.5900,476.2000
40.6000,466.5100
40.6100,482.2050
40.6200,470.5025
40.6300,539.3475
40.6400,535.1475
40.6500,564.9425
40.6600,589.4475
40.6700,604.0675
40.6800,748.8025
40.6900,909.2825
40.7000,1023.0125
40.7100,1120.9300
40.7200,1262.9950
40.7300,1512.4200
40.7400,1740.2025
40.7500,1911.3875
40.7600,2081.9550
40.7700,2047.4075
40.7800,2109.8550
40.7900,2294.9075
40.8000,2296.8000
40.8100,2281.3550
40.8200,2181.8075
40.8300,2276.0000
40.8400,2261.6200
40.8500,2284.4225
40.8600,2370.0650
40.8700,2466.6725
40.8800,2447.0375
40.8900,2296.7500
40.9000,2172.9475
40.9100,2007.6575
40.9200,1748.7425
40.9300,1505.7575
40.9400,1411.9550
40.9500,1336.9250
40.9600,1275.3575
40.9700,1239.7150
40.9800,1188.7575
40.9900,1129.5025
41.0000,1072.1575
41.0100,963.2000
41.0200,868.6950
41.0300,776.8550
41.0400,694.0175
41.0500,614.0650
41.0600,560.1775
41.0700,516.1425
41.0800,496.2575
41.0900,469.9275
41.1000,432.1500
41.1100,407.7525
41.1200,398.1450
41.1300,420.0000
41.1400,431.8475
41.1500,441.1000
41.1600,432.9850
41.1700,417.0750
41.1800,405.5850
41.1900,400.7525
41.2000,387.1050
41.2100,357.5625
41.2200,370.6025
41.2300,366.3725
41.2400,373.6175
41.2500,404.9300
41.2600,364.5525
41.2700,357.6975
41.2800,360.0000
41.2900,352.3150
41.3000,329.5225
41.3100,366.8150
41.3200,395.3350
41.3300,361.6925
41.3400,357.6550
41.3500,362.5500
41.3600,350.5925
41.3700,346.6675
41.3800,364.4750
41.3900,364.9150
41.4000,368.4150
41.4100,370.0000
41.4200,370.0000
41.4300,344.6550
41.4400,331.6025
41.4500,330.0000
41.4600,340.1150
41.4700,368.6025
41.4800,381.7175
41.4900,370.7175
41.5000,366.6675
41.5100,386.8200
41.5200,395.8500
41.5300,384.0900
41.5400,364.9175
41.5500,357.4875
41.5600,381.7650
41.5700,392.5075
41.5800,388.3225
41.5900,366.6350
41.6000,375.0125
41.6100,412.5025
41.6200,403.3475
41.6300,349.2350
41.6400,333.3325
41.6500,358.2600
41.6600,423.9550
41.6700,433.3775
41.6800,355.3900
41.6900,349.8800
41.7000,356.6675
41.7100,383.9625
41.7200,415.6475
41.7300,418.3775
41.7400,436.4725
41.7500,423.5425
41.7600,379.5875
41.7700,369.1375
41.7800,411.9600
41.7900,436.5325
41.8000,442.4650
41.8100,470.4200
41.8200,511.9875
41.8300,513.4975
41.8400,517.3700
41.8500,544.5500
41.8600,565.6000
41.8700,619.0275
41.8800,712.6000
41.8900,784.0575
41.9000,890.4925
41.9100,1033.3075
41.9200,1273.5775
41.9300,1539.4375
41.9400,1702.6550
41.9500,1768.3400
41.9600,1928.5075
41.9700,2107.4025
41.9800,2133.8875
41.9900,2209.2525
42.0000,2259.4175
42.0100,2242.4125
42.0200,2371.4700
42.0300,2418.4900
42.0400,2436.0250
42.0500,2404.6475
42.0600,2426.2400
42.0700,2468.9700
42.0800,2467.9375
42.0900,2388.6075
42.1000,2249.2000
42.1100,1994.8625
42.1200,1889.2825
42.1300,1800.6950
42.1400,1685.9525
42.1500,1590.9450
42.1600,1449.1800
42.1700,1285.9350
42.1800,1208.8775
42.1900,1160.7825
42.2000,1039.1000
42.2100,1015.7750
42.2200,925.4775
42.2300,753.1125
42.2400,697.6175
42.2500,684.7600
42.2600,618.1350
42.2700,598.0875
42.2800,590.4975
42.2900,513.0725
42.3000,476.2175
42.3100,466.2225
42.3200,458.5950
42.3300,449.5675
42.3400,397.0025
42.3500,407.3875
42.3600,427.0850
42.3700,408.7650
42.3800,411.7875
42.3900,452.0050
42.4000,424.2925
42.4100,397.2575
42.4200,402.7350
42.4300,418.4100
42.4400,460.8850
42.4500,439.1450
42.4600,406.9300
42.4700,425.7575
42.4800,439.0075
42.4900,454.0275
42.5000,471.6800
42.5100,518.6850
42.5200,522.6700
42.5300,525.9900
42.5400,546.3025
42.5500,544.0250
42.5600,528.3725
42.5700,507.0675
42.5800,506.9650
42.5900,514.6400
42.6000,528.2575
42.6100,547.2325
42.6200,608.8875
42.6300,672.6550
42.6400,678.4450
42.6500,717.2125
42.6600,704.3575
42.6700,655.4100
42.6800,543.2250
42.6900,488.4875
42.7000,517.8425
42.7100,528.7350
42.7200,512.8850
42.7300,522.7350
42.7400,488.7150
42.7500,476.8750
42.7600,509.7700
42.7700,514.1800
42.7800,425.3975
42.7900,382.0975
42.8000,386.8500
42.8100,380.8750
42.8200,367.5475
42.8300,347.3875
42.8400,378.6925
42.8500,378.4725
42.8600,381.3625
42.8700,377.5825
42.8800,346.1050
42.8900,356.0075
42.9000,366.6675
42.9100,314.5975
42.9200,323.9325
42.9300,326.4375
42.9400,340.3275
42.9500,368.0550
42.9600,383.4325
42.9700,409.2025
42.9800,415.4975
42.9900,447.0850
43.0000,506.0525
43.0100,519.9275
43.0200,471.7675
43.0300,452.2425
43.0400,439.8850
43.0500,446.7725
43.0600,464.5225
43.0700,470.0000
43.0800,474.4700
43.0900,447.6400
43.1000,437.7950
43.1100,435.5400
43.1200,417.7400
43.1300,416.6775
43.1400,433.3450
43.1500,437.7775
43.1600,412.2375
43.1700,375.5875
43.1800,378.8550
43.1900,375.5875
43.2000,374.4275
43.2100,392.1550
43.2200,388.9475
43.2300,385.5425
43.2400,375.6300
43.2500,352.3550
43.2600,319.0900
43.2700,315.4750
43.2800,320.0000
43.2900,306.8075
43.3000,310.9850
43.3100,345.2100
43.3200,357.8050
43.3300,356.6675
43.3400,341.3325
43.3500,320.2000
43.3600,326.4575
43.3700,328.9625
43.3800,346.3200
43.3900,326.1175
43.4000,320.9025
43.4100,328.8450
43.4200,330.0000
43.4300,343.0525
43.4400,356.5225
43.4500,364.3450
43.4600,377.5200
43.4700,394.1775
43.4800,378.3275
43.4900,351.5075
43.5000,341.1700
43.5100,350.8100
43.5200,337.2225
43.5300,326.6675
43.5400,330.9800
43.5500,374.2900
43.5600,385.8975
43.5700,349.8675
43.5800,307.5250
43.5900,299.7800
43.6000,335.5425
43.6100,374.7900
43.6200,408.1075
43.6300,392.1475
43.6400,415.2000
43.6500,438.8050
43.6600,425.0375
43.6700,420.9375
43.6800,419.0650
43.6900,420.9325
43.7000,453.1675
43.7100,487.0350
43.7200,469.0075
43.7300,455.4600
43.7400,477.9125
43.7500,483.6325
43.7600,480.0000
43.7700,490.5975
43.7800,486.0775
43.7900,463.0700
43.8000,463.9075
43.8100,482.6800
43.8200,513.2275
43.8300,530.8875
43.8400,503.8175
43.8500,499.3075
43.8600,529.8225
43.8700,524.4025
43.8800,492.3150
43.8900,524.1050
43.9000,541.6050
43.9100,530.3750
43.9200,547.6200
43.9300,530.6850
43.9400,507.0575
43.9500,501.2425
43.9600,552.2275
43.9700,633.4325
43.9800,665.4200
43.9900,716.6900
44.0000,723.7575
44.0100,701.6750
44.0200,744.4950
44.0300,850.2175
44.0400,890.4375
44.0500,907.4150
44.0600,980.1225
44.0700,1089.1750
44.0800,1137.4725
44.0900,1084.1500
44.1000,1081.0025
44.1100,1137.1750
44.1200,1201.2750
44.1300,1193.6725
44.1400,1156.8475
44.1500,1128.1350
44.1600,1077.5750
44.1700,1026.6075
44.1800,968.9125
44.1900,965.9150
44.2000,932.8225
44.2100,895.1350
44.2200,916.6250
44.2300,898.5425
44.2400,882.8025
44.2500,898.9275
44.2600,906.6675
44.2700,922.9900
44.2800,894.5950
44.2900,808.8825
44.3000,780.1775
44.3100,782.5975
44.3200,755.6075
44.3300,729.8450
44.3400,725.3625
44.3500,751.0025
44.3600,703.8450
44.3700,669.4075
44.3800,679.4025
44.3900,677.2675
44.4000,661.2125
44.4100,619.0125
44.4200,572.4600
44.4300,556.6675
44.4400,562.7100
44.4500,530.4375
44.4600,494.6000
44.4700,482.6475
44.4800,500.0825
44.4900,475.2075
44.5000,458.0200
44.5100,447.3050
44.5200,434.6650
44.5300,437.3350
44.5400,434.0025
44.5500,416.0175
44.5600,402.6750
44.5700,372.0775
44.5800,359.3125
44.5900,371.3000
44.6000,372.6875
44.6100,334.2075
44.6200,308.0125
44.6300,320.5650
44.6400,343.8875
44.6500,347.3850
44.6600,339.3725
44.6700,344.5850
44.6800,346.0450
44.6900,339.3800
44.7000,350.4925
44.7100,361.9725
44.7200,349.5275
44.7300,336.0575
44.7400,345.1475
44.7500,371.0425
44.7600,373.5025
44.7700,362.7375
44.7800,358.0375
44.7900,348.8200
44.8000,329.6125
44.8100,339.5875
44.8200,359.2050
44.8300,384.8475
44.8400,415.6350
44.8500,422.7600
44.8600,447.3200
44.8700,501.7675
44.8800,550.0500
44.8900,539.4075
44.9000,492.7600
44.9100,461.6675
44.9200,428.0775
44.9300,411.9425
44.9400,395.8750
44.9500,383.3325
44.9600,427.8825
44.9700,458.0650
44.9800,479.8750
44.9900,494.7350
45.0000,470.1600
45.0100,428.2475
45.0200,408.0725
45.0300,424.0075
45.0400,434.7425
45.0500,408.3225
45.0600,374.6200
45.0700,380.6225
45.0800,372.2175
45.0900,377.7675
45.1000,395.2500
45.1100,375.5975
45.1200,354.2575
45.1300,342.3500
45.1400,329.0225
45.1500,334.7925
45.1600,339.5175
45.1700,340.4800
45.1800,337.6175
45.1900,316.1975
45.2000,303.3325
45.2100,284.3225
45.2200,279.5000
45.2300,305.6500
45.2400,308.6175
45.2500,301.8950
45.2600,314.6975
45.2700,319.5475
45.2800,312.8850
45.2900,319.4500
45.3000,326.6675
45.3100,332.3275
45.3200,340.4375
45.3300,335.7950
45.3400,309.2875
45.3500,323.4375
45.3600,361.7075
45.3700,365.8175
45.3800,346.8575
45.3900,346.0475
45.4000,345.8350
45.4100,341.8725
45.4200,326.4875
45.4300,333.9100
45.4400,351.8700
45.4500,355.2000
45.4600,345.4675
45.4700,332.9375
45.4800,348.6375
45.4900,331.6750
45.5000,295.5000
45.5100,292.2450
45.5200,313.3900
45.5300,317.3825
45.5400,326.7000
45.5500,345.5625
45.5600,357.4100
45.5700,355.9275
45.5800,309.3000
45.5900,308.0950
45.6000,344.4175
45.6100,340.4125
45.6200,318.9325
45.6300,317.3725
45.6400,303.0725
45.6500,306.9125
45.6600,338.0475
45.6700,368.3800
45.6800,372.3150
45.6900,359.6625
45.7000,376.8400
45.7100,376.8400
45.7200,368.8275
45.7300,395.2925
45.7400,409.6750
45.7500,401.1850
45.7600,396.6675
45.7700,400.3150
45.7800,412.4500
45.7900,401.7800
45.8000,390.3075
45.8100,393.3325
45.8200,380.6075
45.8300,379.0825
45.8400,415.7125
45.8500,432.7450
45.8600,419.4150
45.8700,426.0125
45.8800,465.6275
45.8900,520.7500
45.9000,535.8225
45.9100,512.2175
45.9200,494.5850
45.9300,493.6075
45.9400,475.0400
45.9500,447.6625
45.9600,429.2025
45.9700,443.3800
45.9800,502.8700
45.9900,506.1375
46.0000,467.4375
46.0100,492.5325
46.0200,525.1250
46.0300,492.6425
46.0400,457.9650
46.0500,456.9100
46.0600,411.7550
46.0700,373.5700
46.0800,371.3150
46.0900,366.6675
46.1000,366.6675
46.1100,379.1300
46.1200,386.4425
46.1300,370.8875
46.1400,349.3400
46.1500,361.3050
46.1600,353.3875
46.1700,338.8650
46.1800,355.5250
46.1900,347.4000
46.2000,324.4875
46.2100,309.5950
46.2200,315.7000
46.2300,312.5450
46.2400,284.1225
46.2500,268.2375
46.2600,294.8525
46.2700,323.5200
46.2800,307.3175
46.2900,282.9675
46.3000,292.4775
46.3100,285.6025
46.3200,271.9300
46.3300,262.6425
46.3400,276.2750
46.3500,296.5000
46.3600,300.3300
46.3700,325.8950
46.3800,338.0925
46.3900,324.6050
46.4000,316.6675
46.4100,314.9225
46.4200,325.5275
46.4300,331.4450
46.4400,314.4900
46.4500,303.3325
46.4600,299.8600
46.4700,303.6100
46.4800,315.2025
46.4900,320.0000
46.5000,339.0525
46.5100,323.7800
46.5200,334.8475
46.5300,361.2325
46.5400,337.9075
46.5500,349.1075
46.5600,387.2500
46.5700,377.4775
46.5800,324.0500
46.5900,322.4875
46.6000,367.3075
46.6100,383.2275
46.6200,386.8700
46.6300,391.6175
46.6400,376.2775
46.6500,358.1900
46.6600,343.0550
46.6700,338.4700
46.6800,338.2025
46.6900,340.1725
46.7000,353.5000
46.7100,334.3925
46.7200,330.4725
46.7300,358.5250
46.7400,336.0000
46.7500,298.1550
46.7600,298.5075
46.7700,311.7675
46.7800,314.9675
46.7900,306.5425
46.8000,328.8425
46.8100,353.2750
46.8200,334.7500
46.8300,320.0000
46.8400,325.0750
46.8500,330.0000
46.8600,309.7225
46.8700,295.0650
46.8800,311.8125
46.8900,323.3325
46.9000,304.7975
46.9100,281.6150
46.9200,286.7650
46.9300,328.6200
46.9400,343.1950
46.9500,323.3075
46.9600,314.9650
46.9700,276.4550
46.9800,271.8275
46.9900,321.7750
47.0000,328.2700
47.0100,303.2975
47.0200,310.0500
47.0300,340.0300
47.0400,360.0100
47.0500,366.6675
47.0600,356.6650
47.0700,335.0050
47.0800,321.6675
47.0900,336.6375
47.1000,356.6575
47.1100,353.3550
47.1200,351.6475
47.1300,351.6875
47.1400,364.9075
47.1500,408.1900
47.1600,458.1750
47.1700,486.6425
47.1800,488.3450
47.1900,491.6250
47.2000,528.0475
47.2100,574.8550
47.2200,580.1025
47.2300,571.6475
47.2400,578.2750
47.2500,614.6125
47.2600,641.7300
47.2700,636.6675
47.2800,646.5250
47.2900,648.4575
47.3000,638.3600
47.3100,613.7100
47.3200,563.7800
47.3300,548.1300
47.3400,599.2775
47.3500,620.3750
47.3600,577.1175
47.3700,556.6000
47.3800,548.5750
47.3900,530.1425
47.4000,505.4025
47.4100,463.8600
47.4200,444.8850
47.4300,474.4050
47.4400,470.7325
47.4500,430.2500
47.4600,420.0000
47.4700,403.7725
47.4800,394.7750
47.4900,395.2300
47.5000,368.8500
47.5100,335.4325
47.5200,328.0875
47.5300,331.8175
47.5400,331.5125
47.5500,338.2800
47.5600,357.7475
47.5700,360.5425
47.5800,346.5550
47.5900,329.0650
47.6000,322.7600
47.6100,344.8250
47.6200,337.1425
47.6300,316.9075
47.6400,330.8700
47.6500,353.3325
47.6600,338.9050
47.6700,332.9475
47.6800,343.3325
47.6900,357.7350
47.7000,363.7375
47.7100,337.3500
47.7200,320.0000
47.7300,331.1725
47.7400,341.7375
47.7500,332.0300
47.7600,332.8925
47.7700,357.6625
47.7800,363.7850
47.7900,361.2850
47.8000,363.6425
47.8100,356.6675
47.8200,363.0150
47.8300,352.5500
47.8400,341.2600
47.8500,323.0675
47.8600,304.4175
47.8700,338.8200
47.8800,352.2650
47.8900,319.4550
47.9000,312.4600
47.9100,330.0000
47.9200,330.0000
47.9300,336.3050
47.9400,349.6350
47.9500,334.6225
47.9600,311.5725
47.9700,321.1975
47.9800,314.2825
47.9900,291.9550
48.0000,292.9450
48.0100,309.4125
48.0200,324.7025
48.0300,336.2675
48.0400,329.2400
48.0500,308.6375
48.0600,283.0000
48.0700,280.3200
48.0800,325.2025
48.0900,360.9275
48.1000,367.0925
48.1100,367.7975
48.1200,368.8750
48.1300,360.0000
48.1400,350.6600
48.1500,336.8900
48.1600,334.8875
48.1700,338.2200
48.1800,366.3975
48.1900,392.0100
48.2000,391.3200
48.2100,413.7150
48.2200,434.8825
48.2300,428.9250
48.2400,427.7350
48.2500,449.0375
48.2600,460.2425
48.2700,422.6900
48.2800,400.3125
48.2900,440.0550
48.3000,451.0000
48.3100,433.5850
48.3200,463.8775
48.3300,512.5675
48.3400,520.2575
48.3500,542.7975
48.3600,573.3325
48.3700,588.6875
48.3800,629.6825
48.3900,656.6675
48.4000,642.8725
48.4100,628.1975
48.4200,640.7150
48.4300,656.3925
48.4400,656.9425
48.4500,648.7475
48.4600,654.0250
48.4700,678.8775
48.4800,710.1150
48.4900,711.7050
48.5000,699.1425
48.5100,706.9550
48.5200,701.8125
48.5300,706.0850
48.5400,670.7650
48.5500,586.5725
48.5600,545.1475
48.5700,543.3325
48.5800,553.9500
48.5900,548.4750
48.6000,537.2725
48.6100,537.8875
48.6200,521.8200
48.6300,504.8750
48.6400,480.6200
48.6500,480.8875
48.6600,471.8825
48.6700,437.9275
48.6800,409.7600
48.6900,375.2450
48.7000,341.2825
48.7100,329.6775
48.7200,330.3250
48.7300,320.6500
48.7400,316.3400
48.7500,313.9900
48.7600,296.1575
48.7700,298.3400
48.7800,313.6675
48.7900,314.4975
48.8000,330.4875
48.8100,347.8250
48.8200,347.3475
48.8300,337.0100
48.8400,309.4175
48.8500,290.4575
48.8600,315.2775
48.8700,334.4775
48.8800,335.5250
48.8900,318.0750
48.9000,309.2925
48.9100,341.9775
48.9200,367.3800
48.9300,345.1275
48.9400,325.1800
48.9500,344.1325
48.9600,395.2425
48.9700,422.2150
48.9800,403.3175
48.9900,414.8325
49.0000,491.4850
49.0100,516.6775
49.0200,471.4925
49.0300,452.2300
49.0400,464.4075
49.0500,488.1450
49.0600,473.7550
49.0700,456.2850
49.0800,443.7725
49.0900,408.5900
49.1000,422.4200
49.1100,463.3325
49.1200,455.9725
49.1300,458.4375
49.1400,465.9800
49.1500,475.7725
49.1600,511.7525
49.1700,523.7300
49.1800,527.3375
49.1900,513.2025
49.2000,468.6750
49.2100,439.7450
49.2200,448.6300
49.2300,473.7400
49.2400,467.0750
49.2500,492.5725
49.2600,518.3100
49.2700,498.9525
49.2800,493.3325
49.2900,468.5325
49.3000,449.7900
49.3100,466.6675
49.3200,473.9500
49.3300,476.0550
49.3400,466.6675
49.3500,468.1200
49.3600,487.4425
49.3700,514.3575
49.3800,508.3825
49.3900,478.8200
49.4000,451.2975
49.4100,434.2000
49.4200,425.2175
49.4300,443.6100
49.4400,454.0775
49.4500,428.9925
49.4600,403.0875
49.4700,395.4550
49.4800,412.7775
49.4900,390.3375
49.5000,377.6625
49.5100,393.4300
49.5200,382.1575
49.5300,335.5900
49.5400,329.6275
49.5500,352.4250
49.5600,348.4900
49.5700,352.0275
49.5800,366.6050
49.5900,336.0950
49.6000,313.3325
49.6100,323.3800
49.6200,346.7075
49.6300,348.5300
49.6400,331.9000
49.6500,330.0000
49.6600,319.9800
49.6700,298.0825
49.6800,295.2475
49.6900,296.6600
49.7000,299.0500
49.7100,304.2925
49.7200,291.8975
49.7300,319.0250
49.7400,328.5925
49.7500,326.1600
49.7600,347.6075
49.7700,340.5200
49.7800,324.7575
49.7900,322.4000
49.8000,305.2925
49.8100,295.6850
49.8200,310.4350
49.8300,329.9375
49.8400,329.1425
49.8500,298.6550
49.8600,294.6750
49.8700,319.9175
49.8800,329.0850
49.8900,321.9175
49.9000,308.6800
49.9100,298.9900
49.9200,310.9075
49.9300,312.4275
49.9400,303.8425
49.9500,307.0575
49.9600,320.9000
49.9700,326.6675
49.9800,326.6675
49.9900,326.6675
50.0000,326.6675
