#Intensity_unit=cps
#Attenuator_coefficient=1.0000
10.0000,904.7500
10.0100,833.2225
10.0200,814.5300
10.0300,807.2675
10.0400,718.7450
10.0500,791.8275
10.0600,839.3825
10.0700,897.8425
10.0800,873.0625
10.0900,776.1950
10.1000,784.8150
10.1100,828.9975
10.1200,781.9525
10.1300,806.8800
10.1400,846.2400
10.1500,834.9050
10.1600,854.4575
10.1700,868.7325
10.1800,876.0300
10.1900,882.6950
10.2000,844.1650
10.2100,867.1050
10.2200,879.0325
10.2300,813.7925
10.2400,809.6750
10.2500,873.1475
10.2600,867.9775
10.2700,872.6750
10.2800,852.3100
10.2900,886.0250
10.3000,823.9775
10.3100,804.6675
10.3200,848.3125
10.3300,883.3075
10.3400,826.7450
10.3500,822.9950
10.3600,805.3700
10.3700,803.3325
10.3800,866.1500
10.3900,867.3525
10.4000,857.7000
10.4100,793.9275
10.4200,798.6125
10.4300,871.6425
10.4400,903.8700
10.4500,796.3075
10.4600,771.4075
10.4700,799.8025
10.4800,791.4175
10.4900,852.5325
10.5000,824.2825
10.5100,906.2825
10.5200,895.8475
10.5300,851.7150
10.5400,760.4925
10.5500,791.5850
10.5600,761.0375
10.5700,777.4400
10.5800,806.6975
10.5900,780.3475
10.6000,832.9825
10.6100,807.4100
10.6200,776.6800
10.6300,826.6175
10.6400,824.4575
10.6500,805.5875
10.6600,815.1600
10.6700,855.0850
10.6800,792.0600
10.6900,783.3325
10.7000,815.7975
10.7100,825.9000
10.7200,853.2050
10.7300,841.9300
10.7400,916.6025
10.7500,876.6025
10.7600,825.8450
10.7700,778.8050
10.7800,788.0400
10.7900,881.1350
10.8000,908.0250
10.8100,813.0700
10.8200,808.8075
10.8300,777.7175
10.8400,761.6000
10.8500,847.9625
10.8600,813.1075
10.8700,753.9350
10.8800,746.6675
10.8900,796.4250
10.9000,841.3675
10.9100,802.8025
10.9200,837.5900
10.9300,805.3500
10.9400,832.1250
10.9500,804.5575
10.9600,785.4100
10.9700,809.5825
10.9800,807.5025
10.9900,774.6150
11.0000,775.8250
11.0100,823.2450
11.0200,803.8100
11.0300,802.9075
11.0400,777.1675
11.0500,764.6150
11.0600,806.9025
11.0700,758.1725
11.0800,822.5475
11.0900,807.2275
11.1000,794.6350
11.1100,810.7200
11.1200,807.5400
11.1300,792.1900
11.1400,807.3625
11.1500,827.3550
11.1600,795.3050
11.1700,784.2200
11.1800,841.1025
11.1900,809.5800
11.2000,811.9900
11.2100,839.2925
11.2200,756.8400
11.2300,711.6350
11.2400,726.8300
11.2500,787.5800
11.2600,805.3000
11.2700,815.2950
11.2800,799.4175
11.2900,747.8150
11.3000,728.5100
11.3100,749.6325
11.3200,807.8525
11.3300,853.9525
11.3400,834.2000
11.3500,778.4225
11.3600,770.0000
11.3700,775.7250
11.3800,736.6100
11.3900,730.0000
11.4000,715.7075
11.4100,779.0475
11.4200,804.2775
11.4300,786.6875
11.4400,823.2750
11.4500,835.7025
11.4600,796.7650
11.4700,755.8150
11.4800,781.3200
11.4900,803.7425
11.5000,781.0650
11.5100,719.8025
11.5200,741.2600
11.5300,797.7925
11.5400,775.4375
11.5500,767.1625
11.5600,814.8825
11.5700,755.2975
11.5800,712.1675
11.5900,740.6500
11.6000,766.4800
11.6100,829.4125
11.6200,893.7275
11.6300,858.1125
11.6400,737.0050
11.6500,711.0200
11.6600,721.2875
11.6700,743.0775
11.6800,780.4975
11.6900,764.1250
11.7000,776.8975
11.7100,774.3700
11.7200,762.0800
11.7300,785.3075
11.7400,770.3250
11.7500,808.8050
11.7600,794.2050
11.7700,848.9325
11.7800,817.9275
11.7900,751.1275
11.8000,695.1675
11.8100,748.2800
11.8200,829.9775
11.8300,809.7625
11.8400,797.7400
11.8500,763.1300
11.8600,742.7000
11.8700,751.1675
11.8800,739.3800
11.8900,775.7125
11.9000,783.3325
11.9100,786.1200
11.9200,744.8975
11.9300,728.3175
11.9400,723.8850
11.9500,753.9150
11.9600,771.1150
11.9700,809.4375
11.9800,849.9775
11.9900,815.0525
12.0000,765.0725
12.0100,745.5800
12.0200,743.3325
12.0300,729.4900
12.0400,732.2000
12.0500,719.5050
12.0600,791.2950
12.0700,823.2425
12.0800,774.2075
12.0900,732.9775
12.1000,732.1825
12.1100,752.6300
12.1200,753.9125
12.1300,698.2625
12.1400,749.9650
12.1500,785.3375
12.1600,765.2575
12.1700,732.5225
12.1800,712.9350
12.1900,740.1900
12.2000,804.2725
12.2100,750.8675
12.2200,736.6675
12.2300,780.4850
12.2400,762.6300
12.2500,762.1375
12.2600,730.5250
12.2700,693.2750
12.2800,733.0950
12.2900,756.9800
12.3000,724.5350
12.3100,746.6575
12.3200,747.8825
12.3300,733.0500
12.3400,765.3850
12.3500,732.5275
12.3600,747.8025
12.3700,791.3775
12.3800,808.1475
12.3900,763.8550
12.4000,728.9175
12.4100,701.6425
12.4200,718.3450
12.4300,726.0425
12.4400,759.1475
12.4500,772.0775
12.4600,719.2600
12.4700,722.8800
12.4800,780.6775
12.4900,731.2575
12.5000,708.5750
12.5100,730.9300
12.5200,712.4175
12.5300,752.4450
12.5400,744.4950
12.5500,761.5175
12.5600,777.4200
12.5700,774.6275
12.5800,770.6475
12.5900,783.4175
12.6000,741.0750
12.6100,748.7625
12.6200,747.9750
12.6300,762.7300
12.6400,830.8825
12.6500,841.3175
12.6600,821.2925
12.6700,752.5625
12.6800,736.6675
12.6900,752.6725
12.7000,711.3400
12.7100,697.3350
12.7200,723.2975
12.7300,724.6775
12.7400,707.3725
12.7500,729.9175
12.7600,779.1750
12.7700,774.0675
12.7800,698.3525
12.7900,658.7825
12.8000,695.7400
12.8100,802.0250
12.8200,776.3675
12.8300,736.8775
12.8400,714.1350
12.8500,688.8600
12.8600,699.1800
12.8700,708.6125
12.8800,765.3925
12.8900,785.2725
12.9000,726.0725
12.9100,641.5450
12.9200,689.1150
12.9300,751.3725
12.9400,779.1025
12.9500,722.9250
12.9600,711.9175
12.9700,710.7100
12.9800,691.6475
12.9900,676.1875
13.0000,668.0975
13.0100,700.6850
13.0200,702.1550
13.0300,757.4975
13.0400,671.4675
13.0500,674.6575
13.0600,693.7675
13.0700,667.9875
13.0800,683.4500
13.0900,749.8875
13.1000,727.6325
13.1100,706.2650
13.1200,698.1350
13.1300,722.6400
13.1400,730.0000
13.1500,698.8725
13.1600,705.5550
13.1700,741.0900
13.1800,716.3425
13.1900,688.5550
13.2000,709.1925
13.2100,703.7450
13.2200,658.6800
13.2300,641.5050
13.2400,634.8425
13.2500,615.2900
13.2600,633.1825
13.2700,652.8725
13.2800,669.5300
13.2900,711.8975
13.3000,684.7925
13.3100,670.7650
13.3200,680.2650
13.3300,719.2350
13.3400,683.8700
13.3500,693.0500
13.3600,705.1200
13.3700,686.2050
13.3800,641.6600
13.3900,627.4450
13.4000,639.4300
13.4100,648.4350
13.4200,637.2525
13.4300,651.1675
13.4400,669.3975
13.4500,645.3450
13.4600,646.8375
13.4700,637.2950
13.4800,640.9525
13.4900,656.0225
13.5000,670.1450
13.5100,675.8675
13.5200,701.9925
13.5300,679.6300
13.5400,647.2375
13.5500,685.4950
13.5600,697.4750
13.5700,691.6175
13.5800,695.0450
13.5900,631.1275
13.6000,632.6725
13.6100,665.1725
13.6200,683.3950
13.6300,679.1250
13.6400,631.4475
13.6500,649.3025
13.6600,654.9825
13.6700,635.7825
13.6800,609.9575
13.6900,600.8300
13.7000,650.0400
13.7100,651.6650
13.7200,659.1600
13.7300,728.2525
13.7400,754.9900
13.7500,684.3575
13.7600,667.4750
13.7700,702.3700
13.7800,685.9625
13.7900,671.6925
13.8000,692.3625
13.8100,675.1700
13.8200,651.7775
13.8300,683.8625
13.8400,664.4525
13.8500,613.7150
13.8600,604.9500
13.8700,646.2300
13.8800,662.4700
13.8900,650.9875
13.9000,604.7175
13.9100,644.2475
13.9200,673.1900
13.9300,627.4200
13.9400,578.0125
13.9500,571.5850
13.9600,612.6475
13.9700,611.9350
13.9800,648.3775
13.9900,687.8525
14.0000,650.1150
14.0100,643.1275
14.0200,658.9000
14.0300,687.7825
14.0400,686.8950
14.0500,676.0100
14.0600,687.9700
14.0700,639.7000
14.0800,607.8200
14.0900,644.7175
14.1000,623.5125
14.1100,610.0000
14.1200,651.2925
14.1300,707.9300
14.1400,725.7600
14.1500,658.8025
14.1600,604.2700
14.1700,615.1150
14.1800,681.3750
14.1900,669.5000
14.2000,615.6150
14.2100,602.4125
14.2200,632.2700
14.2300,672.2475
14.2400,678.5175
14.2500,659.8250
14.2600,638.9075
14.2700,630.9300
14.2800,632.4000
14.2900,654.9225
14.3000,663.3325
14.3100,660.9375
14.3200,616.9175
14.3300,647.8325
14.3400,683.3950
14.3500,697.1650
14.3600,678.5225
14.3700,681.9225
14.3800,643.7775
14.3900,593.3350
14.4000,591.8950
14.4100,615.6850
14.4200,637.5850
14.4300,674.1900
14.4400,686.6675
14.4500,629.7850
14.4600,616.1400
14.4700,620.0000
14.4800,631.8225
14.4900,660.2950
14.5000,613.3350
14.5100,604.1550
14.5200,659.5050
14.5300,649.3775
14.5400,577.8225
14.5500,553.3325
14.5600,569.7850
14.5700,637.7225
14.5800,618.7500
14.5900,611.7225
14.6000,621.3525
14.6100,649.0850
14.6200,648.3050
14.6300,643.3325
14.6400,617.6425
14.6500,594.9975
14.6600,587.6675
14.6700,630.9375
14.6800,647.6725
14.6900,604.7925
14.7000,600.6125
14.7100,634.5375
14.7200,621.1375
14.7300,626.2325
14.7400,633.3325
14.7500,603.2350
14.7600,601.5675
14.7700,622.8475
14.7800,597.6625
14.7900,578.7175
14.8000,597.4200
14.8100,590.5375
14.8200,585.6350
14.8300,595.8675
14.8400,600.0000
14.8500,595.4075
14.8600,623.1675
14.8700,627.4950
14.8800,614.1675
14.8900,552.7675
14.9000,586.1425
14.9100,633.9050
14.9200,652.4675
14.9300,622.4375
14.9400,599.8275
14.9500,594.3875
14.9600,572.8475
14.9700,592.9000
14.9800,588.4875
14.9900,589.0825
15.0000,609.2150
15.0100,662.0050
15.0200,674.2725
15.0300,658.6850
15.0400,644.2875
15.0500,630.9625
15.0600,617.6375
15.0700,624.6125
15.0800,627.7450
15.0900,660.4450
15.1000,687.9175
15.1100,682.0925
15.1200,633.9875
15.1300,687.3950
15.1400,660.5450
15.1500,647.9250
15.1600,690.2475
15.1700,670.8775
15.1800,604.1675
15.1900,660.3875
15.2000,700.0000
15.2100,679.9375
15.2200,663.3175
15.2300,637.7475
15.2400,655.5725
15.2500,712.2100
15.2600,697.8200
15.2700,633.4275
15.2800,592.2725
15.2900,589.9750
15.3000,613.2425
15.3100,603.4425
15.3200,593.3325
15.3300,630.8400
15.3400,667.6350
15.3500,700.8925
15.3600,664.9225
15.3700,635.6025
15.3800,631.1375
15.3900,656.3375
15.4000,645.8800
15.4100,578.5600
15.4200,541.2450
15.4300,573.8475
15.4400,602.0750
15.4500,576.1025
15.4600,570.9075
15.4700,585.3850
15.4800,605.2425
15.4900,576.3500
15.5000,563.1875
15.5100,581.8675
15.5200,568.3025
15.5300,589.1825
15.5400,621.8275
15.5500,604.0325
15.5600,555.4100
15.5700,577.7075
15.5800,597.8425
15.5900,592.3550
15.6000,583.5375
15.6100,564.9350
15.6200,578.1700
15.6300,549.1825
15.6400,526.6675
15.6500,539.5325
15.6600,591.6575
15.6700,603.8225
15.6800,577.4200
15.6900,575.2125
15.7000,562.9225
15.7100,508.5475
15.7200,504.6400
15.7300,540.0825
15.7400,551.2075
15.7500,560.6250
15.7600,562.4200
15.7700,521.8225
15.7800,536.0225
15.7900,609.5900
15.8000,620.9650
15.8100,601.5475
15.8200,586.1125
15.8300,586.3275
15.8400,571.0350
15.8500,545.2650
15.8600,559.8025
15.8700,562.8275
15.8800,541.9725
15.8900,560.5975
15.9000,570.3800
15.9100,558.2925
15.9200,549.1500
15.9300,567.5600
15.9400,563.3025
15.9500,584.6125
15.9600,595.0000
15.9700,546.2900
15.9800,538.7150
15.9900,560.3875
16.0000,597.7975
16.0100,600.0800
16.0200,573.4275
16.0300,569.5425
16.0400,565.0625
16.0500,551.7375
16.0600,563.1750
16.0700,583.6400
16.0800,590.0000
16.0900,575.5975
16.1000,566.6675
16.1100,574.8800
16.1200,575.8975
16.1300,583.5800
16.1400,573.6200
16.1500,549.0150
16.1600,560.4350
16.1700,571.2925
16.1800,557.7625
16.1900,560.1875
16.2000,595.1625
16.2100,554.3675
16.2200,551.2000
16.2300,571.3050
16.2400,596.3550
16.2500,564.7275
16.2600,529.2875
16.2700,565.0700
16.2800,563.7500
16.2900,520.4425
16.3000,509.3800
16.3100,517.3600
16.3200,538.1000
16.3300,574.1100
16.3400,575.9500
16.3500,544.6125
16.3600,507.9675
16.3700,517.3450
16.3800,543.3275
16.3900,528.0350
16.4000,523.3075
16.4100,551.9200
16.4200,574.6300
16.4300,578.0100
16.4400,544.8800
16.4500,519.3650
16.4600,508.7350
16.4700,473.6250
16.4800,508.7325
16.4900,560.5025
16.5000,542.3575
16.5100,499.6650
16.5200,479.3925
16.5300,525.8750
16.5400,554.1000
16.5500,528.3925
16.5600,521.1825
16.5700,520.7875
16.5800,530.3725
16.5900,561.5150
16.6000,586.4375
16.6100,562.1025
16.6200,571.1975
16.6300,591.3850
16.6400,566.6525
16.6500,540.2825
16.6600,517.8000
16.6700,524.1225
16.6800,523.1050
16.6900,528.8175
16.7000,551.6000
16.7100,552.2750
16.7200,546.6675
16.7300,531.2500
16.7400,533.4750
16.7500,522.1800
16.7600,498.9825
16.7700,512.5225
16.7800,519.0000
16.7900,515.2475
16.8000,537.7050
16.8100,534.2275
16.8200,476.1050
16.8300,502.4300
16.8400,542.8575
16.8500,547.6100
16.8600,519.1325
16.8700,523.7025
16.8800,535.2900
16.8900,536.1350
16.9000,524.4150
16.9100,506.2200
16.9200,505.2200
16.9300,504.7800
16.9400,512.7500
16.9500,535.0500
16.9600,563.5800
16.9700,574.7900
16.9800,548.9575
16.9900,511.2700
17.0000,534.0825
17.0100,546.5150
17.0200,542.6675
17.0300,550.0000
17.0400,527.6500
17.0500,545.3450
17.0600,547.3175
17.0700,506.2500
17.0800,482.5850
17.0900,511.8525
17.1000,541.8500
17.1100,550.7250
17.1200,536.3650
17.1300,510.7825
17.1400,484.9200
17.1500,455.2850
17.1600,454.3550
17.1700,489.0225
17.1800,508.1675
17.1900,492.0200
17.2000,490.9725
17.2100,494.5200
17.2200,460.8100
17.2300,474.9350
17.2400,493.9250
17.2500,468.7900
17.2600,492.9850
17.2700,555.9825
17.2800,541.6650
17.2900,504.8575
17.3000,525.0225
17.3100,527.0850
17.3200,495.3025
17.3300,490.8050
17.3400,519.7875
17.3500,527.6825
17.3600,546.9200
17.3700,535.9425
17.3800,481.6025
17.3900,470.7300
17.4000,497.8600
17.4100,513.3325
17.4200,516.8975
17.4300,530.6775
17.4400,548.8875
17.4500,526.4850
17.4600,480.4950
17.4700,465.1050
17.4800,470.2050
17.4900,494.5350
17.5000,525.6850
17.5100,541.9550
17.5200,544.9075
17.5300,502.8950
17.5400,471.9350
17.5500,490.6975
17.5600,520.8500
17.5700,540.1650
17.5800,536.3425
17.5900,517.7825
17.6000,499.6950
17.6100,514.2250
17.6200,517.6850
17.6300,510.2800
17.6400,518.4000
17.6500,518.2675
17.6600,539.1575
17.6700,565.1850
17.6800,530.3075
17.6900,501.9525
17.7000,522.0500
17.7100,519.5800
17.7200,513.5350
17.7300,521.7150
17.7400,513.0575
17.7500,489.6475
17.7600,486.9175
17.7700,505.1975
17.7800,508.2200
17.7900,537.3725
17.8000,563.2000
17.8100,536.2950
17.8200,501.4075
17.8300,469.7350
17.8400,483.7725
17.8500,530.2225
17.8600,534.8600
17.8700,511.5425
17.8800,481.4950
17.8900,465.0125
17.9000,466.6675
17.9100,486.7750
17.9200,489.9325
17.9300,485.0325
17.9400,533.3875
17.9500,571.6675
17.9600,561.6800
17.9700,540.0250
17.9800,530.0000
17.9900,521.7100
18.0000,506.7100
18.0100,508.2700
18.0200,533.1825
18.0300,538.4550
18.0400,503.6050
18.0500,476.7100
18.0600,497.9750
18.0700,521.6925
18.0800,511.8075
18.0900,472.2450
18.1000,469.4125
18.1100,491.8400
18.1200,467.0375
18.1300,471.1550
18.1400,512.8350
18.1500,517.1050
18.1600,506.4825
18.1700,503.6225
18.1800,488.4850
18.1900,512.3875
18.2000,546.5575
18.2100,537.1225
18.2200,520.1175
18.2300,507.0350
18.2400,509.4900
18.2500,531.3375
18.2600,509.6275
18.2700,465.4925
18.2800,462.8975
18.2900,495.6200
18.3000,500.9250
18.3100,486.3500
18.3200,501.2600
18.3300,492.5875
18.3400,462.2675
18.3500,465.7850
18.3600,516.4350
18.3700,540.7400
18.3800,498.3725
18.3900,485.5025
18.4000,517.6375
18.4100,517.4800
18.4200,522.0875
18.4300,566.7425
18.4400,615.1525
18.4500,669.5675
18.4600,739.0750
18.4700,787.7575
18.4800,830.7550
18.4900,964.3800
18.5000,1088.7825
18.5100,1183.8050
18.5200,1330.3325
18.5300,1462.8125
18.5400,1570.7200
18.5500,1614.3350
18.5600,1620.2700
18.5700,1561.6125
18.5800,1455.4375
18.5900,1391.4200
18.6000,1298.7300
18.6100,1167.4325
18.6200,1037.7300
18.6300,881.1875
18.6400,774.8825
18.6500,730.6225
18.6600,717.2975
18.6700,696.4400
18.6800,652.9200
18.6900,582.4450
18.7000,526.1675
18.7100,529.8075
18.7200,550.0000
18.7300,550.0000
18.7400,545.5275
18.7500,525.1125
18.7600,496.2625
18.7700,472.9450
18.7800,457.0375
18.7900,474.0475
18.8000,495.5675
18.8100,495.9000
18.8200,497.4425
18.8300,485.5875
18.8400,481.4675
18.8500,481.8675
18.8600,480.0000
18.8700,503.3825
18.8800,515.8225
18.8900,488.9625
18.9000,497.8800
18.9100,489.0725
18.9200,469.2825
18.9300,500.1350
18.9400,523.4525
18.9500,517.9050
18.9600,471.7200
18.9700,440.4550
18.9800,455.3400
18.9900,448.4500
19.0000,410.9625
19.0100,443.8275
19.0200,499.9800
19.0300,523.8175
19.0400,511.4650
19.0500,505.6825
19.0600,503.4075
19.0700,481.5050
19.0800,471.4125
19.0900,474.7450
19.1000,455.5350
19.1100,412.6000
19.1200,412.9925
19.1300,437.1950
19.1400,445.9300
19.1500,475.9100
19.1600,480.7775
19.1700,466.1200
19.1800,470.0000
19.1900,463.0600
19.2000,465.8050
19.2100,469.4975
19.2200,455.5250
19.2300,463.3325
19.2400,468.8400
19.2500,467.0450
19.2600,460.1925
19.2700,467.2600
19.2800,464.7000
19.2900,458.4750
19.3000,438.4900
19.3100,438.9100
19.3200,463.4575
19.3300,454.3500
19.3400,434.7875
19.3500,450.7200
19.3600,432.3850
19.3700,411.4800
19.3800,453.4975
19.3900,481.9925
19.4000,467.9425
19.4100,464.7100
19.4200,462.6375
19.4300,450.6550
19.4400,495.9800
19.4500,488.7525
19.4600,476.5525
19.4700,504.0200
19.4800,482.8250
19.4900,467.2175
19.5000,474.1175
19.5100,458.6850
19.5200,452.7325
19.5300,450.5950
19.5400,448.8250
19.5500,445.8000
19.5600,453.4875
19.5700,434.2325
19.5800,423.8925
19.5900,433.8875
19.6000,442.5850
19.6100,436.3400
19.6200,405.8275
19.6300,376.9025
19.6400,380.7875
19.6500,439.2125
19.6600,487.7125
19.6700,480.9950
19.6800,465.2975
19.6900,411.0950
19.7000,415.7125
19.7100,459.3400
19.7200,480.0000
19.7300,477.4750
19.7400,480.8950
19.7500,492.0750
19.7600,454.8425
19.7700,394.1600
19.7800,411.2650
19.7900,440.4225
19.8000,432.4925
19.8100,432.9350
19.8200,450.2550
19.8300,470.1725
19.8400,435.4300
19.8500,423.4575
19.8600,423.9175
19.8700,453.3325
19.8800,444.7425
19.8900,428.7750
19.9000,430.3350
19.9100,434.2250
19.9200,433.6550
19.9300,436.3525
19.9400,431.2125
19.9500,450.2850
19.9600,481.2075
19.9700,467.6525
19.9800,441.2050
19.9900,439.7300
20.0000,440.5275
20.0100,466.4975
20.0200,487.6125
20.0300,494.0600
20.0400,513.3325
20.0500,500.2750
20.0600,466.0025
20.0700,444.3025
20.0800,454.1625
20.0900,491.7775
20.1000,500.4050
20.1100,454.3800
20.1200,420.3575
20.1300,436.8375
20.1400,431.6750
20.1500,413.4900
20.1600,432.7725
20.1700,438.1275
20.1800,403.3325
20.1900,414.8725
20.2000,447.0300
20.2100,473.5625
20.2200,490.1075
20.2300,480.6450
20.2400,440.8625
20.2500,426.7525
20.2600,423.0975
20.2700,413.5475
20.2800,440.1275
20.2900,437.5125
20.3000,412.3050
20.3100,443.5900
20.3200,473.2275
20.3300,439.8875
20.3400,426.7525
20.3500,449.9850
20.3600,436.6525
20.3700,417.7775
20.3800,424.4050
20.3900,454.4700
20.4000,435.6075
20.4100,440.9275
20.4200,483.3325
20.4300,470.1750
20.4400,450.9925
20.4500,464.4825
20.4600,471.9850
20.4700,479.2750
20.4800,441.1650
20.4900,455.0650
20.5000,498.7325
20.5100,507.8450
20.5200,530.2100
20.5300,598.4650
20.5400,650.0875
20.5500,710.9375
20.5600,737.0475
20.5700,808.4125
20.5800,917.2725
20.5900,1068.3050
20.6000,1254.6150
20.6100,1296.4925
20.6200,1327.5050
20.6300,1339.1075
20.6400,1248.9550
20.6500,1240.4050
20.6600,1190.2225
20.6700,1082.9900
20.6800,999.4950
20.6900,929.0875
20.7000,867.3050
20.7100,786.8200
20.7200,701.5175
20.7300,647.7075
20.7400,625.1100
20.7500,619.3350
20.7600,573.8975
20.7700,560.0000
20.7800,553.9275
20.7900,553.1275
20.8000,593.4075
20.8100,636.7675
20.8200,693.3600
20.8300,732.6700
20.8400,821.8825
20.8500,990.1125
20.8600,1151.6300
20.8700,1317.9025
20.8800,1457.9125
20.8900,1540.0000
20.9000,1561.6300
20.9100,1594.7000
20.9200,1501.0850
20.9300,1371.6225
20.9400,1319.9725
20.9500,1230.3200
20.9600,1139.3450
20.9700,1111.4000
20.9800,1056.5550
20.9900,876.6200
21.0000,736.6675
21.0100,713.7150
21.0200,632.8175
21.0300,590.4600
21.0400,650.4150
21.0500,653.5750
21.0600,540.1150
21.0700,502.9000
21.0800,493.3325
21.0900,479.2800
21.1000,447.0700
21.1100,465.9850
21.1200,490.0000
21.1300,472.3850
21.1400,422.9675
21.1500,410.5675
21.1600,416.2100
21.1700,442.6625
21.1800,419.6750
21.1900,414.5625
21.2000,431.2175
21.2100,455.1300
21.2200,485.7625
21.2300,475.2100
21.2400,448.8325
21.2500,451.0300
21.2600,489.1050
21.2700,467.0250
21.2800,431.1400
21.2900,476.4475
21.3000,462.2400
21.3100,444.7025
21.3200,451.1300
21.3300,516.1450
21.3400,539.4625
21.3500,561.9050
21.3600,582.7600
21.3700,619.9675
21.3800,684.4575
21.3900,708.3925
21.4000,710.7500
21.4100,721.3575
21.4200,789.5950
21.4300,836.6675
21.4400,840.0700
21.4500,872.0600
21.4600,934.9750
21.4700,976.3925
21.4800,1110.8100
21.4900,1117.5900
21.5000,1187.5925
21.5100,1314.1825
21.5200,1509.0050
21.5300,1743.0750
21.5400,1940.3425
21.5500,2178.4100
21.5600,2410.3400
21.5700,2560.0050
21.5800,2750.6800
21.5900,2886.9000
21.6000,2833.9475
21.6100,2758.4800
21.6200,2697.3675
21.6300,2500.2725
21.6400,2298.0675
21.6500,2144.3200
21.6600,1962.2100
21.6700,1752.0350
21.6800,1519.9650
21.6900,1325.0225
21.7000,1133.5900
21.7100,962.1625
21.7200,859.7225
21.7300,740.6500
21.7400,696.7975
21.7500,636.3025
21.7600,585.4025
21.7700,586.4100
21.7800,520.8000
21.7900,487.7075
21.8000,475.4300
21.8100,472.9075
21.8200,512.8825
21.8300,496.2275
21.8400,491.6025
21.8500,520.0000
21.8600,515.5200
21.8700,506.7000
21.8800,546.3200
21.8900,608.5075
21.9000,628.1400
21.9100,650.2225
21.9200,740.7375
21.9300,890.8450
21.9400,1059.9250
21.9500,1159.2700
21.9600,1244.0975
21.9700,1355.5625
21.9800,1404.3000
21.9900,1437.1450
22.0000,1525.6275
22.0100,1609.3600
22.0200,1563.6375
22.0300,1535.7750
22.0400,1493.3300
22.0500,1375.1500
22.0600,1292.0325
22.0700,1195.7000
22.0800,1013.7100
22.0900,913.3325
22.1000,883.8000
22.1100,771.3675
22.1200,743.9375
22.1300,611.9125
22.1400,571.6750
22.1500,482.6200
22.1600,461.2925
22.1700,435.9850
22.1800,418.6675
22.1900,405.3625
22.2000,373.3325
22.2100,382.5625
22.2200,415.4025
22.2300,397.3200
22.2400,403.2575
22.2500,417.9650
22.2600,420.7475
22.2700,401.6250
22.2800,373.7250
22.2900,410.3650
22.3000,434.2700
22.3100,414.4375
22.3200,441.5450
22.3300,477.9250
22.3400,472.0550
22.3500,423.3325
22.3600,430.7925
22.3700,465.8100
22.3800,476.6675
22.3900,488.3325
22.4000,532.0525
22.4100,486.9250
22.4200,437.2700
22.4300,413.6225
22.4400,423.9875
22.4500,403.2525
22.4600,432.1400
22.4700,423.6975
22.4800,414.7300
22.4900,430.1900
22.5000,402.3450
22.5100,411.5825
22.5200,396.3600
22.5300,361.5975
22.5400,352.7575
22.5500,351.1475
22.5600,358.9500
22.5700,370.5675
22.5800,375.5975
22.5900,381.5950
22.6000,362.2750
22.6100,387.2075
22.6200,374.4450
22.6300,380.0000
22.6400,378.3475
22.6500,371.6450
22.6600,373.9975
22.6700,340.6175
22.6800,333.1550
22.6900,364.5150
22.7000,346.3725
22.7100,313.1975
22.7200,332.6525
22.7300,343.5000
22.7400,321.4125
22.7500,303.7900
22.7600,358.9600
22.7700,351.7800
22.7800,345.3950
22.7900,358.7175
22.8000,371.0200
22.8100,377.1750
22.8200,380.0000
22.8300,376.4825
22.8400,358.1675
22.8500,372.1375
22.8600,400.3650
22.8700,379.8875
22.8800,361.9600
22.8900,370.4100
22.9000,350.9100
22.9100,342.4525
22.9200,374.2700
22.9300,356.6600
22.9400,336.6675
22.9500,343.7450
22.9600,387.6050
22.9700,391.0000
22.9800,375.7375
22.9900,370.0000
23.0000,369.5400
23.0100,376.2550
23.0200,435.3050
23.0300,416.2825
23.0400,348.6525
23.0500,341.7850
23.0600,352.4450
23.0700,344.0200
23.0800,328.8600
23.0900,349.0025
23.1000,387.9675
23.1100,394.0800
23.1200,373.6675
23.1300,353.7600
23.1400,357.5125
23.1500,359.1250
23.1600,336.2750
23.1700,380.4150
23.1800,383.7475
23.1900,390.7725
23.2000,415.9200
23.2100,383.8275
23.2200,360.9150
23.2300,338.5300
23.2400,302.5375
23.2500,301.4100
23.2600,342.1625
23.2700,379.0425
23.2800,350.9300
23.2900,389.1075
23.3000,429.8925
23.3100,401.8150
23.3200,390.3775
23.3300,394.8325
23.3400,404.4350
23.3500,387.0350
23.3600,390.7350
23.3700,396.3025
23.3800,394.0575
23.3900,398.2050
23.4000,380.8375
23.4100,365.3125
23.4200,414.5700
23.4300,447.0525
23.4400,400.6075
23.4500,457.1450
23.4600,405.7225
23.4700,431.0700
23.4800,468.3200
23.4900,458.0025
23.5000,497.3525
23.5100,476.2875
23.5200,510.5000
23.5300,579.2525
23.5400,617.4400
23.5500,775.4450
23.5600,1030.5475
23.5700,1187.7400
23.5800,1454.9850
23.5900,1803.0300
23.6000,2229.3425
23.6100,2630.8425
23.6200,3112.0325
23.6300,3549.7300
23.6400,4029.2300
23.6500,4092.0450
23.6600,4095.3750
23.6700,3885.4225
23.6800,3662.8450
23.6900,3683.1850
23.7000,3565.7925
23.7100,3461.4700
23.7200,3184.0850
23.7300,2759.7075
23.7400,2471.2775
23.7500,2186.9675
23.7600,1786.0900
23.7700,1522.8950
23.7800,1227.8150
23.7900,1041.5400
23.8000,1013.4100
23.8100,930.3225
23.8200,882.1600
23.8300,737.9275
23.8400,668.2975
23.8500,644.5025
23.8600,611.4325
23.8700,548.2750
23.8800,615.6600
23.8900,644.3650
23.9000,613.5600
23.9100,615.7675
23.9200,605.7800
23.9300,638.6825
23.9400,614.1375
23.9500,531.5025
23.9600,555.0300
23.9700,576.4400
23.9800,517.7500
23.9900,436.3975
24.0000,482.3250
24.0100,467.8600
24.0200,483.1325
24.0300,427.4425
24.0400,438.8525
24.0500,419.2450
24.0600,408.1550
24.0700,431.6825
24.0800,403.6950
24.0900,409.8225
24.1000,405.4375
24.1100,382.4675
24.1200,369.0525
24.1300,412.1575
24.1400,387.5225
24.1500,342.6025
24.1600,392.5325
24.1700,375.7225
24.1800,356.9750
24.1900,363.3325
24.2000,363.1850
24.2100,359.1175
24.2200,340.0000
24.2300,341.7000
24.2400,379.3050
24.2500,363.0600
24.2600,357.7375
24.2700,380.9700
24.2800,325.3925
24.2900,374.5225
24.3000,318.8875
24.3100,290.8475
24.3200,313.0975
24.3300,307.4775
24.3400,329.5475
24.3500,317.5500
24.3600,344.1950
24.3700,369.0525
24.3800,340.6150
24.3900,359.8000
24.4000,353.2350
24.4100,349.1475
24.4200,320.3675
24.4300,333.2450
24.4400,330.6075
24.4500,352.7425
24.4600,329.9175
24.4700,327.5375
24.4800,363.5625
24.4900,372.4475
24.5000,333.1900
24.5100,326.3225
24.5200,310.7275
24.5300,346.2850
24.5400,326.1800
24.5500,299.9425
24.5600,297.3900
24.5700,339.7350
24.5800,323.1325
24.5900,309.8100
24.6000,296.6225
24.6100,293.6725
24.6200,320.1600
24.6300,333.7800
24.6400,373.2300
24.6500,363.2050
24.6600,350.0000
24.6700,349.9725
24.6800,346.4500
24.6900,316.7950
24.7000,336.7425
24.7100,349.9350
24.7200,336.4625
24.7300,286.5775
24.7400,260.0675
24.7500,286.7250
24.7600,320.0075
24.7700,326.6675
24.7800,326.6675
24.7900,313.3525
24.8000,336.6150
24.8100,316.7275
24.8200,316.6675
24.8300,356.4850
24.8400,333.4575
24.8500,333.3325
24.8600,310.1625
24.8700,290.1550
24.8800,313.1350
24.8900,280.3100
24.9000,319.5975
24.9100,310.1100
24.9200,316.5900
24.9300,326.5425
24.9400,320.0875
24.9500,333.1450
24.9600,293.9250
24.9700,332.7100
24.9800,326.7750
24.9900,316.8375
25.0000,306.8475
25.0100,332.8325
25.0200,336.6025
25.0300,320.3400
25.0400,326.5250
25.0500,297.3250
25.0600,286.8950
25.0700,306.1975
25.0800,329.4325
25.0900,323.5000
25.1000,391.5225
25.1100,338.1775
25.1200,323.7000
25.1300,320.0950
25.1400,345.8925
25.1500,320.7950
25.1600,339.3875
25.1700,349.6850
25.1800,366.1300
25.1900,360.2200
25.2000,353.5575
25.2100,359.7700
25.2200,360.0000
25.2300,305.3825
25.2400,242.3400
25.2500,291.3200
25.2600,309.3575
25.2700,281.1800
25.2800,302.3975
25.2900,312.9250
25.3000,348.4700
25.3100,308.5075
25.3200,351.3125
25.3300,359.7050
25.3400,324.9800
25.3500,336.0575
25.3600,365.2725
25.3700,382.5450
25.3800,408.7175
25.3900,444.8750
25.4000,424.4925
25.4100,407.5075
25.4200,412.9925
25.4300,391.2125
25.4400,418.4150
25.4500,413.6900
25.4600,407.0300
25.4700,378.3225
25.4800,357.7875
25.4900,353.5225
25.5000,353.3325
25.5100,296.8350
25.5200,321.5575
25.5300,326.4675
25.5400,342.3200
25.5500,337.0775
25.5600,352.2950
25.5700,347.0875
25.5800,299.8625
25.5900,290.4325
25.6000,352.3000
25.6100,369.1150
25.6200,363.7800
25.6300,344.6925
25.6400,293.6625
25.6500,290.0000
25.6600,333.3875
25.6700,373.8225
25.6800,336.4475
25.6900,320.9700
25.7000,286.0275
25.7100,270.9900
25.7200,297.7475
25.7300,346.2075
25.7400,325.3775
25.7500,301.8075
25.7600,281.5650
25.7700,319.9075
25.7800,329.4675
25.7900,345.3225
25.8000,355.8525
25.8100,316.8950
25.8200,279.7100
25.8300,291.9375
25.8400,308.5900
25.8500,331.3400
25.8600,327.2425
25.8700,317.5375
25.8800,292.3400
25.8900,305.1900
25.9000,318.8075
25.9100,329.0975
25.9200,317.8800
25.9300,313.6400
25.9400,310.3075
25.9500,313.0225
25.9600,328.4300
25.9700,317.9325
25.9800,301.5950
25.9900,312.0450
26.0000,331.3850
26.0100,315.2975
26.0200,331.3550
26.0300,342.3350
26.0400,316.3500
26.0500,271.3950
26.0600,281.6300
26.0700,349.1175
26.0800,320.8175
26.0900,286.8175
26.1000,280.3500
26.1100,291.9175
26.1200,308.2175
26.1300,324.8700
26.1400,305.8650
26.1500,288.4900
26.1600,325.2275
26.1700,350.7450
26.1800,326.6850
26.1900,379.5400
26.2000,330.5100
26.2100,267.2275
26.2200,298.3525
26.2300,321.0200
26.2400,320.3875
26.2500,278.8075
26.2600,305.6700
26.2700,318.8100
26.2800,305.3275
26.2900,315.0600
26.3000,310.8075
26.3100,321.7050
26.3200,323.3325
26.3300,340.8600
26.3400,290.8050
26.3500,294.9950
26.3600,337.4475
26.3700,311.3200
26.3800,312.4825
26.3900,374.3375
26.4000,357.2125
26.4100,356.2325
26.4200,403.0175
26.4300,395.5275
26.4400,387.5500
26.4500,360.6650
26.4600,353.7800
26.4700,382.1700
26.4800,360.7375
26.4900,345.1525
26.5000,343.3325
26.5100,331.8425
26.5200,338.6100
26.5300,348.6025
26.5400,309.8900
26.5500,314.7825
26.5600,319.5275
26.5700,345.7125
26.5800,330.0200
26.5900,301.0025
26.6000,302.3650
26.6100,294.7950
26.6200,287.6450
26.6300,266.7800
26.6400,269.0100
26.6500,289.8500
26.6600,344.3250
26.6700,336.3525
26.6800,296.5750
26.6900,281.5250
26.7000,265.8900
26.7100,271.7925
26.7200,293.0525
26.7300,305.1100
26.7400,303.8550
26.7500,325.8050
26.7600,307.5500
26.7700,289.3150
26.7800,320.2775
26.7900,326.6675
26.8000,298.7125
26.8100,304.5050
26.8200,303.8775
26.8300,300.5450
26.8400,305.5700
26.8500,342.8350
26.8600,350.0000
26.8700,338.8925
26.8800,336.6675
26.8900,325.5800
26.9000,281.8025
26.9100,284.3975
26.9200,314.3000
26.9300,306.1950
26.9400,292.3000
26.9500,287.2450
26.9600,311.4425
26.9700,286.4150
26.9800,293.7375
26.9900,321.3700
27.0000,343.1200
27.0100,330.2300
27.0200,299.3000
27.0300,296.0675
27.0400,307.5925
27.0500,353.6575
27.0600,308.8125
27.0700,283.0500
27.0800,296.3250
27.0900,305.4350
27.1000,331.1050
27.1100,325.8150
27.1200,326.0425
27.1300,321.2525
27.1400,306.4775
27.1500,279.0150
27.1600,297.6275
27.1700,311.4225
27.1800,294.4775
27.1900,306.1475
27.2000,299.2450
27.2100,334.2675
27.2200,319.1850
27.2300,318.6950
27.2400,293.2225
27.2500,321.4425
27.2600,330.0000
27.2700,364.7075
27.2800,346.6625
27.2900,321.3500
27.3000,300.6975
27.3100,315.2800
27.3200,333.2825
27.3300,323.3975
27.3400,320.0000
27.3500,322.6475
27.3600,307.4600
27.3700,321.8350
27.3800,331.9475
27.3900,322.7825
27.4000,314.7300
27.4100,329.1275
27.4200,328.0750
27.4300,337.1750
27.4400,340.0000
27.4500,366.2150
27.4600,407.3775
27.4700,427.1325
27.4800,445.6800
27.4900,452.6100
27.5000,424.6450
27.5100,440.1150
27.5200,415.4325
27.5300,378.0650
27.5400,380.3900
27.5500,411.8750
27.5600,383.7125
27.5700,365.5650
27.5800,355.5725
27.5900,392.0925
27.6000,403.3325
27.6100,377.5475
27.6200,336.5125
27.6300,329.2400
27.6400,317.1475
27.6500,287.6550
27.6600,300.5225
27.6700,319.4800
27.6800,282.3750
27.6900,313.4725
27.7000,321.5575
27.7100,322.5525
27.7200,336.0800
27.7300,329.8150
27.7400,331.7550
27.7500,325.7100
27.7600,300.4875
27.7700,300.9400
27.7800,310.9325
27.7900,338.6375
27.8000,351.7225
27.8100,323.0325
27.8200,346.1225
27.8300,351.6275
27.8400,329.8650
27.8500,300.7050
27.8600,338.5425
27.8700,328.2450
27.8800,287.4200
27.8900,256.6375
27.9000,295.0150
27.9100,337.4800
27.9200,319.2175
27.9300,307.5075
27.9400,314.1375
27.9500,329.1050
27.9600,330.8475
27.9700,337.4450
27.9800,335.0400
27.9900,323.4275
28.0000,320.0000
28.0100,349.6550
28.0200,340.2500
28.0300,321.0025
28.0400,324.0575
28.0500,361.1150
28.0600,353.6700
28.0700,361.3975
28.0800,334.7825
28.0900,328.2325
28.1000,337.3425
28.1100,325.3325
28.1200,317.5575
28.1300,306.9100
28.1400,305.7700
28.1500,321.2700
28.1600,297.4925
28.1700,296.3800
28.1800,304.8525
28.1900,328.4750
28.2000,370.5525
28.2100,390.5875
28.2200,369.1825
28.2300,340.7025
28.2400,345.3825
28.2500,378.8825
28.2600,346.7225
28.2700,356.4175
28.2800,359.4700
28.2900,361.4600
28.3000,344.1850
28.3100,353.4025
28.3200,391.0450
28.3300,386.6350
28.3400,396.6800
28.3500,410.4725
28.3600,413.3325
28.3700,396.7100
28.3800,390.0000
28.3900,406.5850
28.4000,401.5000
28.4100,401.3950
28.4200,389.1650
28.4300,390.4100
28.4400,433.3850
28.4500,435.8800
28.4600,413.5450
28.4700,404.3200
28.4800,408.0225
28.4900,428.7400
28.5000,485.8025
28.5100,511.3400
28.5200,534.3425
28.5300,524.6800
28.5400,512.0075
28.5500,537.9175
28.5600,605.7700
28.5700,660.1725
28.5800,664.0600
28.5900,680.8400
28.6000,710.8175
28.6100,706.1375
28.6200,762.3050
28.6300,845.3175
28.6400,920.6500
28.6500,1079.0075
28.6600,1245.6575
28.6700,1492.9275
28.6800,1888.1050
28.6900,2001.4900
28.7000,2083.7325
28.7100,2291.0750
28.7200,2355.2625
28.7300,2327.2200
28.7400,2343.9725
28.7500,2295.3025
28.7600,2259.8575
28.7700,2122.8925
28.7800,2098.5000
28.7900,2071.4275
28.8000,1905.4050
28.8100,1775.7375
28.8200,1676.7950
28.8300,1544.2775
28.8400,1444.9500
28.8500,1370.5900
28.8600,1326.4775
28.8700,1341.3125
28.8800,1447.3225
28.8900,1531.3300
28.9000,1710.7375
28.9100,1955.0050
28.9200,2172.5200
28.9300,2251.1225
28.9400,2314.4325
28.9500,2281.2000
28.9600,2378.5500
28.9700,2456.6150
28.9800,2478.8100
28.9900,2579.4150
29.0000,2739.1550
29.0100,2950.8725
29.0200,3085.0075
29.0300,3021.0350
29.0400,2867.9775
29.0500,2721.2600
29.0600,2671.1450
29.0700,2523.4800
29.0800,2210.7750
29.0900,2056.1250
29.1000,1963.7425
29.1100,1803.6450
29.1200,1705.2250
29.1300,1617.2025
29.1400,1536.6375
29.1500,1383.4100
29.1600,1296.0325
29.1700,1351.4675
29.1800,1326.2600
29.1900,1332.1175
29.2000,1417.8925
29.2100,1588.7400
29.2200,1811.4525
29.2300,2144.1750
29.2400,2593.8175
29.2500,3200.8025
29.2600,4000.8075
29.2700,4993.8350
29.2800,6171.3625
29.2900,7677.5525
29.3000,9281.8825
29.3100,10916.7100
29.3200,12612.9250
29.3300,14024.2450
29.3400,14719.8300
29.3500,15138.7550
29.3600,14966.7600
29.3700,14265.6850
29.3800,13740.6925
29.3900,13026.7725
29.4000,12097.0200
29.4100,11148.5325
29.4200,10062.8650
29.4300,9027.9800
29.4400,8020.7350
29.4500,6920.2675
29.4600,5774.9350
29.4700,4765.1950
29.4800,3851.7350
29.4900,3138.7050
29.5000,2542.5175
29.5100,2051.8450
29.5200,1728.8325
29.5300,1502.0600
29.5400,1289.3750
29.5500,1054.3600
29.5600,927.1125
29.5700,929.2475
29.5800,857.2275
29.5900,758.2875
29.6000,723.8650
29.6100,707.7475
29.6200,689.8025
29.6300,646.6725
29.6400,584.6850
29.6500,578.2825
29.6600,618.4025
29.6700,618.4325
29.6800,590.4800
29.6900,549.6900
29.7000,534.0350
29.7100,564.8825
29.7200,549.1175
29.7300,526.6675
29.7400,526.6675
29.7500,514.6375
29.7600,514.6750
29.7700,522.0000
29.7800,539.3075
29.7900,502.1450
29.8000,499.8700
29.8100,502.1025
29.8200,456.2400
29.8300,403.5850
29.8400,399.1775
29.8500,408.0225
29.8600,422.4675
29.8700,464.8950
29.8800,480.7575
29.8900,449.1250
29.9000,420.1775
29.9100,417.2575
29.9200,437.6325
29.9300,450.0000
29.9400,440.2300
29.9500,433.3325
29.9600,458.6625
29.9700,472.7750
29.9800,448.6250
29.9900,410.0475
30.0000,434.0275
30.0100,500.1000
30.0200,540.1950
30.0300,538.4225
30.0400,504.9475
30.0500,515.5325
30.0600,563.5725
30.0700,646.6625
30.0800,752.7425
30.0900,813.8900
30.1000,916.4875
30.1100,1065.3950
30.1200,1147.6300
30.1300,1189.9750
30.1400,1200.4975
30.1500,1132.6050
30.1600,1099.9325
30.1700,1102.4300
30.1800,1062.6525
30.1900,1078.1825
30.2000,1147.6875
30.2100,1116.4525
30.2200,1054.9675
30.2300,1003.9300
30.2400,926.4900
30.2500,863.8050
30.2600,841.4650
30.2700,797.0900
30.2800,726.0725
30.2900,713.4100
30.3000,756.3900
30.3100,759.5950
30.3200,747.0375
30.3300,794.3925
30.3400,772.7425
30.3500,706.3800
30.3600,717.6250
30.3700,738.1600
30.3800,758.7025
30.3900,747.3275
30.4000,759.9525
30.4100,815.5975
30.4200,873.1800
30.4300,934.3250
30.4400,1036.4550
30.4500,1216.3325
30.4600,1503.9100
30.4700,1900.7525
30.4800,2320.7825
30.4900,2766.8775
30.5000,3358.3650
30.5100,3927.3725
30.5200,4254.8725
30.5300,4473.9500
30.5400,4574.6200
30.5500,4611.1950
30.5600,4612.6875
30.5700,4452.9750
30.5800,4286.5075
30.5900,4277.3875
30.6000,4260.2225
30.6100,4113.7125
30.6200,3968.3900
30.6300,3835.0525
30.6400,3523.2125
30.6500,3128.0700
30.6600,2820.6300
30.6700,2448.8200
30.6800,2075.4350
30.6900,1850.7325
30.7000,1698.0350
30.7100,1526.8425
30.7200,1346.0450
30.7300,1228.3175
30.7400,1094.1275
30.7500,892.1125
30.7600,755.2975
30.7700,693.8800
30.7800,651.0975
30.7900,593.4875
30.8000,548.1600
30.8100,565.7175
30.8200,576.3525
30.8300,566.6675
30.8400,551.2425
30.8500,536.6675
30.8600,500.7875
30.8700,463.2550
30.8800,473.6250
30.8900,488.3675
30.9000,483.2075
30.9100,466.4950
30.9200,446.5100
30.9300,443.4275
30.9400,444.9375
30.9500,434.9450
30.9600,426.6350
30.9700,423.3325
30.9800,428.3625
30.9900,421.6150
31.0000,411.6725
31.0100,411.6650
31.0200,391.6725
31.0300,376.6600
31.0400,403.2500
31.0500,410.0850
31.0600,393.3325
31.0700,416.4725
31.0800,410.2975
31.0900,361.8775
31.1000,348.2675
31.1100,361.5450
31.1200,388.0350
31.1300,393.5725
31.1400,353.8525
31.1500,326.6675
31.1600,349.4725
31.1700,361.9500
31.1800,341.8825
31.1900,323.6075
31.2000,308.4775
31.2100,306.5650
31.2200,332.5825
31.2300,347.0050
31.2400,335.0600
31.2500,338.1475
31.2600,333.7175
31.2700,361.7300
31.2800,376.1800
31.2900,335.5050
31.3000,318.5575
31.3100,319.6900
31.3200,329.8400
31.3300,339.6700
31.3400,337.1800
31.3500,355.0825
31.3600,353.5700
31.3700,326.1075
31.3800,347.6625
31.3900,361.5675
31.4000,346.1125
31.4100,328.2300
31.4200,326.8800
31.4300,321.7750
31.4400,344.8775
31.4500,367.1250
31.4600,333.6575
31.4700,297.1450
31.4800,316.2525
31.4900,331.2500
31.5000,321.0275
31.5100,333.0725
31.5200,338.2000
31.5300,338.4700
31.5400,338.1950
31.5500,344.5775
31.5600,346.9525
31.5700,346.3750
31.5800,365.1800
31.5900,387.8800
31.6000,376.6950
31.6100,353.6475
31.6200,337.9400
31.6300,332.3625
31.6400,344.8350
31.6500,345.1675
31.6600,337.3450
31.6700,338.9650
31.6800,318.6775
31.6900,296.3775
31.7000,333.0150
31.7100,347.4000
31.7200,351.8475
31.7300,354.8400
31.7400,332.6225
31.7500,313.0225
31.7600,320.5875
31.7700,352.5375
31.7800,349.7425
31.7900,345.4425
31.8000,347.9075
31.8100,335.2100
31.8200,336.2425
31.8300,318.2200
31.8400,303.0450
31.8500,321.4475
31.8600,319.0000
31.8700,316.2175
31.8800,321.4400
31.8900,320.4600
31.9000,319.5350
31.9100,316.1775
31.9200,288.0975
31.9300,284.7200
31.9400,303.3725
31.9500,290.0000
31.9600,301.3425
31.9700,312.4200
31.9800,299.6025
31.9900,287.1800
32.0000,297.4075
32.0100,329.3100
32.0200,339.6550
32.0300,304.8100
32.0400,282.5725
32.0500,287.4525
32.0600,264.4325
32.0700,266.3900
32.0800,293.8625
32.0900,295.3450
32.1000,270.0000
32.1100,283.7850
32.1200,304.7100
32.1300,301.1750
32.1400,297.4450
32.1500,304.7025
32.1600,324.4175
32.1700,339.0975
32.1800,316.5325
32.1900,312.0975
32.2000,328.1300
32.2100,338.6475
32.2200,327.2200
32.2300,324.1100
32.2400,329.2450
32.2500,316.0175
32.2600,302.5900
32.2700,304.7350
32.2800,337.3300
32.2900,316.6775
32.3000,314.6400
32.3100,310.7525
32.3200,290.6375
32.3300,308.5550
32.3400,324.0300
32.3500,313.4225
32.3600,315.1500
32.3700,330.7125
32.3800,326.6675
32.3900,305.7825
32.4000,262.9125
32.4100,264.8650
32.4200,298.5225
32.4300,300.1925
32.4400,288.7075
32.4500,293.1150
32.4600,300.7600
32.4700,295.3825
32.4800,299.7425
32.4900,317.6750
32.5000,317.2350
32.5100,289.0225
32.5200,297.0075
32.5300,335.0750
32.5400,342.0675
32.5500,327.3650
32.5600,301.6225
32.5700,314.7225
32.5800,332.4225
32.5900,318.3700
32.6000,343.3325
32.6100,333.3500
32.6200,314.1775
32.6300,319.9400
32.6400,337.9075
32.6500,331.3375
32.6600,330.2500
32.6700,350.8700
32.6800,325.7650
32.6900,290.0000
32.7000,315.7125
32.7100,342.8950
32.7200,313.3325
32.7300,313.3325
32.7400,316.9750
32.7500,311.2200
32.7600,299.6700
32.7700,316.6675
32.7800,314.2600
32.7900,320.8100
32.8000,324.4200
32.8100,295.4700
32.8200,288.5600
32.8300,277.6200
32.8400,282.8375
32.8500,311.8550
32.8600,326.2375
32.8700,310.9725
32.8800,300.7775
32.8900,298.2250
32.9000,314.5050
32.9100,311.9875
32.9200,308.0025
32.9300,308.5150
32.9400,297.9825
32.9500,312.4650
32.9600,337.2150
32.9700,352.9450
32.9800,331.0300
32.9900,331.2625
33.0000,344.5850
33.0100,355.6200
33.0200,347.4450
33.0300,332.4425
33.0400,362.4975
33.0500,366.2625
33.0600,321.0125
33.0700,319.0275
33.0800,323.1575
33.0900,298.9125
33.1000,303.3325
33.1100,299.9800
33.1200,300.0250
33.1300,313.3325
33.1400,306.6725
33.1500,305.5175
33.1600,330.0000
33.1700,324.4875
33.1800,313.3325
33.1900,324.3075
33.2000,349.9500
33.2100,356.6675
33.2200,345.7700
33.2300,327.6825
33.2400,330.1600
33.2500,329.6500
33.2600,357.7450
33.2700,363.2300
33.2800,382.8900
33.2900,400.3550
33.3000,361.8275
33.3100,315.8675
33.3200,303.1925
33.3300,313.1850
33.3400,327.4100
33.3500,358.1200
33.3600,397.3750
33.3700,402.8225
33.3800,385.2425
33.3900,380.9775
33.4000,346.6675
33.4100,357.0750
33.4200,376.8850
33.4300,360.6800
33.4400,322.4375
33.4500,297.7600
33.4600,340.2800
33.4700,353.0800
33.4800,328.9775
33.4900,339.9300
33.5000,368.9825
33.5100,360.5775
33.5200,336.5425
33.5300,316.3625
33.5400,331.3925
33.5500,334.9275
33.5600,328.0625
33.5700,394.3325
33.5800,385.6975
33.5900,360.0000
33.6000,363.9675
33.6100,378.2800
33.6200,369.2775
33.6300,326.8900
33.6400,357.0775
33.6500,394.8950
33.6600,404.7125
33.6700,394.1550
33.6800,384.8575
33.6900,404.4175
33.7000,427.2000
33.7100,449.1950
33.7200,476.1550
33.7300,474.3350
33.7400,493.3325
33.7500,498.1000
33.7600,521.4125
33.7700,561.3825
33.7800,606.0800
33.7900,684.4000
33.8000,768.7100
33.8100,793.4800
33.8200,1059.1275
33.8300,1514.1100
33.8400,1942.2125
33.8500,2414.5100
33.8600,3125.6400
33.8700,3883.2550
33.8800,4551.2925
33.8900,5064.9725
33.9000,5204.4675
33.9100,4662.0925
33.9200,4081.3175
33.9300,3526.5575
33.9400,3145.0750
33.9500,2991.3225
33.9600,3011.2025
33.9700,3145.2550
33.9800,3016.1475
33.9900,2826.1675
34.0000,2506.9750
34.0100,2049.0875
34.0200,1614.1575
34.0300,1188.7350
34.0400,979.7675
34.0500,886.4925
34.0600,744.8500
34.0700,614.8650
34.0800,546.3775
34.0900,532.7350
34.1000,553.4575
34.1100,557.3000
34.1200,533.1250
34.1300,506.4775
34.1400,472.9975
34.1500,447.8125
34.1600,484.0550
34.1700,454.8125
34.1800,420.8450
34.1900,417.4425
34.2000,405.8725
34.2100,432.5350
34.2200,454.1625
34.2300,436.6675
34.2400,429.2050
34.2500,406.6675
34.2600,406.6675
34.2700,408.3100
34.2800,412.5150
34.2900,404.2850
34.3000,391.5500
34.3100,409.1000
34.3200,417.4750
34.3300,415.9700
34.3400,404.9400
34.3500,414.8075
34.3600,424.4100
34.3700,406.6675
34.3800,401.9050
34.3900,378.7550
34.4000,353.3325
34.4100,353.3325
34.4200,360.3850
34.4300,391.1425
34.4400,416.6675
34.4500,412.7875
34.4600,400.7725
34.4700,401.7925
34.4800,395.1300
34.4900,390.7650
34.5000,394.0975
34.5100,408.0800
34.5200,445.1500
34.5300,438.4875
34.5400,438.6075
34.5500,456.6675
34.5600,474.6250
34.5700,557.5475
34.5800,622.5675
34.5900,596.6675
34.6000,608.4775
34.6100,655.1500
34.6200,666.7350
34.6300,653.5625
34.6400,687.8150
34.6500,685.0800
34.6600,714.1800
34.6700,757.6575
34.6800,770.4600
34.6900,772.8825
34.7000,799.3200
34.7100,712.6750
34.7200,662.7125
34.7300,619.8050
34.7400,608.0725
34.7500,609.1300
34.7600,584.9550
34.7700,546.3775
34.7800,509.6025
34.7900,456.8775
34.8000,405.9775
34.8100,409.5025
34.8200,424.4525
34.8300,380.4725
34.8400,345.3675
34.8500,355.3600
34.8600,363.3325
34.8700,368.6975
34.8800,381.9825
34.8900,343.3450
34.9000,319.3200
34.9100,330.0000
34.9200,333.2900
34.9300,349.2900
34.9400,348.8975
34.9500,305.2850
34.9600,314.6300
34.9700,320.6450
34.9800,323.9775
34.9900,320.9000
35.0000,299.2200
35.0100,307.4575
35.0200,296.6675
35.0300,298.5600
35.0400,307.2950
35.0500,308.1225
35.0600,305.6100
35.0700,328.1375
35.0800,314.4350
35.0900,288.7675
35.1000,286.4000
35.1100,298.7775
35.1200,296.9850
35.1300,313.3325
35.1400,310.3150
35.1500,299.6725
35.1600,310.9400
35.1700,302.9800
35.1800,308.9500
35.1900,275.6975
35.2000,293.7300
35.2100,321.3925
35.2200,296.6675
35.2300,297.2475
35.2400,297.1075
35.2500,280.4525
35.2600,266.0925
35.2700,274.1875
35.2800,324.9600
35.2900,317.2325
35.3000,318.8725
35.3100,312.2100
35.3200,310.0200
35.3300,326.1100
35.3400,321.6725
35.3500,314.9875
35.3600,328.2750
35.3700,344.5875
35.3800,300.5450
35.3900,310.9175
35.4000,344.0700
35.4100,308.5025
35.4200,284.4025
35.4300,287.3400
35.4400,277.0375
35.4500,301.9350
35.4600,327.3775
35.4700,308.1150
35.4800,283.6375
35.4900,299.1975
35.5000,274.6075
35.5100,263.8450
35.5200,269.7250
35.5300,287.1750
35.5400,297.0675
35.5500,342.1925
35.5600,370.8350
35.5700,350.6975
35.5800,314.1925
35.5900,302.9550
35.6000,320.9800
35.6100,325.2050
35.6200,315.2125
35.6300,310.5275
35.6400,341.0175
35.6500,377.1100
35.6600,323.8025
35.6700,358.4900
35.6800,428.5875
35.6900,428.8925
35.7000,477.7475
35.7100,446.1125
35.7200,467.0175
35.7300,489.0825
35.7400,476.9525
35.7500,439.3875
35.7600,455.7650
35.7700,450.8975
35.7800,459.7900
35.7900,477.7825
35.8000,466.4225
35.8100,495.0025
35.8200,553.9275
35.8300,586.0750
35.8400,637.8825
35.8500,729.2050
35.8600,860.1275
35.8700,1039.5100
35.8800,1170.8025
35.8900,1169.6850
35.9000,1282.0825
35.9100,1243.0825
35.9200,1016.8175
35.9300,936.0275
35.9400,1018.1175
35.9500,940.0750
35.9600,825.6325
35.9700,874.2625
35.9800,921.2575
35.9900,853.1125
36.0000,813.7125
36.0100,712.3750
36.0200,676.8975
36.0300,646.3975
36.0400,584.9100
36.0500,514.2925
36.0600,475.2925
36.0700,518.5450
36.0800,524.0050
36.0900,457.7850
36.1000,526.6300
36.1100,582.9275
36.1200,611.0275
36.1300,643.7775
36.1400,620.7175
36.1500,628.0925
36.1600,645.6625
36.1700,684.9000
36.1800,612.2875
36.1900,609.5725
36.2000,659.8925
36.2100,629.6575
36.2200,623.2725
36.2300,585.5825
36.2400,518.3400
36.2500,528.0200
36.2600,478.3525
36.2700,462.3525
36.2800,451.7075
36.2900,434.7325
36.3000,416.0275
36.3100,409.0475
36.3200,393.0625
36.3300,330.7350
36.3400,370.0000
36.3500,370.9250
36.3600,376.6375
36.3700,344.8500
36.3800,357.8925
36.3900,334.2775
36.4000,312.6650
36.4100,335.3000
36.4200,285.5025
36.4300,277.6675
36.4400,325.6250
36.4500,345.1700
36.4600,294.1775
36.4700,301.3775
36.4800,279.7225
36.4900,278.8625
36.5000,302.2450
36.5100,289.7300
36.5200,289.6075
36.5300,324.6575
36.5400,335.2725
36.5500,280.2600
36.5600,286.4275
36.5700,326.4000
36.5800,360.5500
36.5900,327.1675
36.6000,330.3525
36.6100,293.8250
36.6200,301.4625
36.6300,318.0700
36.6400,291.9000
36.6500,273.8075
36.6600,280.9375
36.6700,295.1875
36.6800,322.0650
36.6900,349.5450
36.7000,340.4150
36.7100,300.4450
36.7200,306.4475
36.7300,303.3325
36.7400,300.7525
36.7500,265.6725
36.7600,297.6850
36.7700,262.9175
36.7800,257.6950
36.7900,275.7725
36.8000,313.5350
36.8100,317.4600
36.8200,329.4125
36.8300,317.6750
36.8400,279.0425
36.8500,262.3875
36.8600,246.4800
36.8700,244.8075
36.8800,269.8175
36.8900,267.7450
36.9000,287.3750
36.9100,300.7000
36.9200,312.8150
36.9300,302.4825
36.9400,286.6675
36.9500,286.3350
36.9600,279.3475
36.9700,267.6300
36.9800,287.3000
36.9900,298.5950
37.0000,272.4600
37.0100,322.5775
37.0200,306.2200
37.0300,296.3725
37.0400,291.8750
37.0500,332.3400
37.0600,309.0225
37.0700,286.1175
37.0800,272.9275
37.0900,264.6600
37.1000,297.7075
37.1100,322.4375
37.1200,300.5025
37.1300,311.7325
37.1400,270.4825
37.1500,284.2825
37.1600,310.5800
37.1700,326.7800
37.1800,330.5575
37.1900,344.4825
37.2000,281.4950
37.2100,325.4125
37.2200,286.5650
37.2300,282.8350
37.2400,268.8125
37.2500,340.7625
37.2600,365.3675
37.2700,320.1800
37.2800,327.3725
37.2900,352.7325
37.3000,329.9175
37.3100,326.5050
37.3200,319.3700
37.3300,293.3325
37.3400,293.3325
37.3500,294.4125
37.3600,343.4725
37.3700,349.1250
37.3800,306.7325
37.3900,311.0025
37.4000,363.1525
37.4100,352.8125
37.4200,323.5000
37.4300,333.8125
37.4400,363.2325
37.4500,357.0075
37.4600,380.0475
37.4700,383.9500
37.4800,430.2100
37.4900,446.9825
37.5000,473.1850
37.5100,459.6175
37.5200,423.9175
37.5300,484.0575
37.5400,563.4175
37.5500,573.9475
37.5600,653.2175
37.5700,636.9400
37.5800,680.5425
37.5900,777.5675
37.6000,960.4650
37.6100,1070.4700
37.6200,1203.7200
37.6300,1340.3500
37.6400,1503.4150
37.6500,1560.0075
37.6600,1569.9900
37.6700,1456.7350
37.6800,1273.5725
37.6900,1027.1575
37.7000,943.5575
37.7100,969.9100
37.7200,1029.7575
37.7300,1003.4600
37.7400,1029.8550
37.7500,1069.7550
37.7600,1010.4075
37.7700,1036.4675
37.7800,917.6475
37.7900,847.2875
37.8000,810.3500
37.8100,694.5275
37.8200,683.4425
37.8300,670.1550
37.8400,749.0175
37.8500,921.0850
37.8600,1038.4075
37.8700,1095.8550
37.8800,1247.6950
37.8900,1476.3875
37.9000,1775.0825
37.9100,2110.9175
37.9200,2391.6925
37.9300,2661.6875
37.9400,2839.9550
37.9500,3068.7775
37.9600,3138.6350
37.9700,3045.3800
37.9800,2870.5275
37.9900,2540.8450
38.0000,2461.7025
38.0100,2411.1950
38.0200,2328.7150
38.0300,2284.4275
38.0400,2104.7550
38.0500,2064.3100
38.0600,1962.8200
38.0700,1814.1950
38.0800,1680.4875
38.0900,1424.2925
38.1000,1242.0675
38.1100,1065.4225
38.1200,905.0175
38.1300,822.5625
38.1400,768.4125
38.1500,740.8900
38.1600,723.9000
38.1700,658.9825
38.1800,585.9300
38.1900,538.3525
38.2000,494.9275
38.2100,551.0850
38.2200,562.9525
38.2300,544.1100
38.2400,556.1400
38.2500,537.4700
38.2600,568.6400
38.2700,624.3150
38.2800,684.1375
38.2900,843.0025
38.3000,897.8250
38.3100,1001.9525
38.3200,1146.7525
38.3300,1426.9475
38.3400,1703.8825
38.3500,1707.1350
38.3600,1722.5400
38.3700,1869.2725
38.3800,1946.4150
38.3900,1902.4775
38.4000,1786.0275
38.4100,1713.5625
38.4200,1637.2875
38.4300,1636.4925
38.4400,1617.7250
38.4500,1575.6550
38.4600,1503.9775
38.4700,1440.1450
38.4800,1449.2600
38.4900,1308.4375
38.5000,1312.5750
38.5100,1181.3950
38.5200,1028.9325
38.5300,872.5650
38.5400,797.5050
38.5500,671.1675
38.5600,613.2500
38.5700,578.7200
38.5800,526.6525
38.5900,520.2100
38.6000,591.7925
38.6100,537.4025
38.6200,486.5800
38.6300,480.2175
38.6400,455.1000
38.6500,403.5675
38.6600,418.6475
38.6700,382.7300
38.6800,392.4150
38.6900,343.7100
38.7000,380.2900
38.7100,377.1400
38.7200,336.4325
38.7300,373.5375
38.7400,398.3000
38.7500,353.6750
38.7600,356.1725
38.7700,369.0025
38.7800,333.0200
38.7900,317.6825
38.8000,322.8200
38.8100,326.4075
38.8200,369.6875
38.8300,397.9000
38.8400,344.7675
38.8500,303.2050
38.8600,315.3200
38.8700,328.9150
38.8800,336.1200
38.8900,336.6675
38.9000,351.9425
38.9100,328.9075
38.9200,344.9725
38.9300,380.2025
38.9400,389.4275
38.9500,377.8225
38.9600,324.9475
38.9700,341.2800
38.9800,349.4100
38.9900,386.4275
39.0000,429.4350
39.0100,445.4575
39.0200,407.2875
39.0300,391.2250
39.0400,377.9000
39.0500,397.8250
39.0600,384.8975
39.0700,365.2225
39.0800,351.2700
39.0900,374.1125
39.1000,340.5250
39.1100,345.6950
39.1200,355.6900
39.1300,350.6550
39.1400,331.9825
39.1500,348.0050
39.1600,358.9975
39.1700,318.0475
39.1800,340.2825
39.1900,385.2250
39.2000,381.0300
39.2100,356.0950
39.2200,320.4900
39.2300,334.5675
39.2400,354.5550
39.2500,422.2125
39.2600,459.7725
39.2700,502.0100
39.2800,515.5850
39.2900,602.8175
39.3000,654.8950
39.3100,775.6925
39.3200,855.2150
39.3300,907.7650
39.3400,863.0125
39.3500,806.3825
39.3600,776.3550
39.3700,690.6325
39.3800,665.2425
39.3900,648.5875
39.4000,634.8775
39.4100,677.5100
39.4200,680.3900
39.4300,630.0075
39.4400,602.7625
39.4500,582.3800
39.4600,538.9200
39.4700,509.8750
39.4800,576.9900
39.4900,513.4675
39.5000,462.3725
39.5100,477.1325
39.5200,506.2950
39.5300,501.2425
39.5400,526.2550
39.5500,567.8975
39.5600,657.8125
39.5700,786.4375
39.5800,890.5975
39.5900,1054.4825
39.6000,1233.5150
39.6100,1407.5950
39.6200,1528.6125
39.6300,1757.8025
39.6400,1842.1300
39.6500,1887.6225
39.6600,1942.4950
39.6700,1915.3225
39.6800,1762.7300
39.6900,1607.2650
39.7000,1575.1325
39.7100,1507.0625
39.7200,1378.6175
39.7300,1360.0000
39.7400,1296.7500
39.7500,1209.0975
39.7600,1202.4075
39.7700,1088.5850
39.7800,995.4675
39.7900,923.1775
39.8000,881.8475
39.8100,767.9750
39.8200,661.3950
39.8300,543.8475
39.8400,481.0025
39.8500,447.6650
39.8600,406.2850
39.8700,428.4775
39.8800,413.4150
39.8900,384.4075
39.9000,354.4275
39.9100,358.5175
39.9200,379.8600
39.9300,346.4750
39.9400,323.0000
39.9500,311.5075
39.9600,326.9750
39.9700,315.8650
39.9800,324.6325
39.9900,321.0200
40.0000,339.7450
40.0100,334.8775
40.0200,316.4350
40.0300,310.5200
40.0400,307.1875
40.0500,334.7700
40.0600,348.4250
40.0700,335.9700
40.0800,313.7050
40.0900,321.2075
40.1000,328.9325
40.1100,330.0000
40.1200,321.6125
40.1300,314.4125
40.1400,318.9175
40.1500,292.1050
40.1600,272.7300
40.1700,286.7125
40.1800,306.7000
40.1900,307.2175
40.2000,317.7850
40.2100,331.1100
40.2200,352.7600
40.2300,328.9350
40.2400,334.4175
40.2500,339.4350
40.2600,334.4650
40.2700,355.4525
40.2800,362.7625
40.2900,374.3775
40.3000,384.9425
40.3100,334.2900
40.3200,315.0700
40.3300,318.8375
40.3400,325.5000
40.3500,362.3975
40.3600,323.3100
40.3700,307.8450
40.3800,323.1225
40.3900,310.2250
40.4000,303.9275
40.4100,319.7525
40.4200,334.2700
40.4300,344.8625
40.4400,354.8575
40.4500,362.1225
40.4600,338.7975
40.4700,333.3325
40.4800,311.5575
40.4900,312.1075
40.5000,351.3850
40.5100,343.7050
40.5200,331.8575
40.5300,338.1350
40.5400,331.8700
40.5500,357.0800
40.5600,344.3925
40.5700,364.3350
40.5800,372.7025
40.5900,365.2325
40.6000,371.4275
40.6100,373.3325
40.6200,446.0675
40.6300,474.1000
40.6400,457.8375
40.6500,485.5875
40.6600,533.6200
40.6700,546.0175
40.6800,613.7125
40.6900,694.3150
40.7000,758.2000
40.7100,898.4375
40.7200,1061.0150
40.7300,1285.7025
40.7400,1640.3600
40.7500,2034.1350
40.7600,2382.5775
40.7700,2543.2325
40.7800,2734.3600
40.7900,2768.6875
40.8000,2819.8225
40.8100,2798.8075
40.8200,2681.1925
40.8300,2716.9775
40.8400,2746.5825
40.8500,2562.0000
40.8600,2463.0625
40.8700,2397.1225
40.8800,2304.0750
40.8900,2138.1375
40.9000,1944.3600
40.9100,1782.0775
40.9200,1605.1300
40.9300,1466.6500
40.9400,1489.9700
40.9500,1385.0700
40.9600,1172.1325
40.9700,1065.6025
40.9800,1000.1800
40.9900,766.5700
41.0000,601.9375
41.0100,557.6350
41.0200,571.6325
41.0300,508.7475
41.0400,474.3375
41.0500,485.6500
41.0600,466.5425
41.0700,428.7475
41.0800,391.3725
41.0900,401.5375
41.1000,419.6600
41.1100,379.1900
41.1200,392.6125
41.1300,392.2225
41.1400,348.5475
41.1500,328.9000
41.1600,352.5350
41.1700,360.0000
41.1800,329.0050
41.1900,309.6750
41.2000,288.6125
41.2100,293.6425
41.2200,317.2675
41.2300,343.9200
41.2400,316.5725
41.2500,311.8050
41.2600,356.9800
41.2700,339.2150
41.2800,335.1275
41.2900,352.0375
41.3000,346.4275
41.3100,353.5650
41.3200,333.6650
41.3300,316.4500
41.3400,318.4375
41.3500,335.3000
41.3600,345.0950
41.3700,333.9350
41.3800,335.0875
41.3900,334.1250
41.4000,368.8975
41.4100,357.1550
41.4200,327.1700
41.4300,317.4650
41.4400,293.8725
41.4500,329.6900
41.4600,358.5075
41.4700,350.6975
41.4800,313.8425
41.4900,293.2400
41.5000,315.2125
41.5100,310.7375
41.5200,296.5975
41.5300,303.3950
41.5400,319.2350
41.5500,343.4275
41.5600,337.4500
41.5700,333.3325
41.5800,343.3575
41.5900,326.6350
41.6000,292.4775
41.6100,335.8375
41.6200,353.3325
41.6300,348.3400
41.6400,341.6775
41.6500,332.5225
41.6600,362.3800
41.6700,353.4225
41.6800,346.6675
41.6900,359.0925
41.7000,343.4675
41.7100,351.5550
41.7200,346.7500
41.7300,345.8100
41.7400,339.2400
41.7500,349.0350
41.7600,345.9175
41.7700,365.5625
41.7800,400.4825
41.7900,360.6750
41.8000,345.7975
41.8100,376.2175
41.8200,364.5200
41.8300,388.6300
41.8400,412.2850
41.8500,399.4825
41.8600,430.1300
41.8700,455.5900
41.8800,460.0000
41.8900,545.6650
41.9000,640.2550
41.9100,739.0925
41.9200,898.5350
41.9300,1046.7125
41.9400,1271.0800
41.9500,1512.9850
41.9600,1713.0025
41.9700,1894.7000
41.9800,2106.2000
41.9900,2302.6900
42.0000,2319.3525
42.0100,2246.0350
42.0200,2174.8650
42.0300,2013.7925
42.0400,1875.3075
42.0500,1765.9600
42.0600,1792.2350
42.0700,1777.1200
42.0800,1751.2725
42.0900,1688.8125
42.1000,1587.1800
42.1100,1568.7000
42.1200,1522.8275
42.1300,1383.1725
42.1400,1151.7625
42.1500,996.0175
42.1600,920.1750
42.1700,817.0825
42.1800,706.7250
42.1900,614.4700
42.2000,549.3625
42.2100,509.4475
42.2200,488.0675
42.2300,435.6350
42.2400,359.4725
42.2500,343.8100
42.2600,389.4975
42.2700,380.5125
42.2800,381.8800
42.2900,374.7975
42.3000,372.3725
42.3100,370.9625
42.3200,379.4750
42.3300,354.9325
42.3400,340.9675
42.3500,344.7275
42.3600,356.1125
42.3700,381.2350
42.3800,385.2850
42.3900,371.5550
42.4000,361.9575
42.4100,345.8850
42.4200,344.7000
42.4300,309.0875
42.4400,319.1500
42.4500,351.1050
42.4600,381.0900
42.4700,357.2175
42.4800,355.0325
42.4900,364.6750
42.5000,366.6675
42.5100,413.3550
42.5200,424.0025
42.5300,429.3225
42.5400,500.8750
42.5500,571.8900
42.5600,608.6025
42.5700,598.0775
42.5800,578.3900
42.5900,526.9300
42.6000,474.2100
42.6100,457.6825
42.6200,447.4075
42.6300,441.0200
42.6400,430.7550
42.6500,419.7375
42.6600,451.2825
42.6700,457.4425
42.6800,460.2450
42.6900,421.8900
42.7000,403.3325
42.7100,391.8400
42.7200,356.8050
42.7300,361.6975
42.7400,351.6500
42.7500,341.0425
42.7600,326.2600
42.7700,340.5950
42.7800,347.7125
42.7900,326.1025
42.8000,323.5150
42.8100,287.8850
42.8200,267.7200
42.8300,268.9450
42.8400,279.1050
42.8500,290.1575
42.8600,293.3325
42.8700,281.9800
42.8800,301.6275
42.8900,336.0075
42.9000,326.2750
42.9100,325.7225
42.9200,302.8550
42.9300,258.3525
42.9400,265.9200
42.9500,310.5225
42.9600,335.6875
42.9700,358.0275
42.9800,357.6600
42.9900,355.5825
43.0000,376.9025
43.0100,427.1050
43.0200,451.1575
43.0300,471.2800
43.0400,491.2075
43.0500,451.8725
43.0600,396.4300
43.0700,404.6000
43.0800,416.6675
43.0900,380.9400
43.1000,383.4150
43.1100,379.9575
43.1200,386.7000
43.1300,373.3000
43.1400,434.5125
43.1500,434.4375
43.1600,398.9000
43.1700,372.2450
43.1800,338.9400
43.1900,339.9625
43.2000,344.4525
43.2100,336.6950
43.2200,335.5450
43.2300,345.5025
43.2400,325.7200
43.2500,311.1275
43.2600,314.4075
43.2700,327.6775
43.2800,309.1275
43.2900,257.0850
43.3000,276.2175
43.3100,294.4700
43.3200,275.7825
43.3300,266.6675
43.3400,299.5250
43.3500,312.2900
43.3600,307.8125
43.3700,324.1500
43.3800,315.8625
43.3900,315.3950
43.4000,343.9850
43.4100,352.3100
43.4200,350.0000
43.4300,332.5975
43.4400,329.8550
43.4500,313.7850
43.4600,283.8000
43.4700,279.8400
43.4800,294.1700
43.4900,274.0150
43.5000,279.4750
43.5100,305.1350
43.5200,278.7650
43.5300,305.3350
43.5400,325.6850
43.5500,325.4900
43.5600,346.0525
43.5700,371.7325
43.5800,349.8925
43.5900,346.2275
43.6000,349.0375
43.6100,331.6475
43.6200,349.0625
43.6300,365.4750
43.6400,390.2150
43.6500,396.9150
43.6600,395.4700
43.6700,392.3950
43.6800,387.8650
43.6900,395.1975
43.7000,414.9175
43.7100,446.7550
43.7200,466.3825
43.7300,440.2350
43.7400,436.0800
43.7500,456.0700
43.7600,408.1825
43.7700,421.1775
43.7800,427.6050
43.7900,412.4350
43.8000,405.7700
43.8100,443.4825
43.8200,439.2175
43.8300,446.5425
43.8400,447.3500
43.8500,383.1200
43.8600,354.2100
43.8700,384.0125
43.8800,427.3250
43.8900,451.7350
43.9000,448.2725
43.9100,413.9750
43.9200,444.8625
43.9300,450.3000
43.9400,430.3900
43.9500,449.6650
43.9600,471.6900
43.9700,478.7550
43.9800,498.7725
43.9900,520.4225
44.0000,553.7425
44.0100,649.0825
44.0200,727.8600
44.0300,767.4450
44.0400,788.3050
44.0500,836.9050
44.0600,900.6500
44.0700,919.1900
44.0800,920.8075
44.0900,917.1275
44.1000,917.4675
44.1100,911.7375
44.1200,871.5825
44.1300,796.3825
44.1400,755.0900
44.1500,760.2950
44.1600,733.7475
44.1700,696.8850
44.1800,678.4500
44.1900,697.9675
44.2000,701.0250
44.2100,681.0350
44.2200,630.3225
44.2300,589.0075
44.2400,561.5950
44.2500,562.2600
44.2600,551.6225
44.2700,548.1625
44.2800,557.4100
44.2900,570.1875
44.3000,570.5600
44.3100,568.7000
44.3200,547.6400
44.3300,527.2400
44.3400,515.2150
44.3500,471.4675
44.3600,450.7200
44.3700,437.1350
44.3800,428.6900
44.3900,460.3275
44.4000,484.0400
44.4100,484.6475
44.4200,511.5750
44.4300,499.7625
44.4400,471.9425
44.4500,428.4250
44.4600,373.1650
44.4700,345.2950
44.4800,344.0175
44.4900,344.6600
44.5000,367.3950
44.5100,373.3150
44.5200,328.6275
44.5300,299.3325
44.5400,294.6675
44.5500,317.3050
44.5600,317.3650
44.5700,278.7425
44.5800,281.9225
44.5900,318.5725
44.6000,325.3725
44.6100,316.0225
44.6200,289.4900
44.6300,283.2600
44.6400,297.9350
44.6500,305.3150
44.6600,282.8950
44.6700,274.5850
44.6800,272.0875
44.6900,248.8775
44.7000,248.5175
44.7100,298.1125
44.7200,318.7775
44.7300,313.3325
44.7400,311.3650
44.7500,317.8700
44.7600,323.3325
44.7700,315.4750
44.7800,315.8900
44.7900,312.1525
44.8000,300.7850
44.8100,292.7500
44.8200,295.8725
44.8300,344.9850
44.8400,353.2125
44.8500,356.1950
44.8600,416.8350
44.8700,461.7000
44.8800,468.0525
44.8900,466.6675
44.9000,468.6125
44.9100,471.9450
44.9200,420.8800
44.9300,402.7450
44.9400,420.5475
44.9500,411.7025
44.9600,409.1450
44.9700,409.4625
44.9800,416.3375
44.9900,417.5350
45.0000,432.6450
45.0100,425.4400
45.0200,417.7125
45.0300,373.2350
45.0400,315.4875
45.0500,321.1625
45.0600,334.7450
45.0700,342.9375
45.0800,313.5275
45.0900,294.3400
45.1000,321.0850
45.1100,311.7675
45.1200,276.1075
45.1300,255.6825
45.1400,265.2900
45.1500,288.1250
45.1600,294.7575
45.1700,291.4275
45.1800,282.3775
45.1900,288.0900
45.2000,260.5175
45.2100,246.6425
45.2200,292.7625
45.2300,302.9150
45.2400,272.9275
45.2500,271.3725
45.2600,291.3650
45.2700,279.1800
45.2800,267.1150
45.2900,296.4600
45.3000,271.3425
45.3100,238.5550
45.3200,279.6000
45.3300,310.0000
45.3400,311.8825
45.3500,322.7425
45.3600,333.7600
45.3700,310.3625
45.3800,295.6325
45.3900,294.3725
45.4000,286.2500
45.4100,305.8125
45.4200,342.0525
45.4300,326.7375
45.4400,320.1550
45.4500,335.2000
45.4600,314.2700
45.4700,289.2075
45.4800,272.1525
45.4900,296.8550
45.5000,334.5000
45.5100,308.0025
45.5200,278.1425
45.5300,295.2350
45.5400,302.5775
45.5500,276.2725
45.5600,254.4425
45.5700,253.7025
45.5800,304.7675
45.5900,332.2400
45.6000,308.5550
45.6100,283.7450
45.6200,282.5575
45.6300,308.4325
45.6400,304.9150
45.6500,282.6375
45.6600,298.7375
45.6700,292.7750
45.6800,267.8225
45.6900,285.3550
45.7000,307.0000
45.7100,317.3300
45.7200,337.9825
45.7300,360.9800
45.7400,364.5150
45.7500,350.8650
45.7600,336.0300
45.7700,337.2975
45.7800,343.3325
45.7900,323.2925
45.8000,312.1275
45.8100,313.0275
45.8200,320.9075
45.8300,331.8175
45.8400,322.4400
45.8500,331.4750
45.8600,339.4150
45.8700,326.0875
45.8800,356.2025
45.8900,377.6225
45.9000,373.6150
45.9100,387.5050
45.9200,441.7900
45.9300,452.9450
45.9400,435.4075
45.9500,465.2150
45.9600,479.4675
45.9700,455.3500
45.9800,427.4200
45.9900,393.3200
46.0000,366.1550
46.0100,381.5200
46.0200,382.0800
46.0300,341.5975
46.0400,328.9475
46.0500,377.7925
46.0600,393.6775
46.0700,358.8100
46.0800,341.5500
46.0900,336.4350
46.1000,354.7150
46.1100,332.3825
46.1200,287.7700
46.1300,276.4450
46.1400,282.2175
46.1500,286.4500
46.1600,269.1400
46.1700,258.4400
46.1800,261.7725
46.1900,252.7100
46.2000,246.8725
46.2100,269.4475
46.2200,270.7675
46.2300,249.6050
46.2400,259.2100
46.2500,282.1475
46.2600,270.6225
46.2700,248.0525
46.2800,259.1650
46.2900,282.1225
46.3000,305.8100
46.3100,321.7550
46.3200,284.7425
46.3300,248.2475
46.3400,262.4325
46.3500,274.9150
46.3600,252.3425
46.3700,236.8300
46.3800,267.9475
46.3900,291.5875
46.4000,284.7675
46.4100,288.7150
46.4200,277.5050
46.4300,265.2225
46.4400,264.7825
46.4500,237.4025
46.4600,227.0875
46.4700,252.2875
46.4800,273.6050
46.4900,281.7325
46.5000,260.8150
46.5100,252.1175
46.5200,275.4425
46.5300,288.3950
46.5400,298.6375
46.5500,303.2150
46.5600,296.5500
46.5700,289.8850
46.5800,257.3825
46.5900,264.4275
46.6000,300.1075
46.6100,279.2675
46.6200,294.4575
46.6300,359.1825
46.6400,362.6500
46.6500,319.4300
46.6600,296.5750
46.6700,291.6225
46.6800,271.1825
46.6900,258.4625
46.7000,273.5825
46.7100,271.3825
46.7200,263.4125
46.7300,264.9625
46.7400,278.6650
46.7500,279.7125
46.7600,270.0700
46.7700,266.5325
46.7800,265.0975
46.7900,278.4900
46.8000,281.5775
46.8100,274.9700
46.8200,256.3900
46.8300,248.4650
46.8400,278.6625
46.8500,300.0000
46.8600,305.0700
46.8700,298.1800
46.8800,296.7925
46.8900,308.3525
46.9000,320.1100
46.9100,296.3200
46.9200,283.5275
46.9300,294.9250
46.9400,259.7775
46.9500,246.7700
46.9600,253.2875
46.9700,250.0200
46.9800,271.7700
46.9900,291.6750
47.0000,303.3775
47.0100,313.3325
47.0200,291.6025
47.0300,264.9875
47.0400,268.3475
47.0500,285.0075
47.0600,286.6650
47.0700,275.0025
47.0800,283.3200
47.0900,306.6500
47.1000,311.6775
47.1100,308.3275
47.1200,310.0000
47.1300,295.0650
47.1400,291.6075
47.1500,328.1900
47.1600,373.2050
47.1700,388.3675
47.1800,431.2950
47.1900,470.0825
47.2000,494.6850
47.2100,559.7100
47.2200,573.5050
47.2300,594.5800
47.2400,638.2750
47.2500,620.2850
47.2600,613.1175
47.2700,620.1350
47.2800,583.7125
47.2900,550.1000
47.3000,530.2075
47.3100,521.5850
47.3200,493.8925
47.3300,482.9275
47.3400,496.8475
47.3500,480.1250
47.3600,496.2150
47.3700,505.3000
47.3800,476.9425
47.3900,442.1275
47.4000,411.8500
47.4100,396.8175
47.4200,363.9500
47.4300,335.0400
47.4400,339.8375
47.4500,343.4175
47.4600,327.0100
47.4700,316.5800
47.4800,307.0250
47.4900,286.8500
47.5000,289.7175
47.5100,296.7625
47.5200,264.2150
47.5300,254.3500
47.5400,279.8975
47.5500,276.8750
47.5600,252.2525
47.5700,247.8450
47.5800,264.9450
47.5900,273.1075
47.6000,286.4375
47.6100,294.9425
47.6200,288.6300
47.6300,267.1500
47.6400,267.7800
47.6500,281.7300
47.6600,281.6025
47.6700,289.7425
47.6800,283.8575
47.6900,265.2000
47.7000,263.1975
47.7100,290.6400
47.7200,310.2775
47.7300,284.1800
47.7400,295.2375
47.7500,315.6525
47.7600,293.6275
47.7700,278.7050
47.7800,268.4100
47.7900,292.1100
47.8000,292.9825
47.8100,264.9225
47.8200,274.6025
47.8300,273.8150
47.8400,261.7475
47.8500,279.0125
47.8600,307.9175
47.8700,302.4250
47.8800,292.9925
47.8900,287.3575
47.9000,274.9125
47.9100,290.8725
47.9200,301.9350
47.9300,291.9375
47.9400,283.5150
47.9500,270.5525
47.9600,261.5725
47.9700,279.0600
47.9800,306.0975
47.9900,297.8175
48.0000,273.5275
48.0100,265.2925
48.0200,274.1100
48.0300,277.4650
48.0400,250.8050
48.0500,241.3625
48.0600,268.5625
48.0700,316.7800
48.0800,318.3400
48.0900,288.4400
48.1000,285.1075
48.1100,277.0950
48.1200,282.4675
48.1300,299.7825
48.1400,314.2275
48.1500,325.1100
48.1600,315.5600
48.1700,314.4350
48.1800,357.4925
48.1900,396.6675
48.2000,407.5225
48.2100,429.3000
48.2200,447.7450
48.2300,462.8600
48.2400,474.6425
48.2500,467.6300
48.2600,462.6050
48.2700,467.1550
48.2800,439.9350
48.2900,413.5825
48.3000,399.2075
48.3100,383.5850
48.3200,381.5400
48.3300,378.7175
48.3400,399.4800
48.3500,460.7425
48.3600,525.8550
48.3700,567.6775
48.3800,608.8900
48.3900,658.9350
48.4000,707.0525
48.4100,797.2150
48.4200,861.2600
48.4300,837.5975
48.4400,815.5650
48.4500,768.8725
48.4600,670.7025
48.4700,617.1025
48.4800,594.5775
48.4900,596.9500
48.5000,610.0950
48.5100,610.2025
48.5200,589.7100
48.5300,596.3750
48.5400,616.7225
48.5500,657.9375
48.5600,660.5550
48.5700,604.4975
48.5800,559.3825
48.5900,539.0875
48.6000,489.0950
48.6100,430.9150
48.6200,420.0000
48.6300,409.4125
48.6400,387.5975
48.6500,390.2625
48.6600,379.4900
48.6700,355.7200
48.6800,369.6825
48.6900,353.7375
48.7000,314.9350
48.7100,305.7000
48.7200,313.6575
48.7300,308.4950
48.7400,299.1525
48.7500,290.0000
48.7600,277.9900
48.7700,282.8400
48.7800,321.6650
48.7900,337.0025
48.8000,337.8275
48.8100,319.3775
48.8200,279.5250
48.8300,268.1625
48.8400,265.5150
48.8500,283.9025
48.8600,308.8550
48.8700,291.3950
48.8800,278.1575
48.8900,302.3600
48.9000,330.0000
48.9100,324.0450
48.9200,315.1775
48.9300,335.6425
48.9400,351.4425
48.9500,332.2100
48.9600,337.0600
48.9700,363.3575
48.9800,378.5175
48.9900,376.6675
49.0000,367.7775
49.0100,369.9950
49.0200,360.0250
49.0300,319.2700
49.0400,332.1775
49.0500,364.4325
49.0600,364.0925
49.0700,355.1900
49.0800,353.3325
49.0900,359.2300
49.1000,360.7725
49.1100,344.4950
49.1200,356.8875
49.1300,382.2525
49.1400,372.2550
49.1500,363.7275
49.1600,357.0625
49.1700,356.2700
49.1800,384.9450
49.1900,447.4650
49.2000,467.6100
49.2100,466.7750
49.2200,511.3100
49.2300,512.4375
49.2400,510.4775
49.2500,519.1225
49.2600,492.2825
49.2700,472.0625
49.2800,447.4950
49.2900,415.2000
49.3000,403.7475
49.3100,432.9150
49.3200,439.5800
49.3300,412.7600
49.3400,370.4225
49.3500,394.2975
49.3600,427.0925
49.3700,405.9000
49.3800,371.7175
49.3900,372.6300
49.4000,393.3325
49.4100,390.4325
49.4200,382.3200
49.4300,347.7000
49.4400,307.1050
49.4500,296.1000
49.4600,282.3275
49.4700,272.3300
49.4800,288.3350
49.4900,306.5600
49.5000,291.8900
49.5100,290.0000
49.5200,305.8575
49.5300,302.1700
49.5400,271.4400
49.5500,289.1675
49.5600,292.7350
49.5700,265.6850
49.5800,270.0600
49.5900,279.0225
49.6000,289.1275
49.6100,307.1300
49.6200,293.2925
49.6300,287.1675
49.6400,286.6350
49.6500,264.7400
49.6600,246.1750
49.6700,239.5275
49.6800,256.2050
49.6900,269.0450
49.7000,250.4750
49.7100,247.6125
49.7200,268.0950
49.7300,258.5875
49.7400,246.1850
49.7500,259.9775
49.7600,277.6075
49.7700,270.5200
49.7800,259.0250
49.7900,263.8225
49.8000,254.3125
49.8100,250.9300
49.8200,248.1450
49.8300,235.2475
49.8400,236.1725
49.8500,245.6725
49.8600,264.6750
49.8700,261.5800
49.8800,233.8350
49.8900,234.2475
49.9000,251.3200
49.9100,266.6675
49.9200,280.8025
49.9300,275.9825
49.9400,258.8675
49.9500,267.2975
49.9600,244.3575
49.9700,246.5375
49.9800,260.0000
49.9900,260.0000
50.0000,260.0000
