#Intensity_unit=cps
#Attenuator_coefficient=1.0000
10.0000,922.5375
10.0100,980.1100
10.0200,950.2575
10.0300,967.8975
10.0400,1030.6350
10.0500,1000.3000
10.0600,951.2250
10.0700,867.9300
10.0800,917.5150
10.0900,899.1250
10.1000,899.6925
10.1100,957.4475
10.1200,1026.8050
10.1300,966.8650
10.1400,944.9000
10.1500,943.3325
10.1600,964.4575
10.1700,993.8150
10.1800,987.6200
10.1900,947.4825
10.2000,946.3475
10.2100,970.7600
10.2200,946.2375
10.2300,925.2775
10.2400,881.2200
10.2500,858.6250
10.2600,970.8875
10.2700,935.2600
10.2800,908.9775
10.2900,903.6650
10.3000,966.3525
10.3100,907.3375
10.3200,908.9950
10.3300,945.9675
10.3400,941.0125
10.3500,951.9800
10.3600,959.3200
10.3700,989.9250
10.3800,1008.2900
10.3900,986.0800
10.4000,959.4225
10.4100,1016.4175
10.4200,978.5375
10.4300,994.2300
10.4400,963.8425
10.4500,951.0525
10.4600,938.0750
10.4700,933.6875
10.4800,948.2275
10.4900,914.2675
10.5000,912.9775
10.5100,931.1850
10.5200,951.1775
10.5300,971.1700
10.5400,1008.9925
10.5500,1060.8575
10.5600,1054.7900
10.5700,955.3975
10.5800,949.2675
10.5900,967.7925
10.6000,990.7475
10.6100,978.5200
10.6200,923.3600
10.6300,925.5475
10.6400,858.6100
10.6500,947.6050
10.6600,957.0425
10.6700,894.6075
10.6800,972.3300
10.6900,944.9500
10.7000,975.4175
10.7100,903.2975
10.7200,955.2600
10.7300,925.0150
10.7400,946.5175
10.7500,932.3300
10.7600,894.6750
10.7700,940.0225
10.7800,952.5500
10.7900,932.7550
10.8000,885.9225
10.8100,868.2500
10.8200,860.7950
10.8300,883.4775
10.8400,883.7325
10.8500,939.0425
10.8600,926.1500
10.8700,917.4750
10.8800,975.2300
10.8900,924.7950
10.9000,940.0725
10.9100,934.5600
10.9200,945.0250
10.9300,952.5100
10.9400,950.4125
10.9500,955.8375
10.9600,927.4900
10.9700,940.8325
10.9800,917.0975
10.9900,887.1100
11.0000,889.1575
11.0100,901.6450
11.0200,932.4325
11.0300,904.6725
11.0400,931.9800
11.0500,936.6675
11.0600,977.3300
11.0700,977.5275
11.0800,851.8850
11.0900,943.5550
11.1000,913.6125
11.1100,918.2575
11.1200,934.4825
11.1300,982.9900
11.1400,958.1675
11.1500,901.2675
11.1600,942.4825
11.1700,941.3300
11.1800,870.6750
11.1900,877.3225
11.2000,891.5425
11.2100,901.9875
11.2200,943.6975
11.2300,964.4075
11.2400,929.2225
11.2500,957.8825
11.2600,997.8650
11.2700,951.5600
11.2800,885.8350
11.2900,928.3900
11.3000,919.4325
11.3100,893.7000
11.3200,832.6100
11.3300,903.6400
11.3400,893.7325
11.3500,878.5375
11.3600,928.2175
11.3700,885.1400
11.3800,882.3900
11.3900,929.0900
11.4000,925.2325
11.4100,923.3325
11.4200,951.8900
11.4300,905.2875
11.4400,916.6375
11.4500,962.7725
11.4600,881.6450
11.4700,809.6900
11.4800,862.6425
11.4900,930.2525
11.5000,948.5350
11.5100,907.3525
11.5200,857.3725
11.5300,841.4800
11.5400,939.3650
11.5500,931.1275
11.5600,943.6850
11.5700,929.6575
11.5800,878.5000
11.5900,901.1525
11.6000,946.2950
11.6100,919.3825
11.6200,870.9175
11.6300,818.1125
11.6400,852.3725
11.6500,882.5875
11.6600,914.8875
11.6700,911.5375
11.6800,870.5300
11.6900,902.7825
11.7000,955.0625
11.7100,946.4450
11.7200,875.8100
11.7300,911.1375
11.7400,872.2200
11.7500,894.2350
11.7600,908.4225
11.7700,938.0625
11.7800,920.8950
11.7900,897.0425
11.8000,845.7000
11.8100,859.0700
11.8200,899.7225
11.8300,923.4525
11.8400,912.6850
11.8500,854.1050
11.8600,812.6075
11.8700,859.7125
11.8800,858.8375
11.8900,859.4550
11.9000,893.4500
11.9100,847.0650
11.9200,831.0975
11.9300,866.1800
11.9400,867.7700
11.9500,869.4475
11.9600,895.0075
11.9700,847.2325
11.9800,878.3025
11.9900,836.7275
12.0000,887.6700
12.0100,919.4000
12.0200,895.6350
12.0300,851.2425
12.0400,871.0025
12.0500,907.0875
12.0600,874.6375
12.0700,888.7675
12.0800,887.8125
12.0900,881.1475
12.1000,907.5800
12.1100,916.0900
12.1200,946.9725
12.1300,945.0725
12.1400,926.8200
12.1500,818.8100
12.1600,824.1575
12.1700,851.9800
12.1800,881.3825
12.1900,892.1550
12.2000,865.9025
12.2100,805.1675
12.2200,842.6550
12.2300,834.1625
12.2400,854.6350
12.2500,857.2650
12.2600,911.3475
12.2700,885.0775
12.2800,871.2050
12.2900,902.7550
12.3000,915.4550
12.3100,935.7525
12.3200,920.9250
12.3300,892.1550
12.3400,875.7800
12.3500,873.3325
12.3600,952.1825
12.3700,915.6525
12.3800,946.7875
12.3900,940.3800
12.4000,904.1125
12.4100,931.9125
12.4200,1053.8100
12.4300,1066.4600
12.4400,1076.8675
12.4500,1112.4625
12.4600,1260.5875
12.4700,1387.9050
12.4800,1431.6050
12.4900,1528.4325
12.5000,1698.3600
12.5100,1913.9575
12.5200,2067.1350
12.5300,2031.4000
12.5400,2180.8325
12.5500,2289.9325
12.5600,2239.4625
12.5700,2134.6750
12.5800,1995.1925
12.5900,1953.2500
12.6000,1708.6275
12.6100,1521.3425
12.6200,1348.0225
12.6300,1211.5975
12.6400,1186.6675
12.6500,1082.3775
12.6600,1096.7550
12.6700,1149.4025
12.6800,1127.9675
12.6900,1160.0175
12.7000,1209.9950
12.7100,1243.9825
12.7200,1316.5775
12.7300,1458.4250
12.7400,1519.2600
12.7500,1630.3425
12.7600,1680.5775
12.7700,1822.0825
12.7800,1875.2425
12.7900,1962.2125
12.8000,1898.5175
12.8100,1913.7500
12.8200,1867.7400
12.8300,1877.1450
12.8400,1751.1275
12.8500,1544.9050
12.8600,1426.0550
12.8700,1272.0625
12.8800,1162.8100
12.8900,1072.1575
12.9000,1042.7950
12.9100,971.5450
12.9200,879.6575
12.9300,907.3350
12.9400,930.5125
12.9500,878.1775
12.9600,876.4575
12.9700,853.7675
12.9800,817.8275
12.9900,851.9200
13.0000,829.2950
13.0100,812.1500
13.0200,828.3075
13.0300,804.5850
13.0400,775.7700
13.0500,827.4275
13.0600,840.7250
13.0700,834.7850
13.0800,851.5725
13.0900,835.8350
13.1000,801.3750
13.1100,769.9275
13.1200,789.3225
13.1300,859.0025
13.1400,845.5175
13.1500,844.4500
13.1600,854.4450
13.1700,817.8050
13.1800,837.7350
13.1900,769.0425
13.2000,772.5250
13.2100,795.5050
13.2200,802.5825
13.2300,842.0475
13.2400,881.7050
13.2500,879.6900
13.2600,853.4825
13.2700,841.5175
13.2800,785.9750
13.2900,754.5750
13.3000,791.1100
13.3100,800.7650
13.3200,817.9625
13.3300,807.9475
13.3400,767.4550
13.3500,782.2775
13.3600,841.1875
13.3700,833.6475
13.3800,813.8875
13.3900,799.7825
13.4000,755.8225
13.4100,799.4575
13.4200,826.8650
13.4300,883.5025
13.4400,854.1725
13.4500,819.6450
13.4600,795.5350
13.4700,736.6400
13.4800,755.5500
13.4900,786.9675
13.5000,793.3325
13.5100,803.4700
13.5200,854.7850
13.5300,826.9750
13.5400,750.1025
13.5500,740.1100
13.5600,771.1175
13.5700,792.6200
13.5800,784.0550
13.5900,797.6450
13.6000,793.2575
13.6100,792.5175
13.6200,735.4725
13.6300,792.0850
13.6400,814.1550
13.6500,798.2700
13.6600,778.2800
13.6700,836.0125
13.6800,836.6225
13.6900,764.9025
13.7000,735.8275
13.7100,740.8350
13.7200,763.3225
13.7300,797.4650
13.7400,784.2100
13.7500,741.7575
13.7600,737.4750
13.7700,764.9000
13.7800,800.7050
13.7900,834.8650
13.8000,825.9400
13.8100,792.6850
13.8200,800.7025
13.8300,786.8300
13.8400,782.4775
13.8500,741.2375
13.8600,731.6150
13.8700,763.0050
13.8800,790.6300
13.8900,744.8125
13.9000,734.0700
13.9100,751.4625
13.9200,741.8825
13.9300,726.8175
13.9400,715.9525
13.9500,784.6400
13.9600,834.5700
13.9700,774.5825
13.9800,759.8150
13.9900,819.7250
14.0000,798.3475
14.0100,758.8500
14.0200,774.4650
14.0300,788.2225
14.0400,768.0125
14.0500,781.9725
14.0600,821.7150
14.0700,767.5125
14.0800,745.7700
14.0900,739.3625
14.1000,765.8575
14.1100,779.0975
14.1200,726.5625
14.1300,743.0750
14.1400,824.5800
14.1500,818.4925
14.1600,809.0875
14.1700,780.9575
14.1800,808.6950
14.1900,784.6675
14.2000,714.4575
14.2100,739.1825
14.2200,775.9575
14.2300,768.8750
14.2400,734.4400
14.2500,766.6400
14.2600,829.0125
14.2700,829.8500
14.2800,830.5350
14.2900,811.7450
14.3000,860.8625
14.3100,852.1950
14.3200,792.1300
14.3300,797.2500
14.3400,799.4975
14.3500,777.5625
14.3600,762.8400
14.3700,762.3850
14.3800,741.8900
14.3900,759.5225
14.4000,772.3800
14.4100,759.0700
14.4200,760.4600
14.4300,810.8075
14.4400,787.3050
14.4500,701.2675
14.4600,663.8600
14.4700,657.6325
14.4800,663.7600
14.4900,706.8350
14.5000,739.8600
14.5100,822.1600
14.5200,806.1850
14.5300,748.9775
14.5400,716.8575
14.5500,700.5925
14.5600,720.1675
14.5700,680.6850
14.5800,725.7000
14.5900,786.1575
14.6000,809.3725
14.6100,832.0625
14.6200,809.5900
14.6300,740.5700
14.6400,744.6925
14.6500,740.3300
14.6600,733.3325
14.6700,737.9925
14.6800,765.6100
14.6900,792.9500
14.7000,776.7550
14.7100,743.4400
14.7200,724.0500
14.7300,740.8700
14.7400,745.3650
14.7500,759.5400
14.7600,734.2775
14.7700,750.0500
14.7800,784.1200
14.7900,765.6375
14.8000,727.9675
14.8100,751.2300
14.8200,789.6900
14.8300,781.5950
14.8400,759.5425
14.8500,725.7725
14.8600,711.0375
14.8700,767.3275
14.8800,781.8775
14.8900,724.0125
14.9000,690.8500
14.9100,714.0950
14.9200,756.3550
14.9300,811.0750
14.9400,823.1600
14.9500,776.7150
14.9600,752.1150
14.9700,793.2150
14.9800,799.6975
14.9900,859.1825
15.0000,817.3975
15.0100,760.6650
15.0200,763.5900
15.0300,772.2625
15.0400,771.0725
15.0500,788.0750
15.0600,828.2725
15.0700,886.1900
15.0800,886.3825
15.0900,838.3850
15.1000,804.2500
15.1100,810.1550
15.1200,850.3600
15.1300,772.4050
15.1400,762.5450
15.1500,815.8475
15.1600,799.7525
15.1700,729.6525
15.1800,705.5675
15.1900,744.6275
15.2000,823.5725
15.2100,833.2700
15.2200,754.2875
15.2300,688.8450
15.2400,680.0025
15.2500,752.2025
15.2600,751.1525
15.2700,713.3725
15.2800,716.6275
15.2900,692.3375
15.3000,667.8175
15.3100,674.3850
15.3200,673.3750
15.3300,705.3000
15.3400,756.3975
15.3500,742.5000
15.3600,724.4650
15.3700,703.5450
15.3800,688.9400
15.3900,715.1975
15.4000,708.0725
15.4100,690.0950
15.4200,697.6125
15.4300,709.8950
15.4400,726.4450
15.4500,707.1350
15.4600,702.0575
15.4700,719.7425
15.4800,724.4900
15.4900,697.2275
15.5000,672.4650
15.5100,729.6425
15.5200,735.1275
15.5300,724.3350
15.5400,661.6925
15.5500,665.6175
15.5600,712.6100
15.5700,676.9875
15.5800,654.3150
15.5900,680.3850
15.6000,691.1800
15.6100,715.8275
15.6200,680.5450
15.6300,642.5925
15.6400,701.0575
15.6500,702.3550
15.6600,685.4750
15.6700,697.3700
15.6800,718.3025
15.6900,733.0775
15.7000,736.6675
15.7100,745.1975
15.7200,722.3000
15.7300,700.2800
15.7400,677.5250
15.7500,704.9125
15.7600,737.2800
15.7700,749.6950
15.7800,664.3375
15.7900,670.4925
15.8000,707.5625
15.8100,665.6250
15.8200,637.8900
15.8300,645.1025
15.8400,694.2500
15.8500,720.0000
15.8600,667.4200
15.8700,642.9700
15.8800,673.9575
15.8900,692.0975
15.9000,693.3325
15.9100,668.2150
15.9200,676.3375
15.9300,685.8225
15.9400,687.5075
15.9500,690.0000
15.9600,710.8325
15.9700,712.9275
15.9800,687.9525
15.9900,664.2025
16.0000,704.4000
16.0100,706.3800
16.0200,687.9275
16.0300,678.3900
16.0400,691.9400
16.0500,715.7250
16.0600,702.7000
16.0700,671.4475
16.0800,680.5950
16.0900,693.3325
16.1000,664.5575
16.1100,624.0800
16.1200,677.6975
16.1300,783.5325
16.1400,766.0050
16.1500,705.4550
16.1600,683.8700
16.1700,663.6700
16.1800,710.4350
16.1900,709.9950
16.2000,658.1725
16.2100,652.2000
16.2200,694.5325
16.2300,706.5200
16.2400,712.1650
16.2500,685.5700
16.2600,639.0550
16.2700,649.6100
16.2800,688.8775
16.2900,669.0400
16.3000,640.6200
16.3100,680.9550
16.3200,691.9000
16.3300,661.9175
16.3400,662.0425
16.3500,722.1300
16.3600,736.6375
16.3700,699.3225
16.3800,667.3425
16.3900,688.6175
16.4000,706.0100
16.4100,715.2900
16.4200,693.4725
16.4300,687.2550
16.4400,678.7850
16.4500,700.4050
16.4600,699.5425
16.4700,657.5850
16.4800,655.8275
16.4900,672.5950
16.5000,688.5125
16.5100,698.6400
16.5200,658.6225
16.5300,641.8100
16.5400,659.8325
16.5500,680.4150
16.5600,682.1525
16.5700,696.2675
16.5800,688.4625
16.5900,685.0700
16.6000,683.5625
16.6100,698.1375
16.6200,666.5375
16.6300,656.7075
16.6400,731.7050
16.6500,709.1925
16.6600,649.7425
16.6700,649.6975
16.6800,693.4775
16.6900,731.6125
16.7000,699.4000
16.7100,652.6175
16.7200,682.4425
16.7300,701.7700
16.7400,662.5325
16.7500,641.9225
16.7600,662.5425
16.7700,668.9925
16.7800,648.0000
16.7900,646.2400
16.8000,660.9825
16.8100,666.6675
16.8200,668.5750
16.8300,698.5950
16.8400,666.6800
16.8500,622.8625
16.8600,644.7025
16.8700,722.1725
16.8800,709.7875
16.8900,685.6050
16.9000,667.8400
16.9100,664.1200
16.9200,678.1125
16.9300,678.5525
16.9400,676.2325
16.9500,667.6900
16.9600,674.6075
16.9700,696.4725
16.9800,725.4175
16.9900,696.9225
17.0000,678.3000
17.0100,693.7375
17.0200,668.6675
17.0300,650.3950
17.0400,653.3325
17.0500,675.6575
17.0600,680.3250
17.0700,644.0150
17.0800,630.7500
17.0900,649.6300
17.1000,645.2025
17.1100,659.2000
17.1200,668.9275
17.1300,636.0350
17.1400,627.7150
17.1500,644.0225
17.1600,635.3025
17.1700,617.8275
17.1800,629.8300
17.1900,637.8400
17.2000,636.9900
17.2100,656.4400
17.2200,675.4725
17.2300,663.6000
17.2400,617.2375
17.2500,639.0875
17.2600,690.8950
17.2700,701.8150
17.2800,683.4050
17.2900,646.7625
17.3000,624.5775
17.3100,625.4150
17.3200,630.0000
17.3300,615.5925
17.3400,626.7200
17.3500,670.0250
17.3600,677.4375
17.3700,646.9500
17.3800,672.9675
17.3900,699.2700
17.4000,659.6375
17.4100,667.2275
17.4200,680.6300
17.4300,666.6675
17.4400,668.4450
17.4500,677.1025
17.4600,654.9625
17.4700,628.2300
17.4800,596.5950
17.4900,598.2675
17.5000,623.3325
17.5100,640.9575
17.5200,660.1875
17.5300,677.4000
17.5400,679.4650
17.5500,675.2625
17.5600,683.5025
17.5700,681.4175
17.5800,687.1500
17.5900,675.7225
17.6000,675.8400
17.6100,684.6275
17.6200,678.4050
17.6300,676.5275
17.6400,662.9275
17.6500,656.7975
17.6600,699.7925
17.6700,677.9150
17.6800,631.9625
17.6900,641.7225
17.7000,626.1175
17.7100,635.7900
17.7200,661.7175
17.7300,680.4825
17.7400,686.3900
17.7500,651.0075
17.7600,645.4600
17.7700,639.4450
17.7800,635.4125
17.7900,653.3325
17.8000,656.7325
17.8100,646.4200
17.8200,641.8100
17.8300,655.0800
17.8400,651.5450
17.8500,661.9100
17.8600,671.5675
17.8700,658.2800
17.8800,655.0150
17.8900,646.5850
17.9000,663.5125
17.9100,648.1075
17.9200,631.7700
17.9300,643.2950
17.9400,616.6475
17.9500,615.0025
17.9600,656.6325
17.9700,676.6900
17.9800,676.6300
17.9900,685.0075
18.0000,668.4300
18.0100,694.6775
18.0200,706.9375
18.0300,651.9250
18.0400,654.6700
18.0500,680.0425
18.0600,670.0950
18.0700,678.0975
18.0800,663.8425
18.0900,649.6950
18.1000,661.7650
18.1100,672.9850
18.1200,693.2600
18.1300,691.7850
18.1400,668.7900
18.1500,672.7200
18.1600,690.1850
18.1700,697.9000
18.1800,714.9500
18.1900,676.3150
18.2000,649.4525
18.2100,684.3725
18.2200,688.8675
18.2300,674.9375
18.2400,678.2700
18.2500,680.0000
18.2600,659.2200
18.2700,625.4925
18.2800,649.9975
18.2900,683.6325
18.3000,667.1275
18.3100,643.9675
18.3200,674.3850
18.3300,750.2450
18.3400,764.1925
18.3500,741.9300
18.3600,777.6500
18.3700,864.2600
18.3800,960.3000
18.3900,1041.7800
18.4000,1140.5325
18.4100,1317.0375
18.4200,1493.8725
18.4300,1637.1075
18.4400,1813.0725
18.4500,2113.4100
18.4600,2424.5650
18.4700,2614.2525
18.4800,2785.4550
18.4900,2965.0975
18.5000,3061.7875
18.5100,2995.2050
18.5200,2761.3275
18.5300,2468.9875
18.5400,2197.4125
18.5500,1931.5725
18.5600,1705.1350
18.5700,1466.0100
18.5800,1198.2675
18.5900,951.9525
18.6000,817.6575
18.6100,766.3750
18.6200,783.6625
18.6300,783.3275
18.6400,745.1725
18.6500,726.3550
18.6600,707.3650
18.6700,681.5075
18.6800,684.8375
18.6900,697.1825
18.7000,723.5000
18.7100,729.5150
18.7200,704.7025
18.7300,651.1775
18.7400,601.8425
18.7500,589.5800
18.7600,642.0675
18.7700,699.5875
18.7800,662.5900
18.7900,668.1300
18.8000,674.8475
18.8100,651.1500
18.8200,645.8900
18.8300,647.4525
18.8400,632.6600
18.8500,646.7875
18.8600,663.4925
18.8700,630.5900
18.8800,604.1625
18.8900,614.1500
18.9000,652.6675
18.9100,666.0725
18.9200,626.2150
18.9300,602.5925
18.9400,621.8875
18.9500,628.6600
18.9600,645.7625
18.9700,636.0700
18.9800,610.4600
18.9900,626.7425
19.0000,653.3325
19.0100,654.7625
19.0200,646.6775
19.0300,636.1825
19.0400,612.9700
19.0500,580.9275
19.0600,603.6825
19.0700,626.6675
19.0800,628.0800
19.0900,645.5225
19.1000,649.7600
19.1100,606.9750
19.1200,575.7875
19.1300,571.4025
19.1400,592.9300
19.1500,632.5775
19.1600,627.6775
19.1700,593.8800
19.1800,606.6850
19.1900,649.4350
19.2000,691.9125
19.2100,681.5100
19.2200,631.1425
19.2300,592.9950
19.2400,565.1425
19.2500,597.6625
19.2600,624.3100
19.2700,637.2600
19.2800,640.1700
19.2900,656.8250
19.3000,666.6675
19.3100,643.5375
19.3200,615.4325
19.3300,636.8925
19.3400,640.4250
19.3500,608.5600
19.3600,606.1100
19.3700,642.8925
19.3800,651.1250
19.3900,658.9600
19.4000,703.8925
19.4100,655.2900
19.4200,631.9975
19.4300,624.6700
19.4400,615.3375
19.4500,605.3650
19.4600,606.5900
19.4700,624.0200
19.4800,629.2475
19.4900,644.6525
19.5000,629.5525
19.5100,602.0200
19.5200,636.7300
19.5300,692.0250
19.5400,674.3150
19.5500,639.5625
19.5600,624.6350
19.5700,614.9650
19.5800,566.8175
19.5900,544.6125
19.6000,592.3850
19.6100,609.2475
19.6200,600.4500
19.6300,581.2850
19.6400,594.8875
19.6500,599.2375
19.6600,590.7375
19.6700,613.3325
19.6800,622.2550
19.6900,641.7550
19.7000,625.8750
19.7100,584.1325
19.7200,585.0600
19.7300,616.0625
19.7400,653.3325
19.7500,636.9800
19.7600,607.4875
19.7700,605.8400
19.7800,608.7500
19.7900,624.1475
19.8000,640.8700
19.8100,612.5375
19.8200,621.1050
19.8300,659.1450
19.8400,699.2025
19.8500,756.2975
19.8600,746.3025
19.8700,753.5275
19.8800,811.0350
19.8900,905.5275
19.9000,994.7875
19.9100,1072.6225
19.9200,1169.6175
19.9300,1276.7425
19.9400,1352.4525
19.9500,1448.1375
19.9600,1559.2975
19.9700,1652.8525
19.9800,1725.0925
19.9900,1792.8625
20.0000,1862.6850
20.0100,1794.8700
20.0200,1738.0575
20.0300,1670.1800
20.0400,1559.3050
20.0500,1514.7500
20.0600,1433.2850
20.0700,1190.7725
20.0800,994.7425
20.0900,889.4000
20.1000,846.4925
20.1100,790.4300
20.1200,751.4475
20.1300,726.8375
20.1400,722.8400
20.1500,707.9875
20.1600,700.4100
20.1700,652.6200
20.1800,610.7500
20.1900,594.4875
20.2000,605.8800
20.2100,611.8400
20.2200,595.7350
20.2300,597.5100
20.2400,602.8400
20.2500,645.5275
20.2600,646.7450
20.2700,663.5475
20.2800,673.1400
20.2900,638.6425
20.3000,607.7450
20.3100,612.3350
20.3200,626.6300
20.3300,641.2900
20.3400,671.0325
20.3500,642.2025
20.3600,646.6950
20.3700,676.6675
20.3800,666.7050
20.3900,615.6350
20.4000,571.1700
20.4100,577.5650
20.4200,621.1725
20.4300,606.7100
20.4400,632.8275
20.4500,707.6425
20.4600,710.2600
20.4700,701.8125
20.4800,756.2700
20.4900,771.6025
20.5000,754.9300
20.5100,818.3150
20.5200,859.8925
20.5300,902.0625
20.5400,978.8075
20.5500,987.6050
20.5600,998.7975
20.5700,990.5775
20.5800,950.6075
20.5900,916.9850
20.6000,901.2225
20.6100,893.5075
20.6200,851.9850
20.6300,759.8900
20.6400,712.8725
20.6500,691.0425
20.6600,677.7150
20.6700,624.6325
20.6800,600.9525
20.6900,645.1700
20.7000,645.3200
20.7100,637.4975
20.7200,671.5325
20.7300,691.7550
20.7400,779.6850
20.7500,814.6275
20.7600,821.1875
20.7700,885.2250
20.7800,1003.7025
20.7900,1093.5300
20.8000,1147.0525
20.8100,1188.4575
20.8200,1248.6725
20.8300,1264.3350
20.8400,1289.0025
20.8500,1316.5250
20.8600,1347.9450
20.8700,1236.8575
20.8800,1179.1325
20.8900,1140.5200
20.9000,1067.7250
20.9100,946.0725
20.9200,897.6450
20.9300,869.7475
20.9400,770.3850
20.9500,714.4350
20.9600,735.2700
20.9700,705.2200
20.9800,603.6175
20.9900,569.1000
21.0000,575.6625
21.0100,558.5800
21.0200,581.4575
21.0300,616.2000
21.0400,601.3875
21.0500,630.9475
21.0600,619.1700
21.0700,591.8100
21.0800,607.6975
21.0900,582.0925
21.1000,570.1525
21.1100,604.0150
21.1200,600.4500
21.1300,650.5525
21.1400,636.8600
21.1500,612.6225
21.1600,588.7350
21.1700,574.8325
21.1800,576.4025
21.1900,608.8425
21.2000,645.4500
21.2100,640.5925
21.2200,679.9100
21.2300,746.8725
21.2400,787.8350
21.2500,796.4100
21.2600,788.4575
21.2700,814.7600
21.2800,874.2225
21.2900,887.3200
21.3000,956.5100
21.3100,1056.0725
21.3200,1046.9175
21.3300,1105.9675
21.3400,1125.5900
21.3500,1164.3650
21.3600,1175.7950
21.3700,1200.2475
21.3800,1312.1600
21.3900,1416.7875
21.4000,1418.0600
21.4100,1395.9075
21.4200,1464.9550
21.4300,1701.3625
21.4400,1898.9325
21.4500,2029.1500
21.4600,2222.5525
21.4700,2480.1750
21.4800,2816.6600
21.4900,3093.3975
21.5000,3171.8275
21.5100,3404.2000
21.5200,3686.6150
21.5300,3723.4625
21.5400,3683.0775
21.5500,3773.3325
21.5600,3664.9250
21.5700,3238.3525
21.5800,2864.2175
21.5900,2556.2850
21.6000,2312.1075
21.6100,1983.4475
21.6200,1637.5275
21.6300,1355.7825
21.6400,1195.8275
21.6500,1088.4525
21.6600,946.3125
21.6700,895.8650
21.6800,832.8750
21.6900,802.8975
21.7000,771.3475
21.7100,740.9800
21.7200,716.1375
21.7300,683.3750
21.7400,753.7875
21.7500,723.2700
21.7600,695.4025
21.7700,721.7950
21.7800,743.8650
21.7900,715.6900
21.8000,698.3800
21.8100,754.0000
21.8200,858.0175
21.8300,910.9975
21.8400,988.5675
21.8500,1109.1450
21.8600,1200.1100
21.8700,1271.2300
21.8800,1375.2125
21.8900,1471.0525
21.9000,1627.8950
21.9100,1869.3675
21.9200,2156.6725
21.9300,2277.9200
21.9400,2287.1150
21.9500,2108.7050
21.9600,1992.5700
21.9700,1863.8400
21.9800,1735.1600
21.9900,1639.5225
22.0000,1539.6500
22.0100,1367.1550
22.0200,1194.4550
22.0300,1021.1200
22.0400,899.2950
22.0500,815.8950
22.0600,700.0000
22.0700,700.6950
22.0800,692.9550
22.0900,662.9850
22.1000,702.7475
22.1100,731.8100
22.1200,789.6975
22.1300,731.9125
22.1400,726.1925
22.1500,786.1075
22.1600,825.3475
22.1700,860.7750
22.1800,990.6700
22.1900,1091.2675
22.2000,1182.5250
22.2100,1281.7550
22.2200,1410.0600
22.2300,1606.0450
22.2400,1766.7200
22.2500,1938.9900
22.2600,2250.9875
22.2700,2545.5925
22.2800,2875.0400
22.2900,3129.2525
22.3000,3533.9975
22.3100,3908.1575
22.3200,4248.1400
22.3300,4375.8575
22.3400,4533.7600
22.3500,4489.4700
22.3600,4165.7575
22.3700,3860.3850
22.3800,3597.8950
22.3900,3139.7450
22.4000,2757.7325
22.4100,2313.9500
22.4200,1976.9400
22.4300,1659.9275
22.4400,1334.2475
22.4500,1133.9125
22.4600,1008.5325
22.4700,886.8425
22.4800,765.2200
22.4900,689.0125
22.5000,658.0225
22.5100,679.4175
22.5200,665.0450
22.5300,600.7425
22.5400,553.7875
22.5500,541.1475
22.5600,552.3775
22.5700,574.8825
22.5800,539.8125
22.5900,493.9450
22.6000,526.7950
22.6100,579.3750
22.6200,510.0000
22.6300,514.9800
22.6400,542.7525
22.6500,555.5700
22.6600,543.9975
22.6700,502.4700
22.6800,455.3175
22.6900,506.9950
22.7000,538.5125
22.7100,508.5375
22.7200,481.7425
22.7300,485.4750
22.7400,538.4425
22.7500,474.5750
22.7600,470.6175
22.7700,513.6250
22.7800,525.6050
22.7900,480.2575
22.8000,467.4150
22.8100,484.4175
22.8200,455.8575
22.8300,470.5025
22.8400,478.3325
22.8500,499.2050
22.8600,458.6450
22.8700,473.4450
22.8800,492.8425
22.8900,487.0775
22.9000,467.0925
22.9100,449.0350
22.9200,441.8950
22.9300,437.6275
22.9400,464.7575
22.9500,472.3900
22.9600,463.3800
22.9700,448.0025
22.9800,486.4175
22.9900,536.9700
23.0000,471.6150
23.0100,440.4575
23.0200,446.9650
23.0300,471.8050
23.0400,478.8450
23.0500,458.4825
23.0600,513.3325
23.0700,505.8325
23.0800,461.0550
23.0900,490.0000
23.1000,487.8325
23.1100,472.0400
23.1200,465.0475
23.1300,470.2775
23.1400,427.5125
23.1500,442.5925
23.1600,497.8825
23.1700,444.9800
23.1800,499.2025
23.1900,467.5375
23.2000,451.2250
23.2100,465.2700
23.2200,496.4850
23.2300,444.2650
23.2400,430.2475
23.2500,454.6900
23.2600,442.7475
23.2700,466.4550
23.2800,487.2875
23.2900,467.0525
23.3000,474.2050
23.3100,509.3250
23.3200,522.8325
23.3300,468.1650
23.3400,482.6050
23.3500,507.0275
23.3600,535.2000
23.3700,522.2400
23.3800,510.8000
23.3900,495.0300
23.4000,535.9525
23.4100,530.0000
23.4200,533.1650
23.4300,566.6300
23.4400,622.2950
23.4500,626.7425
23.4600,741.6275
23.4700,738.8575
23.4800,869.8575
23.4900,1083.6700
23.5000,1162.5525
23.5100,1339.1750
23.5200,1658.4950
23.5300,1876.4825
23.5400,2055.6500
23.5500,2323.0650
23.5600,2601.7250
23.5700,2884.2850
23.5800,3008.6200
23.5900,3198.6175
23.6000,3275.0950
23.6100,3190.3075
23.6200,3138.4000
23.6300,2893.2325
23.6400,2598.4775
23.6500,2367.0225
23.6600,2233.9350
23.6700,1867.6075
23.6800,1622.6025
23.6900,1521.6250
23.7000,1267.3925
23.7100,1042.8300
23.7200,880.4050
23.7300,769.5325
23.7400,721.2875
23.7500,657.0700
23.7600,624.6525
23.7700,642.3500
23.7800,666.1200
23.7900,618.7200
23.8000,605.6150
23.8100,637.0975
23.8200,684.8225
23.8300,699.4025
23.8400,653.4025
23.8500,700.2750
23.8600,745.4775
23.8700,724.3525
23.8800,648.3700
23.8900,625.9750
23.9000,617.5775
23.9100,629.3250
23.9200,616.2200
23.9300,563.9925
23.9400,572.6825
23.9500,560.7575
23.9600,522.6975
23.9700,512.4950
23.9800,502.0675
23.9900,530.2700
24.0000,484.3425
24.0100,500.7950
24.0200,514.1200
24.0300,521.6275
24.0400,440.0000
24.0500,442.2625
24.0600,478.5125
24.0700,457.7350
24.0800,531.1625
24.0900,492.7975
24.1000,482.2800
24.1100,462.6425
24.1200,451.1925
24.1300,472.9975
24.1400,465.8400
24.1500,449.6750
24.1600,444.2925
24.1700,463.8050
24.1800,471.3200
24.1900,430.4575
24.2000,440.7475
24.2100,455.3450
24.2200,427.2450
24.2300,441.2750
24.2400,467.4950
24.2500,410.2725
24.2600,416.6675
24.2700,415.3525
24.2800,386.1650
24.2900,455.0275
24.3000,415.6800
24.3100,476.9075
24.3200,482.9775
24.3300,471.5975
24.3400,422.9950
24.3500,413.2225
24.3600,410.0000
24.3700,410.2100
24.3800,416.8725
24.3900,422.2325
24.4000,387.4450
24.4100,413.6175
24.4200,423.0575
24.4300,412.0800
24.4400,368.4050
24.4500,432.6575
24.4600,406.1775
24.4700,386.6675
24.4800,386.6675
24.4900,387.0350
24.5000,403.9750
24.5100,433.4025
24.5200,435.9400
24.5300,400.0000
24.5400,401.2775
24.5500,468.8950
24.5600,406.0000
24.5700,367.0900
24.5800,394.0375
24.5900,439.6650
24.6000,416.4875
24.6100,403.0775
24.6200,383.8525
24.6300,426.3700
24.6400,400.3450
24.6500,433.2375
24.6600,423.5675
24.6700,450.0275
24.6800,453.3825
24.6900,459.9350
24.7000,449.7350
24.7100,403.3825
24.7200,413.3475
24.7300,416.5900
24.7400,393.5025
24.7500,459.9650
24.7600,439.9525
24.7700,390.0025
24.7800,406.6550
24.7900,380.0375
24.8000,363.3700
24.8100,443.0950
24.8200,483.1825
24.8300,483.3325
24.8400,443.5475
24.8500,390.3275
24.8600,393.3100
24.8700,459.4850
24.8800,370.7650
24.8900,422.8375
24.9000,489.3275
24.9100,463.6225
24.9200,404.0325
24.9300,380.2900
24.9400,396.4450
24.9500,403.2400
24.9600,409.9000
24.9700,423.1250
24.9800,462.6775
24.9900,450.2300
25.0000,446.7275
25.0100,466.2925
25.0200,453.5950
25.0300,423.9450
25.0400,416.8075
25.0500,446.0100
25.0600,469.4700
25.0700,470.0000
25.0800,408.2050
25.0900,387.1675
25.1000,445.1150
25.1100,485.6000
25.1200,496.3925
25.1300,506.3850
25.1400,467.8275
25.1500,456.9650
25.1600,456.6675
25.1700,521.2400
25.1800,533.0125
25.1900,607.4700
25.2000,648.6475
25.2100,669.3075
25.2200,721.4475
25.2300,813.2900
25.2400,938.6525
25.2500,1081.2550
25.2600,1208.4525
25.2700,1347.8275
25.2800,1606.1000
25.2900,1757.3325
25.3000,2063.5975
25.3100,2236.2500
25.3200,2441.0525
25.3300,2714.4700
25.3400,2959.0800
25.3500,3132.2350
25.3600,2996.9700
25.3700,2885.1975
25.3800,2699.1300
25.3900,2452.2100
25.4000,2316.4525
25.4100,2123.2500
25.4200,1841.3500
25.4300,1621.2700
25.4400,1414.2475
25.4500,1204.5900
25.4600,1032.5800
25.4700,922.5525
25.4800,787.6500
25.4900,641.6600
25.5000,583.0700
25.5100,529.7800
25.5200,542.3475
25.5300,499.4650
25.5400,527.9750
25.5500,514.3600
25.5600,553.9650
25.5700,537.9300
25.5800,530.4250
25.5900,551.8225
25.6000,559.5625
25.6100,541.3250
25.6200,508.9025
25.6300,515.9875
25.6400,491.8325
25.6500,437.2700
25.6600,473.6200
25.6700,479.7625
25.6800,486.1875
25.6900,520.6700
25.7000,464.6525
25.7100,435.3125
25.7200,430.2500
25.7300,426.9200
25.7400,368.1875
25.7500,391.0100
25.7600,439.4225
25.7700,421.8450
25.7800,389.3275
25.7900,398.9250
25.8000,412.2475
25.8100,398.0375
25.8200,433.3450
25.8300,409.1800
25.8400,400.5650
25.8500,418.2925
25.8600,416.9550
25.8700,444.0575
25.8800,428.4225
25.8900,444.8950
25.9000,404.1725
25.9100,406.0650
25.9200,388.4875
25.9300,395.7500
25.9400,387.5925
25.9500,416.8875
25.9600,407.9225
25.9700,376.5000
25.9800,409.5025
25.9900,428.3900
26.0000,396.9025
26.0100,414.3775
26.0200,380.6250
26.0300,394.6725
26.0400,408.6600
26.0500,418.9875
26.0600,431.9725
26.0700,427.3525
26.0800,381.8525
26.0900,397.5600
26.1000,394.0350
26.1100,387.3750
26.1200,380.7125
26.1300,388.9225
26.1400,434.5725
26.1500,416.2500
26.1600,428.1650
26.1700,421.1100
26.1800,417.0400
26.1900,387.0850
26.2000,380.3775
26.2100,421.3400
26.2200,411.9150
26.2300,471.9000
26.2400,506.5050
26.2500,480.5775
26.2600,467.8475
26.2700,437.2975
26.2800,480.2825
26.2900,492.5300
26.3000,478.6875
26.3100,535.1925
26.3200,590.1125
26.3300,584.9825
26.3400,589.1700
26.3500,613.3250
26.3600,634.1450
26.3700,662.8600
26.3800,634.6825
26.3900,580.6150
26.4000,587.8450
26.4100,563.9025
26.4200,545.5150
26.4300,543.3325
26.4400,557.7925
26.4500,577.3350
26.4600,499.1825
26.4700,480.9000
26.4800,523.2150
26.4900,489.7025
26.5000,428.6950
26.5100,408.5075
26.5200,403.7975
26.5300,449.2150
26.5400,473.8575
26.5500,456.6300
26.5600,436.1750
26.5700,473.3300
26.5800,434.3325
26.5900,420.9625
26.6000,451.3375
26.6100,433.8975
26.6200,395.8775
26.6300,395.6825
26.6400,419.3725
26.6500,403.4850
26.6600,405.6650
26.6700,392.5150
26.6800,404.1375
26.6900,426.4400
26.7000,401.7775
26.7100,410.7650
26.7200,413.3325
26.7300,418.9625
26.7400,411.5650
26.7500,421.2350
26.7600,454.2025
26.7700,417.9475
26.7800,415.6025
26.7900,399.8775
26.8000,435.8050
26.8100,404.2325
26.8200,396.6675
26.8300,441.2675
26.8400,441.6450
26.8500,428.8725
26.8600,443.3425
26.8700,410.5675
26.8800,395.0100
26.8900,434.9050
26.9000,423.9525
26.9100,400.6375
26.9200,402.1925
26.9300,417.1375
26.9400,417.2425
26.9500,438.7100
26.9600,459.8500
26.9700,435.8325
26.9800,399.7775
26.9900,374.1200
27.0000,419.3575
27.0100,435.4775
27.0200,458.5600
27.0300,496.1425
27.0400,497.8700
27.0500,442.0925
27.0600,435.4525
27.0700,425.7725
27.0800,439.6575
27.0900,451.4875
27.1000,420.7500
27.1100,426.8975
27.1200,440.8400
27.1300,427.0900
27.1400,431.4475
27.1500,473.8625
27.1600,499.5275
27.1700,487.1550
27.1800,488.7200
27.1900,516.9125
27.2000,499.1375
27.2100,485.2750
27.2200,496.7500
27.2300,553.6100
27.2400,537.2100
27.2500,564.7775
27.2600,533.2475
27.2700,579.3975
27.2800,641.3400
27.2900,648.0050
27.3000,641.3425
27.3100,751.6800
27.3200,918.1325
27.3300,1059.4800
27.3400,1211.2650
27.3500,1441.9575
27.3600,1641.4900
27.3700,1817.4350
27.3800,2046.0750
27.3900,2389.4425
27.4000,2724.8900
27.4100,2998.6500
27.4200,3363.6225
27.4300,3685.7150
27.4400,3797.2350
27.4500,3833.5950
27.4600,3722.1525
27.4700,3538.2625
27.4800,3326.7900
27.4900,3060.6925
27.5000,2694.8475
27.5100,2430.2225
27.5200,2247.2575
27.5300,2025.3925
27.5400,1760.3450
27.5500,1526.1525
27.5600,1264.1175
27.5700,1022.0775
27.5800,863.9450
27.5900,758.3975
27.6000,716.0150
27.6100,640.3775
27.6200,589.0875
27.6300,561.9875
27.6400,530.9600
27.6500,515.6300
27.6600,546.6825
27.6700,500.2900
27.6800,534.5300
27.6900,555.1150
27.7000,520.9025
27.7100,507.4475
27.7200,483.7250
27.7300,471.5725
27.7400,475.0875
27.7500,514.7825
27.7600,524.1275
27.7700,475.1550
27.7800,462.5325
27.7900,465.8625
27.8000,507.1100
27.8100,504.8500
27.8200,500.0000
27.8300,489.9225
27.8400,504.2850
27.8500,517.5425
27.8600,497.3950
27.8700,510.0700
27.8800,491.6050
27.8900,443.2775
27.9000,445.0050
27.9100,462.4900
27.9200,449.1975
27.9300,438.3475
27.9400,434.1775
27.9500,433.3325
27.9600,435.8175
27.9700,456.5225
27.9800,517.8800
27.9900,501.9925
28.0000,519.6875
28.0100,515.1725
28.0200,475.4400
28.0300,453.4700
28.0400,454.9275
28.0500,508.3400
28.0600,519.2925
28.0700,555.9500
28.0800,523.4025
28.0900,499.3175
28.1000,508.9025
28.1100,508.4450
28.1200,548.1775
28.1300,507.2325
28.1400,503.7225
28.1500,485.6625
28.1600,481.5300
28.1700,507.6175
28.1800,536.0725
28.1900,528.7950
28.2000,564.4800
28.2100,546.1525
28.2200,526.0875
28.2300,554.6925
28.2400,566.6675
28.2500,576.2950
28.2600,604.0425
28.2700,584.5150
28.2800,582.9300
28.2900,608.2325
28.3000,619.0600
28.3100,639.1275
28.3200,687.2650
28.3300,712.8750
28.3400,742.8775
28.3500,791.4150
28.3600,813.8000
28.3700,873.6600
28.3800,915.6425
28.3900,1037.0625
28.4000,1227.7000
28.4100,1407.2300
28.4200,1626.6800
28.4300,1854.6925
28.4400,2162.6600
28.4500,2477.4775
28.4600,2921.6000
28.4700,3389.3100
28.4800,3973.6100
28.4900,4369.4750
28.5000,4873.1550
28.5100,5447.3125
28.5200,5966.8350
28.5300,6244.9150
28.5400,6404.8100
28.5500,6345.3125
28.5600,6007.2125
28.5700,5601.4750
28.5800,5257.4375
28.5900,4900.6450
28.6000,4631.6975
28.6100,4517.1275
28.6200,4293.5975
28.6300,4108.8325
28.6400,3880.1850
28.6500,3447.1325
28.6600,3062.6100
28.6700,2934.7650
28.6800,2767.5100
28.6900,2628.0025
28.7000,2498.3625
28.7100,2357.4275
28.7200,2201.5750
28.7300,2004.2025
28.7400,1982.1750
28.7500,2076.0600
28.7600,2060.0600
28.7700,2066.1425
28.7800,2039.2350
28.7900,2060.7150
28.8000,2104.8525
28.8100,2274.6300
28.8200,2491.9975
28.8300,2692.8250
28.8400,2981.5225
28.8500,3323.5725
28.8600,3582.4750
28.8700,3816.8900
28.8800,4048.8400
28.8900,4219.4450
28.9000,4099.2325
28.9100,3842.7425
28.9200,3879.1575
28.9300,3826.5550
28.9400,3681.1300
28.9500,3598.9425
28.9600,3520.1575
28.9700,3503.2825
28.9800,3423.7700
28.9900,3212.1675
29.0000,2994.3275
29.0100,2675.5300
29.0200,2322.2375
29.0300,2008.8825
29.0400,1895.6925
29.0500,1822.0400
29.0600,1659.6725
29.0700,1534.2875
29.0800,1496.7800
29.0900,1475.8825
29.1000,1423.0900
29.1100,1389.1200
29.1200,1435.4950
29.1300,1476.3575
29.1400,1550.5450
29.1500,1714.4250
29.1600,1943.3750
29.1700,2198.4825
29.1800,2607.1325
29.1900,3025.6325
29.2000,3508.6250
29.2100,4101.9225
29.2200,4782.7150
29.2300,5499.7600
29.2400,6217.0400
29.2500,6965.2100
29.2600,7914.9475
29.2700,9001.5675
29.2800,9800.5425
29.2900,10156.4675
29.3000,10147.1175
29.3100,9696.7225
29.3200,9042.7000
29.3300,8399.8600
29.3400,7789.3950
29.3500,7162.4250
29.3600,6530.1550
29.3700,6036.6975
29.3800,5409.9900
29.3900,4622.7750
29.4000,3786.1450
29.4100,3134.6875
29.4200,2687.5950
29.4300,2272.4350
29.4400,1854.4625
29.4500,1558.2200
29.4600,1350.4775
29.4700,1172.6850
29.4800,1060.1525
29.4900,920.0625
29.5000,818.1150
29.5100,833.9075
29.5200,850.4675
29.5300,815.7125
29.5400,771.9350
29.5500,738.1425
29.5600,741.0550
29.5700,676.0975
29.5800,658.7025
29.5900,678.7150
29.6000,684.0900
29.6100,680.5400
29.6200,680.7450
29.6300,669.0750
29.6400,643.7275
29.6500,647.5525
29.6600,683.0400
29.6700,675.6875
29.6800,680.2350
29.6900,669.0850
29.7000,637.1900
29.7100,626.6675
29.7200,620.6275
29.7300,630.7375
29.7400,625.9475
29.7500,640.7225
29.7600,628.6400
29.7700,612.0000
29.7800,661.2525
29.7900,653.4550
29.8000,594.8050
29.8100,591.2300
29.8200,621.2075
29.8300,645.2325
29.8400,653.3325
29.8500,657.2900
29.8600,642.2225
29.8700,637.8900
29.8800,661.0625
29.8900,663.4975
29.9000,678.2775
29.9100,716.8750
29.9200,737.2525
29.9300,726.3050
29.9400,775.2825
29.9500,810.8125
29.9600,824.2025
29.9700,875.5825
29.9800,955.7975
29.9900,1028.2625
30.0000,1126.9700
30.0100,1241.9250
30.0200,1358.1675
30.0300,1537.3650
30.0400,1778.3875
30.0500,1942.4750
30.0600,2090.9525
30.0700,2365.7475
30.0800,2657.5650
30.0900,2946.5600
30.1000,3208.0425
30.1100,3469.3650
30.1200,3818.2100
30.1300,4076.1100
30.1400,4464.5000
30.1500,4997.0175
30.1600,5658.2150
30.1700,6438.0425
30.1800,7158.3900
30.1900,7366.9700
30.2000,7488.0025
30.2100,7607.4200
30.2200,7323.1775
30.2300,6799.5600
30.2400,6176.7200
30.2500,5578.3550
30.2600,5155.0325
30.2700,4825.2975
30.2800,4471.3425
30.2900,4083.4250
30.3000,3745.0475
30.3100,3279.0525
30.3200,2735.8525
30.3300,2352.0450
30.3400,2103.6375
30.3500,1934.3825
30.3600,1878.8575
30.3700,1890.6900
30.3800,1960.9400
30.3900,2050.0075
30.4000,2210.0025
30.4100,2408.0850
30.4200,2665.9025
30.4300,2978.9150
30.4400,3222.5550
30.4500,3558.7200
30.4600,3913.9800
30.4700,4172.3025
30.4800,4373.8175
30.4900,4560.2275
30.5000,4534.2450
30.5100,4202.7150
30.5200,3886.1325
30.5300,3659.3850
30.5400,3451.0925
30.5500,3221.8400
30.5600,3001.6400
30.5700,2868.4525
30.5800,2646.5775
30.5900,2402.7600
30.6000,2188.0050
30.6100,1912.2350
30.6200,1719.9500
30.6300,1530.1900
30.6400,1328.9150
30.6500,1201.7750
30.6600,1134.1450
30.6700,1095.3725
30.6800,1054.0125
30.6900,959.5000
30.7000,886.4975
30.7100,874.5900
30.7200,864.9200
30.7300,885.9950
30.7400,936.2550
30.7500,939.0050
30.7600,881.9625
30.7700,863.8600
30.7800,930.2925
30.7900,974.8175
30.8000,1038.9800
30.8100,1153.2675
30.8200,1225.7875
30.8300,1289.4800
30.8400,1364.3725
30.8500,1470.1600
30.8600,1587.9250
30.8700,1669.0800
30.8800,1754.5050
30.8900,1750.5475
30.9000,1693.2700
30.9100,1664.5700
30.9200,1590.9125
30.9300,1467.2850
30.9400,1342.7125
30.9500,1295.0175
30.9600,1289.9375
30.9700,1216.1600
30.9800,1103.0525
30.9900,993.0525
31.0000,899.9150
31.0100,831.6200
31.0200,753.3475
31.0300,666.7575
31.0400,591.7675
31.0500,568.3075
31.0600,566.7125
31.0700,530.2500
31.0800,523.1025
31.0900,549.9625
31.1000,530.3050
31.1100,508.3100
31.1200,477.2075
31.1300,462.9775
31.1400,466.9900
31.1500,459.7900
31.1600,470.0000
31.1700,474.8800
31.1800,491.3650
31.1900,490.3650
31.2000,460.4825
31.2100,451.4125
31.2200,445.4825
31.2300,420.3375
31.2400,427.6850
31.2500,488.4000
31.2600,523.7175
31.2700,505.3350
31.2800,479.0975
31.2900,455.2175
31.3000,459.5525
31.3100,476.3575
31.3200,475.4000
31.3300,447.6600
31.3400,420.3425
31.3500,440.1700
31.3600,477.8800
31.3700,474.0800
31.3800,444.2925
31.3900,434.5075
31.4000,458.9875
31.4100,454.7875
31.4200,437.8000
31.4300,473.1450
31.4400,455.1325
31.4500,409.3125
31.4600,446.3425
31.4700,462.7450
31.4800,428.1350
31.4900,414.3750
31.5000,443.3400
31.5100,448.2300
31.5200,434.3350
31.5300,423.4300
31.5400,407.6425
31.5500,431.9250
31.5600,454.5700
31.5700,444.7950
31.5800,440.3275
31.5900,436.9675
31.6000,417.8700
31.6100,449.0025
31.6200,448.3450
31.6300,396.4575
31.6400,414.5475
31.6500,458.1650
31.6600,446.5300
31.6700,431.4950
31.6800,445.2650
31.6900,454.0450
31.7000,482.3375
31.7100,517.7650
31.7200,472.6050
31.7300,440.3475
31.7400,462.1875
31.7500,482.1725
31.7600,483.0400
31.7700,478.8075
31.7800,484.1400
31.7900,469.3550
31.8000,462.9200
31.8100,449.1800
31.8200,432.4850
31.8300,437.0950
31.8400,420.2900
31.8500,406.2275
31.8600,434.5500
31.8700,468.1075
31.8800,475.7550
31.8900,479.0250
31.9000,444.6600
31.9100,419.5450
31.9200,438.0950
31.9300,440.0000
31.9400,422.9225
31.9500,421.3075
31.9600,440.0750
31.9700,418.1750
31.9800,410.9050
31.9900,418.0775
32.0000,418.5925
32.0100,409.6425
32.0200,409.8150
32.0300,414.9375
32.0400,392.1575
32.0500,387.8200
32.0600,399.1575
32.0700,389.1675
32.0800,394.4250
32.0900,418.3025
32.1000,423.0950
32.1100,400.9275
32.1200,386.0850
32.1300,406.4775
32.1400,414.9225
32.1500,405.6450
32.1600,409.6800
32.1700,366.8325
32.1800,361.8950
32.1900,404.6900
32.2000,382.2775
32.2100,364.2450
32.2200,403.4975
32.2300,427.3750
32.2400,426.6125
32.2500,405.9325
32.2600,404.7300
32.2700,429.3400
32.2800,437.3350
32.2900,423.3625
32.3000,399.9775
32.3100,400.7175
32.3200,389.3125
32.3300,399.9375
32.3400,423.1825
32.3500,456.4900
32.3600,459.5975
32.3700,420.2300
32.3800,396.0775
32.3900,403.0525
32.4000,416.8200
32.4100,407.9675
32.4200,442.4325
32.4300,482.9750
32.4400,466.6675
32.4500,480.8525
32.4600,523.9250
32.4700,557.9500
32.4800,563.8450
32.4900,577.6750
32.5000,605.3175
32.5100,651.6550
32.5200,673.9550
32.5300,679.9750
32.5400,701.8100
32.5500,702.0425
32.5600,747.3925
32.5700,697.7275
32.5800,633.6775
32.5900,612.9325
32.6000,643.3400
32.6100,657.9500
32.6200,615.4600
32.6300,590.4525
32.6400,558.9200
32.6500,513.4350
32.6600,501.6050
32.6700,524.7850
32.6800,532.7850
32.6900,480.0200
32.7000,426.5325
32.7100,428.9900
32.7200,469.6750
32.7300,442.6525
32.7400,416.3775
32.7500,422.4300
32.7600,397.2900
32.7700,402.3475
32.7800,415.5575
32.7900,398.4075
32.8000,409.7375
32.8100,410.5075
32.8200,424.5275
32.8300,444.5250
32.8400,475.4775
32.8500,443.6975
32.8600,388.8175
32.8700,392.5675
32.8800,410.4000
32.8900,419.8075
32.9000,419.1950
32.9100,447.5475
32.9200,474.1650
32.9300,462.1675
32.9400,451.8650
32.9500,428.5500
32.9600,413.3325
32.9700,417.9500
32.9800,427.8175
32.9900,431.1500
33.0000,426.4550
33.0100,412.1900
33.0200,412.2825
33.0300,412.1125
33.0400,393.1075
33.0500,381.2675
33.0600,413.6325
33.0700,452.3075
33.0800,459.9550
33.0900,462.3200
33.1000,474.3975
33.1100,465.5700
33.1200,476.6925
33.1300,486.6625
33.1400,492.2125
33.1500,531.0675
33.1600,546.7375
33.1700,502.3600
33.1800,475.4675
33.1900,516.3800
33.2000,545.8150
33.2100,514.3700
33.2200,523.3325
33.2300,524.4200
33.2400,531.0050
33.2500,527.0175
33.2600,494.6025
33.2700,476.8725
33.2800,466.5550
33.2900,480.8350
33.3000,487.0450
33.3100,460.2675
33.3200,460.4975
33.3300,496.3675
33.3400,498.3550
33.3500,465.9400
33.3600,472.1250
33.3700,529.4600
33.3800,531.1275
33.3900,491.0450
33.4000,508.9825
33.4100,533.9675
33.4200,494.6475
33.4300,454.3700
33.4400,461.8325
33.4500,501.1550
33.4600,572.5850
33.4700,581.0300
33.4800,557.4250
33.4900,598.2925
33.5000,674.0700
33.5100,701.6050
33.5200,762.5700
33.5300,817.7750
33.5400,860.4575
33.5500,933.1575
33.5600,1061.1125
33.5700,1170.0025
33.5800,1152.6500
33.5900,1165.6725
33.6000,1138.5350
33.6100,1082.9675
33.6200,1063.3550
33.6300,990.1575
33.6400,978.4475
33.6500,1005.6875
33.6600,980.8725
33.6700,951.0175
33.6800,1033.3150
33.6900,1098.7200
33.7000,1130.6300
33.7100,1175.9425
33.7200,1255.0550
33.7300,1362.0950
33.7400,1478.2725
33.7500,1622.4225
33.7600,1773.7100
33.7700,2026.8250
33.7800,2328.7800
33.7900,2740.1200
33.8000,3208.0300
33.8100,3683.6750
33.8200,4235.3850
33.8300,4635.0500
33.8400,4869.2375
33.8500,4949.6200
33.8600,4853.9300
33.8700,4517.4000
33.8800,4084.3525
33.8900,3588.7475
33.9000,3223.1975
33.9100,3143.5300
33.9200,3046.9375
33.9300,2957.6050
33.9400,2808.0100
33.9500,2482.8625
33.9600,2204.7975
33.9700,1822.4325
33.9800,1563.7750
33.9900,1335.1450
34.0000,1192.6550
34.0100,1134.9400
34.0200,1054.8975
34.0300,1055.2925
34.0400,1091.1125
34.0500,1139.4750
34.0600,1148.4825
34.0700,1253.1775
34.0800,1234.6375
34.0900,1219.5375
34.1000,1224.1900
34.1100,1152.2425
34.1200,1111.0950
34.1300,1047.2425
34.1400,1025.9800
34.1500,1023.7425
34.1600,955.6275
34.1700,903.0125
34.1800,832.3600
34.1900,810.1000
34.2000,821.5400
34.2100,736.5500
34.2200,656.6750
34.2300,680.0150
34.2400,647.5650
34.2500,600.0825
34.2600,592.2450
34.2700,664.9275
34.2800,684.0950
34.2900,701.5650
34.3000,709.3425
34.3100,685.8550
34.3200,681.7150
34.3300,706.4975
34.3400,814.4675
34.3500,876.0225
34.3600,926.6675
34.3700,937.8125
34.3800,996.3475
34.3900,1077.9100
34.4000,1112.7950
34.4100,1187.3500
34.4200,1338.6175
34.4300,1392.4400
34.4400,1537.3850
34.4500,1766.9275
34.4600,1862.0250
34.4700,1848.2075
34.4800,1883.3000
34.4900,1961.8900
34.5000,1877.7875
34.5100,1821.4500
34.5200,1743.4600
34.5300,1615.5425
34.5400,1462.5625
34.5500,1393.5150
34.5600,1460.9500
34.5700,1490.0800
34.5800,1358.5800
34.5900,1405.5550
34.6000,1311.5900
34.6100,1171.3075
34.6200,1062.6675
34.6300,1035.9350
34.6400,1029.6925
34.6500,1010.1350
34.6600,966.4175
34.6700,884.6850
34.6800,833.2250
34.6900,757.8525
34.7000,737.8775
34.7100,695.4650
34.7200,693.4200
34.7300,650.3150
34.7400,612.6050
34.7500,550.8925
34.7600,516.6675
34.7700,508.3200
34.7800,476.6675
34.7900,471.8325
34.8000,456.0850
34.8100,474.2075
34.8200,503.3325
34.8300,493.8050
34.8400,451.9200
34.8500,434.0100
34.8600,436.6675
34.8700,437.3375
34.8800,447.3500
34.8900,460.6925
34.9000,403.9600
34.9100,435.9750
34.9200,445.3500
34.9300,436.0650
34.9400,420.6525
34.9500,420.7300
34.9600,408.0550
34.9700,403.8750
34.9800,425.1450
34.9900,444.7450
35.0000,443.0500
35.0100,467.4575
35.0200,444.6350
35.0300,407.2100
35.0400,462.2700
35.0500,433.3200
35.0600,391.2475
35.0700,399.7700
35.0800,415.8075
35.0900,423.5875
35.1000,403.2525
35.1100,373.3325
35.1200,377.5925
35.1300,401.5150
35.1400,422.7300
35.1500,409.7825
35.1600,372.9100
35.1700,418.4550
35.1800,413.0150
35.1900,353.5475
35.2000,372.3550
35.2100,386.8500
35.2200,402.1650
35.2300,399.5725
35.2400,416.8050
35.2500,428.7225
35.2600,406.0925
35.2700,404.4750
35.2800,411.7075
35.2900,415.4700
35.3000,396.1525
35.3100,407.1925
35.3200,396.6875
35.3300,411.1075
35.3400,397.7850
35.3500,388.3200
35.3600,399.4125
35.3700,412.2400
35.3800,407.2100
35.3900,408.3750
35.4000,399.4600
35.4100,399.8875
35.4200,420.4075
35.4300,440.0000
35.4400,433.1175
35.4500,393.5050
35.4600,374.5700
35.4700,361.2450
35.4800,354.1550
35.4900,379.7700
35.5000,398.2100
35.5100,410.7625
35.5200,427.2175
35.5300,394.8550
35.5400,406.3625
35.5500,426.8500
35.5600,446.6675
35.5700,452.1375
35.5800,485.3125
35.5900,488.2950
35.6000,445.8800
35.6100,485.3625
35.6200,518.6075
35.6300,535.7925
35.6400,567.1175
35.6500,551.4325
35.6600,571.8825
35.6700,635.2950
35.6800,589.9600
35.6900,615.6150
35.7000,646.2750
35.7100,627.0375
35.7200,650.0000
35.7300,649.0825
35.7400,657.4625
35.7500,743.0400
35.7600,733.9775
35.7700,837.6850
35.7800,929.5550
35.7900,932.8775
35.8000,984.3625
35.8100,1067.1950
35.8200,1147.1375
35.8300,1227.0800
35.8400,1309.6100
35.8500,1401.3850
35.8600,1432.9075
35.8700,1421.5175
35.8800,1354.9000
35.8900,1275.2850
35.9000,1116.6625
35.9100,1045.4225
35.9200,1030.4875
35.9300,986.6675
35.9400,987.0750
35.9500,977.4550
35.9600,881.4375
35.9700,840.5350
35.9800,801.7200
35.9900,653.6325
36.0000,564.9100
36.0100,629.3975
36.0200,643.7975
36.0300,593.9700
36.0400,579.8425
36.0500,627.7175
36.0600,607.7325
36.0700,588.8725
36.0800,583.7325
36.0900,621.4900
36.1000,685.5625
36.1100,671.9100
36.1200,633.6975
36.1300,638.4725
36.1400,649.0300
36.1500,610.8400
36.1600,594.6000
36.1700,629.4675
36.1800,593.8750
36.1900,575.2000
36.2000,616.5575
36.2100,585.3000
36.2200,565.8675
36.2300,495.2825
36.2400,453.3325
36.2500,453.0000
36.2600,448.6800
36.2700,437.6475
36.2800,440.4925
36.2900,386.2350
36.3000,415.8950
36.3100,440.0000
36.3200,436.5325
36.3300,399.2650
36.3400,358.1375
36.3500,349.8600
36.3600,442.9975
36.3700,407.5775
36.3800,410.9500
36.3900,356.9150
36.4000,393.3325
36.4100,397.4450
36.4200,439.7075
36.4300,436.0900
36.4400,429.4275
36.4500,425.0375
36.4600,443.0525
36.4700,440.0000
36.4800,438.3375
36.4900,424.6675
36.5000,481.8375
36.5100,543.5075
36.5200,581.9950
36.5300,564.8125
36.5400,548.0600
36.5500,606.9775
36.5600,651.2900
36.5700,662.3225
36.5800,614.3025
36.5900,664.4100
36.6000,633.4375
36.6100,593.8250
36.6200,600.9750
36.6300,610.6800
36.6400,575.9500
36.6500,568.7950
36.6600,595.9650
36.6700,586.2025
36.6800,580.2300
36.6900,577.6600
36.7000,497.3050
36.7100,457.5550
36.7200,423.9925
36.7300,435.0725
36.7400,456.9875
36.7500,410.9925
36.7600,380.0325
36.7700,430.6250
36.7800,440.0000
36.7900,440.2025
36.8000,444.1375
36.8100,455.2775
36.8200,433.9225
36.8300,441.7825
36.8400,416.2850
36.8500,410.0000
36.8600,412.4275
36.8700,454.0700
36.8800,465.5750
36.8900,441.2775
36.9000,348.4400
36.9100,383.6725
36.9200,447.5850
36.9300,402.6525
36.9400,388.9925
36.9500,373.9700
36.9600,449.0225
36.9700,432.0900
36.9800,470.0075
36.9900,403.4900
37.0000,409.1250
37.0100,459.6975
37.0200,451.6950
37.0300,417.4000
37.0400,433.3325
37.0500,432.4825
37.0600,413.4725
37.0700,416.6675
37.0800,416.6675
37.0900,417.8600
37.1000,445.1050
37.1100,406.2825
37.1200,396.0400
37.1300,382.9575
37.1400,460.2425
37.1500,465.1250
37.1600,423.4500
37.1700,424.8450
37.1800,374.0025
37.1900,394.7525
37.2000,436.8800
37.2100,442.7075
37.2200,425.5800
37.2300,496.2675
37.2400,483.7225
37.2500,497.1425
37.2600,513.0550
37.2700,503.7850
37.2800,519.7350
37.2900,510.3425
37.3000,522.7475
37.3100,500.5675
37.3200,523.0975
37.3300,512.7975
37.3400,490.9650
37.3500,532.9025
37.3600,513.7500
37.3700,534.0725
37.3800,571.6225
37.3900,654.0225
37.4000,690.1200
37.4100,696.7250
37.4200,700.4450
37.4300,727.7325
37.4400,793.5875
37.4500,810.3900
37.4600,838.1050
37.4700,941.1025
37.4800,1024.8775
37.4900,1147.9675
37.5000,1257.6700
37.5100,1348.2675
37.5200,1502.7300
37.5300,1782.4175
37.5400,2048.2000
37.5500,2232.8650
37.5600,2605.9650
37.5700,2981.6575
37.5800,3245.5375
37.5900,3639.4825
37.6000,4209.4525
37.6100,4078.5875
37.6200,3678.3075
37.6300,3082.6825
37.6400,2779.3975
37.6500,2366.5175
37.6600,2173.3400
37.6700,2269.9400
37.6800,2356.5550
37.6900,2443.1600
37.7000,2453.3075
37.7100,2197.5300
37.7200,1960.9600
37.7300,1770.9000
37.7400,1531.3025
37.7500,1420.6725
37.7600,1261.0875
37.7700,1170.6750
37.7800,1196.4475
37.7900,1289.1725
37.8000,1256.9850
37.8100,1504.1075
37.8200,1671.5125
37.8300,1847.9500
37.8400,1994.8650
37.8500,2240.1325
37.8600,2700.3375
37.8700,2943.2250
37.8800,3094.4125
37.8900,3195.0950
37.9000,3272.0775
37.9100,3227.4625
37.9200,3036.7675
37.9300,2980.9825
37.9400,2836.1375
37.9500,2529.4750
37.9600,2474.3575
37.9700,2470.0700
37.9800,2205.9000
37.9900,2027.3150
38.0000,2010.3100
38.0100,1837.5550
38.0200,1726.0375
38.0300,1677.8450
38.0400,1439.6450
38.0500,1365.1975
38.0600,1078.0075
38.0700,985.7575
38.0800,912.1000
38.0900,864.7025
38.1000,788.9675
38.1100,786.6675
38.1200,754.3800
38.1300,782.3725
38.1400,770.4375
38.1500,760.3350
38.1600,747.1200
38.1700,756.3200
38.1800,747.0200
38.1900,769.1575
38.2000,856.6900
38.2100,840.7500
38.2200,936.1875
38.2300,1004.0800
38.2400,1061.0975
38.2500,1296.8975
38.2600,1338.6400
38.2700,1522.1150
38.2800,1692.8300
38.2900,1792.5250
38.3000,2074.0475
38.3100,2453.0600
38.3200,2568.6975
38.3300,2579.6975
38.3400,2487.8000
38.3500,2365.7825
38.3600,2321.9025
38.3700,2189.9225
38.3800,2037.4975
38.3900,1852.5850
38.4000,1767.3525
38.4100,1782.3150
38.4200,1833.9150
38.4300,1824.0300
38.4400,1684.4275
38.4500,1550.4775
38.4600,1514.9600
38.4700,1340.0675
38.4800,1207.2250
38.4900,1080.4600
38.5000,1013.6050
38.5100,852.9325
38.5200,830.7775
38.5300,814.3150
38.5400,772.5825
38.5500,691.6875
38.5600,743.0125
38.5700,727.8975
38.5800,692.2825
38.5900,705.6175
38.6000,706.6675
38.6100,684.8325
38.6200,574.2400
38.6300,538.6350
38.6400,567.7925
38.6500,582.4425
38.6600,552.2525
38.6700,596.5875
38.6800,525.5100
38.6900,532.4050
38.7000,548.8300
38.7100,574.7775
38.7200,542.6225
38.7300,509.0725
38.7400,577.7475
38.7500,543.1850
38.7600,546.1725
38.7700,596.0075
38.7800,680.1225
38.7900,754.4150
38.8000,756.9225
38.8100,744.3675
38.8200,838.5925
38.8300,966.4225
38.8400,1074.8575
38.8500,1199.8525
38.8600,1332.5650
38.8700,1551.5425
38.8800,1839.2550
38.8900,2110.9925
38.9000,2414.4250
38.9100,2552.9675
38.9200,2874.5325
38.9300,3071.0175
38.9400,3181.1125
38.9500,2964.7125
38.9600,2785.1375
38.9700,2529.8350
38.9800,2221.1075
38.9900,2029.4050
39.0000,2019.4000
39.0100,1995.7500
39.0200,1975.1575
39.0300,2055.0625
39.0400,1924.1925
39.0500,1831.4125
39.0600,1611.9000
39.0700,1451.1575
39.0800,1195.3775
39.0900,1025.3300
39.1000,1037.1050
39.1100,859.4225
39.1200,761.8075
39.1300,723.2800
39.1400,762.0425
39.1500,769.6675
39.1600,775.9975
39.1700,815.6225
39.1800,951.7575
39.1900,1005.5675
39.2000,1007.0100
39.2100,1150.0900
39.2200,1274.1575
39.2300,1325.4550
39.2400,1482.0575
39.2500,1783.0400
39.2600,2111.4100
39.2700,2256.7450
39.2800,2195.6775
39.2900,2257.9650
39.3000,2201.3575
39.3100,2083.5750
39.3200,1895.1050
39.3300,1639.3225
39.3400,1562.6400
39.3500,1524.1300
39.3600,1490.4425
39.3700,1483.7125
39.3800,1424.3050
39.3900,1440.2600
39.4000,1425.6500
39.4100,1364.4325
39.4200,1224.2375
39.4300,1077.2725
39.4400,951.2700
39.4500,919.0475
39.4600,831.5700
39.4700,714.4400
39.4800,776.1825
39.4900,883.2900
39.5000,966.8875
39.5100,1061.4550
39.5200,1196.0400
39.5300,1350.5475
39.5400,1475.0225
39.5500,1647.4200
39.5600,1841.8700
39.5700,2090.8100
39.5800,2228.0500
39.5900,2292.7475
39.6000,2410.3750
39.6100,2429.5700
39.6200,2192.1725
39.6300,1924.8075
39.6400,1794.4275
39.6500,1672.9225
39.6600,1645.1000
39.6700,1582.6475
39.6800,1550.2325
39.6900,1566.8650
39.7000,1515.2150
39.7100,1379.8875
39.7200,1244.8300
39.7300,1108.7050
39.7400,954.8750
39.7500,847.1450
39.7600,712.7600
39.7700,684.7275
39.7800,651.8000
39.7900,600.8350
39.8000,561.8475
39.8100,539.5050
39.8200,519.5175
39.8300,488.1050
39.8400,466.2100
39.8500,466.1850
39.8600,438.1675
39.8700,501.6800
39.8800,510.4875
39.8900,478.7200
39.9000,467.6500
39.9100,472.3450
39.9200,430.7750
39.9300,383.6400
39.9400,413.4975
39.9500,465.2975
39.9600,459.1875
39.9700,439.7050
39.9800,495.9875
39.9900,517.9575
40.0000,491.7925
40.0100,433.1150
40.0200,389.5350
40.0300,405.8475
40.0400,424.0625
40.0500,429.4775
40.0600,449.6575
40.0700,489.8125
40.0800,468.6250
40.0900,466.1350
40.1000,444.2675
40.1100,426.0100
40.1200,412.1500
40.1300,407.2075
40.1400,437.3750
40.1500,457.2825
40.1600,501.8125
40.1700,493.2875
40.1800,431.5475
40.1900,464.5025
40.2000,487.2300
40.2100,478.8900
40.2200,440.5900
40.2300,469.3850
40.2400,479.4375
40.2500,432.9275
40.2600,401.1975
40.2700,416.0200
40.2800,461.4425
40.2900,472.7600
40.3000,509.1975
40.3100,505.6400
40.3200,506.0875
40.3300,553.4625
40.3400,557.8325
40.3500,570.4100
40.3600,609.0375
40.3700,575.5000
40.3800,572.1525
40.3900,622.6600
40.4000,614.1650
40.4100,612.7375
40.4200,580.5225
40.4300,589.7275
40.4400,609.7150
40.4500,624.2450
40.4600,593.9525
40.4700,548.5275
40.4800,548.1675
40.4900,541.8400
40.5000,529.1275
40.5100,583.7025
40.5200,607.5225
40.5300,618.1350
40.5400,587.4800
40.5500,585.4150
40.5600,640.7850
40.5700,653.3325
40.5800,666.8425
40.5900,726.6975
40.6000,796.6550
40.6100,869.3100
40.6200,985.7000
40.6300,1061.1450
40.6400,1162.0975
40.6500,1435.9875
40.6600,1566.4975
40.6700,1760.4650
40.6800,2039.3325
40.6900,2311.0500
40.7000,2639.1450
40.7100,3217.7425
40.7200,3819.2675
40.7300,4187.8150
40.7400,4436.8850
40.7500,4566.0350
40.7600,4466.7050
40.7700,4098.3650
40.7800,3691.2550
40.7900,3391.8950
40.8000,3153.2775
40.8100,2968.5625
40.8200,2901.4875
40.8300,2933.1100
40.8400,2906.2350
40.8500,2825.1750
40.8600,2600.2875
40.8700,2401.2525
40.8800,2220.6700
40.8900,1874.4600
40.9000,1606.0375
40.9100,1380.0550
40.9200,1212.1700
40.9300,1029.9750
40.9400,871.6475
40.9500,787.4375
40.9600,741.8200
40.9700,680.8500
40.9800,656.1775
40.9900,637.6125
41.0000,622.8600
41.0100,601.6875
41.0200,578.3675
41.0300,565.4975
41.0400,560.7225
41.0500,523.4825
41.0600,515.9400
41.0700,474.9950
41.0800,478.9475
41.0900,491.1350
41.1000,480.3400
41.1100,492.2475
41.1200,483.6925
41.1300,477.4075
41.1400,505.1650
41.1500,500.3900
41.1600,442.3425
41.1700,444.7600
41.1800,455.1650
41.1900,456.6675
41.2000,448.9300
41.2100,433.7800
41.2200,455.7525
41.2300,465.9075
41.2400,407.5275
41.2500,415.6925
41.2600,436.1700
41.2700,463.0900
41.2800,467.4375
41.2900,438.4900
41.3000,460.7150
41.3100,454.6525
41.3200,434.6650
41.3300,445.3225
41.3400,462.7600
41.3500,461.5675
41.3600,439.6150
41.3700,461.3400
41.3800,487.8100
41.3900,511.1300
41.4000,570.0150
41.4100,579.0525
41.4200,571.5925
41.4300,610.5550
41.4400,630.9325
41.4500,615.6175
41.4600,567.0100
41.4700,530.5900
41.4800,525.8575
41.4900,569.5600
41.5000,565.6850
41.5100,554.9625
41.5200,548.2975
41.5300,559.2450
41.5400,570.8750
41.5500,580.8675
41.5600,618.4700
41.5700,597.3975
41.5800,566.6200
41.5900,585.0400
41.6000,610.8475
41.6100,531.6575
41.6200,515.8250
41.6300,512.5100
41.6400,467.5925
41.6500,470.7825
41.6600,494.1025
41.6700,532.3550
41.6800,508.5150
41.6900,459.3900
41.7000,456.6000
41.7100,462.4825
41.7200,455.8950
41.7300,485.5425
41.7400,457.0550
41.7500,443.3325
41.7600,470.5250
41.7700,447.8900
41.7800,461.3475
41.7900,497.1300
41.8000,496.8100
41.8100,513.0325
41.8200,569.2125
41.8300,603.8775
41.8400,644.3975
41.8500,664.0325
41.8600,669.1200
41.8700,760.6975
41.8800,844.7725
41.8900,953.8950
41.9000,1038.0275
41.9100,1235.0675
41.9200,1334.1875
41.9300,1432.0725
41.9400,1553.5500
41.9500,1606.1575
41.9600,1523.2550
41.9700,1417.0175
41.9800,1317.0750
41.9900,1277.8550
42.0000,1232.0725
42.0100,1066.2975
42.0200,1060.8925
42.0300,1121.1675
42.0400,1083.4325
42.0500,1046.4075
42.0600,996.5100
42.0700,936.5450
42.0800,927.2375
42.0900,874.5575
42.1000,805.1600
42.1100,663.9175
42.1200,643.1225
42.1300,643.7200
42.1400,572.7625
42.1500,577.8600
42.1600,590.0000
42.1700,561.2500
42.1800,547.6050
42.1900,494.0375
42.2000,473.3325
42.2100,509.1625
42.2200,530.4925
42.2300,523.7925
42.2400,510.4675
42.2500,516.1925
42.2600,543.7950
42.2700,577.1100
42.2800,662.6925
42.2900,740.8125
42.3000,797.9550
42.3100,884.4450
42.3200,892.0175
42.3300,985.1025
42.3400,1040.8575
42.3500,1011.2200
42.3600,994.3050
42.3700,1014.5700
42.3800,978.5375
42.3900,901.1025
42.4000,916.6875
42.4100,947.4475
42.4200,962.7350
42.4300,914.9950
42.4400,919.1500
42.4500,920.6200
42.4600,930.7275
42.4700,943.6925
42.4800,904.5525
42.4900,926.4125
42.5000,950.3425
42.5100,1002.3550
42.5200,1044.3275
42.5300,1141.9050
42.5400,1219.5925
42.5500,1180.8125
42.5600,1126.4350
42.5700,1141.2175
42.5800,1144.0450
42.5900,1093.5975
42.6000,1052.4675
42.6100,1015.5350
42.6200,968.6125
42.6300,914.0125
42.6400,859.6875
42.6500,801.7625
42.6600,799.4875
42.6700,850.4800
42.6800,830.8300
42.6900,806.4250
42.7000,803.3325
42.7100,732.0675
42.7200,635.6800
42.7300,592.8950
42.7400,556.8500
42.7500,495.2050
42.7600,452.7225
42.7700,479.9475
42.7800,501.2400
42.7900,434.7875
42.8000,394.2000
42.8100,435.6275
42.8200,452.1075
42.8300,454.5550
42.8400,461.2200
42.8500,465.6075
42.8600,443.9400
42.8700,412.8950
42.8800,405.6025
42.8900,456.5500
42.9000,441.4850
42.9100,391.6375
42.9200,451.3175
42.9300,495.7075
42.9400,475.1550
42.9500,490.4175
42.9600,496.5675
42.9700,513.6150
42.9800,554.8575
42.9900,543.0000
43.0000,491.7775
43.0100,489.0600
43.0200,505.6475
43.0300,510.0000
43.0400,516.7250
43.0500,508.8025
43.0600,485.4300
43.0700,463.2500
43.0800,407.5050
43.0900,416.8275
43.1000,455.6450
43.1100,466.6675
43.1200,486.7175
43.1300,487.7625
43.1400,476.6600
43.1500,431.1025
43.1600,423.3250
43.1700,452.1925
43.1800,452.2450
43.1900,446.6675
43.2000,435.5950
43.2100,434.4250
43.2200,445.5100
43.2300,467.6725
43.2400,465.6300
43.2500,488.6725
43.2600,551.8200
43.2700,581.0700
43.2800,592.1350
43.2900,620.8550
43.3000,664.0950
43.3100,701.9550
43.3200,737.4650
43.3300,758.7700
43.3400,756.7625
43.3500,709.5575
43.3600,671.3575
43.3700,648.0350
43.3800,605.0600
43.3900,647.7675
43.4000,673.4575
43.4100,646.0325
43.4200,657.2825
43.4300,643.8950
43.4400,640.8700
43.4500,629.2900
43.4600,635.1925
43.4700,643.3325
43.4800,634.6650
43.4900,586.6900
43.5000,565.4975
43.5100,620.7200
43.5200,639.1975
43.5300,678.6700
43.5400,722.7475
43.5500,735.4900
43.5600,768.9750
43.5700,778.0575
43.5800,792.6900
43.5900,751.7575
43.6000,686.8300
43.6100,677.3950
43.6200,713.3500
43.6300,725.7150
43.6400,678.3775
43.6500,698.2550
43.6600,742.5700
43.6700,721.2950
43.6800,728.9450
43.6900,747.5975
43.7000,743.6075
43.7100,697.4125
43.7200,645.6725
43.7300,649.1350
43.7400,666.3725
43.7500,638.1575
43.7600,594.5450
43.7700,584.2400
43.7800,578.1950
43.7900,592.3800
43.8000,639.2850
43.8100,651.5475
43.8200,627.6625
43.8300,597.6775
43.8400,597.2075
43.8500,639.1475
43.8600,615.7925
43.8700,581.5850
43.8800,627.1125
43.8900,633.5650
43.9000,599.0125
43.9100,616.0250
43.9200,694.1025
43.9300,786.5350
43.9400,790.7075
43.9500,798.4225
43.9600,926.1425
43.9700,1012.1200
43.9800,977.4450
43.9900,1006.2750
44.0000,1102.4825
44.0100,1094.2150
44.0200,1083.3025
44.0300,1124.5025
44.0400,1151.6400
44.0500,1133.8450
44.0600,1032.9250
44.0700,959.2825
44.0800,946.6675
44.0900,969.4200
44.1000,993.6675
44.1100,995.8700
44.1200,910.7825
44.1300,820.8175
44.1400,858.4850
44.1500,855.4850
44.1600,819.7125
44.1700,858.5625
44.1800,835.3075
44.1900,768.4350
44.2000,724.1025
44.2100,757.1425
44.2200,727.2700
44.2300,726.8375
44.2400,788.8550
44.2500,780.6375
44.2600,790.6275
44.2700,795.7175
44.2800,770.3550
44.2900,721.2925
44.3000,668.1675
44.3100,633.7275
44.3200,617.2350
44.3300,645.8300
44.3400,676.8150
44.3500,683.3325
44.3600,715.7575
44.3700,726.5425
44.3800,695.7200
44.3900,722.4600
44.4000,729.7975
44.4100,777.2300
44.4200,794.4775
44.4300,786.0475
44.4400,757.7725
44.4500,734.6550
44.4600,731.3225
44.4700,705.8850
44.4800,673.9350
44.4900,651.2925
44.5000,621.2775
44.5100,618.6875
44.5200,596.6350
44.5300,548.6575
44.5400,551.9900
44.5500,568.6650
44.5600,575.9875
44.5700,599.9450
44.5800,563.5075
44.5900,508.0925
44.6000,499.3025
44.6100,515.2650
44.6200,463.7225
44.6300,413.4050
44.6400,402.6975
44.6500,409.9125
44.6600,438.4575
44.6700,437.4975
44.6800,408.8650
44.6900,382.8300
44.7000,385.1850
44.7100,399.2550
44.7200,401.3600
44.7300,394.0875
44.7400,390.0000
44.7500,431.3200
44.7600,479.6625
44.7700,516.9100
44.7800,547.0750
44.7900,558.6275
44.8000,595.2850
44.8100,663.0950
44.8200,775.5425
44.8300,876.3625
44.8400,955.5275
44.8500,945.0825
44.8600,895.7700
44.8700,844.3325
44.8800,779.6450
44.8900,720.2325
44.9000,671.3725
44.9100,631.9475
44.9200,589.4675
44.9300,571.9425
44.9400,600.4900
44.9500,645.2000
44.9600,694.3250
44.9700,689.5700
44.9800,662.2650
44.9900,606.4200
45.0000,539.1025
45.0100,489.6500
45.0200,471.9275
45.0300,471.4075
45.0400,439.1950
45.0500,428.2100
45.0600,392.4500
45.0700,360.0000
45.0800,360.0000
45.0900,396.4450
45.1000,423.3325
45.1100,419.5025
45.1200,410.9250
45.1300,420.0550
45.1400,407.0675
45.1500,412.9150
45.1600,418.5500
45.1700,400.4650
45.1800,383.8050
45.1900,395.7075
45.2000,413.8050
45.2100,397.6550
45.2200,413.7300
45.2300,419.5825
45.2400,435.1200
45.2500,435.8150
45.2600,427.5775
45.2700,437.1200
45.2800,440.0000
45.2900,458.9000
45.3000,497.8850
45.3100,524.2150
45.3200,494.1700
45.3300,521.3125
45.3400,570.8650
45.3500,578.5475
45.3600,581.8800
45.3700,583.3325
45.3800,575.8225
45.3900,622.5300
45.4000,685.8300
45.4100,669.6150
45.4200,579.6900
45.4300,522.5175
45.4400,537.2275
45.4500,532.7875
45.4600,524.1325
45.4700,539.3250
45.4800,544.8025
45.4900,528.4350
45.5000,542.7200
45.5100,554.0350
45.5200,541.0925
45.5300,525.5250
45.5400,535.2225
45.5500,581.5200
45.5600,610.3725
45.5700,633.6975
45.5800,670.3500
45.5900,682.9700
45.6000,711.4050
45.6100,782.8150
45.6200,831.0675
45.6300,911.8875
45.6400,1032.6250
45.6500,1129.3475
45.6600,1236.5575
45.6700,1495.5025
45.6800,1784.8875
45.6900,1969.2525
45.7000,2097.1850
45.7100,2106.3500
45.7200,2034.8775
45.7300,2005.1625
45.7400,1982.8950
45.7500,1968.8150
45.7600,1945.9450
45.7700,1839.4025
45.7800,1695.2450
45.7900,1607.8250
45.8000,1592.1275
45.8100,1523.8950
45.8200,1510.6000
45.8300,1475.5175
45.8400,1357.0575
45.8500,1277.3475
45.8600,1222.8100
45.8700,1234.4175
45.8800,1250.6625
45.8900,1212.8675
45.9000,1108.6625
45.9100,1009.2950
45.9200,920.1625
45.9300,836.0050
45.9400,770.3500
45.9500,702.4475
45.9600,603.1450
45.9700,541.5350
45.9800,514.8400
45.9900,486.1500
46.0000,508.7125
46.0100,527.9525
46.0200,523.3325
46.0300,526.9150
46.0400,524.6325
46.0500,496.7550
46.0600,496.3225
46.0700,465.1225
46.0800,439.3925
46.0900,421.2400
46.1000,409.3700
46.1100,430.4550
46.1200,433.1075
46.1300,422.8875
46.1400,453.9775
46.1500,461.8100
46.1600,434.6775
46.1700,428.2275
46.1800,410.7225
46.1900,364.8000
46.2000,341.9750
46.2100,374.9525
46.2200,394.7000
46.2300,384.7050
46.2400,392.3475
46.2500,410.3850
46.2600,443.0900
46.2700,454.3450
46.2800,409.9100
46.2900,401.0950
46.3000,428.7825
46.3100,420.8675
46.3200,413.6825
46.3300,444.5400
46.3400,468.4175
46.3500,445.4950
46.3600,440.8250
46.3700,493.3750
46.3800,542.3875
46.3900,539.2125
46.4000,544.2650
46.4100,587.7375
46.4200,625.6775
46.4300,650.4450
46.4400,724.3575
46.4500,837.2175
46.4600,910.9850
46.4700,928.1250
46.4800,914.6600
46.4900,865.0650
46.5000,804.1500
46.5100,769.4850
46.5200,744.5575
46.5300,686.6625
46.5400,651.9700
46.5500,623.7525
46.5600,596.9000
46.5700,649.8750
46.5800,705.3900
46.5900,690.8475
46.6000,635.7050
46.6100,634.1700
46.6200,668.5900
46.6300,640.6175
46.6400,567.2125
46.6500,533.4275
46.6600,521.2500
46.6700,496.3950
46.6800,505.4850
46.6900,504.5300
46.7000,455.9175
46.7100,448.8600
46.7200,470.0000
46.7300,447.8375
46.7400,443.7025
46.7500,454.8925
46.7600,432.9875
46.7700,423.4675
46.7800,416.4075
46.7900,416.9150
46.8000,445.2700
46.8100,451.5225
46.8200,417.9175
46.8300,383.1750
46.8400,386.8700
46.8500,401.6900
46.8600,388.1250
46.8700,368.2675
46.8800,380.2075
46.8900,400.0400
46.9000,416.8150
46.9100,430.0000
46.9200,419.9025
46.9300,388.1375
46.9400,396.9175
46.9500,436.7425
46.9600,438.2750
46.9700,450.1275
46.9800,458.2675
46.9900,481.8400
47.0000,503.2750
47.0100,471.6000
47.0200,451.6625
47.0300,441.6475
47.0400,448.3575
47.0500,473.3425
47.0600,490.0025
47.0700,486.6700
47.0800,455.0225
47.0900,408.3775
47.1000,416.5875
47.1100,468.2775
47.1200,483.3450
47.1300,504.8900
47.1400,528.3425
47.1500,531.6375
47.1600,525.0750
47.1700,543.1225
47.1800,553.4875
47.1900,553.1675
47.2000,611.3225
47.2100,643.3975
47.2200,603.6775
47.2300,546.9225
47.2400,513.4500
47.2500,518.1500
47.2600,534.9775
47.2700,513.6500
47.2800,476.8550
47.2900,476.4675
47.3000,499.8450
47.3100,501.8000
47.3200,504.8050
47.3300,523.2175
47.3400,498.9050
47.3500,484.6575
47.3600,486.9900
47.3700,468.3675
47.3800,473.1950
47.3900,453.9000
47.4000,408.7350
47.4100,411.1775
47.4200,425.1925
47.4300,413.4125
47.4400,406.7475
47.4500,390.3350
47.4600,388.0350
47.4700,422.7200
47.4800,459.6400
47.4900,466.8500
47.5000,471.3375
47.5100,470.3850
47.5200,434.0200
47.5300,427.7825
47.5400,474.1300
47.5500,517.8650
47.5600,560.7625
47.5700,598.0625
47.5800,627.6150
47.5900,656.4425
47.6000,700.3500
47.6100,804.3350
47.6200,878.1550
47.6300,862.4500
47.6400,865.6850
47.6500,930.2325
47.6600,994.0500
47.6700,1015.1925
47.6800,1003.5950
47.6900,1036.6725
47.7000,1046.4175
47.7100,942.8750
47.7200,858.8200
47.7300,843.4750
47.7400,796.9300
47.7500,729.2750
47.7600,728.9725
47.7700,729.4500
47.7800,701.7425
47.7900,692.0500
47.8000,705.5825
47.8100,739.5300
47.8200,703.9700
47.8300,623.1950
47.8400,585.2450
47.8500,556.2350
47.8600,525.2500
47.8700,513.6700
47.8800,484.5275
47.8900,425.2325
47.9000,378.7700
47.9100,384.2050
47.9200,417.3525
47.9300,431.9375
47.9400,437.6950
47.9500,432.6800
47.9600,394.4500
47.9700,384.3425
47.9800,409.2400
47.9900,415.4800
48.0000,381.5500
48.0100,386.2775
48.0200,413.9275
48.0300,414.3025
48.0400,403.1775
48.0500,379.7975
48.0600,381.7700
48.0700,392.5050
48.0800,406.6675
48.0900,398.8600
48.1000,386.8800
48.1100,398.9250
48.1200,408.8750
48.1300,412.4600
48.1400,429.7800
48.1500,450.4450
48.1600,483.9925
48.1700,507.7675
48.1800,519.7725
48.1900,531.0925
48.2000,526.0425
48.2100,550.3000
48.2200,578.0775
48.2300,555.1175
48.2400,530.1250
48.2500,509.5175
48.2600,519.7575
48.2700,517.1550
48.2800,531.6100
48.2900,542.7825
48.3000,549.7925
48.3100,588.9925
48.3200,611.0325
48.3300,644.6225
48.3400,713.3225
48.3500,778.4450
48.3600,796.9275
48.3700,813.2925
48.3800,845.8725
48.3900,850.5325
48.4000,843.3325
48.4100,837.2075
48.4200,825.4075
48.4300,816.9400
48.4400,749.1125
48.4500,661.1075
48.4600,651.2475
48.4700,649.0350
48.4800,612.5400
48.4900,595.2475
48.5000,657.5225
48.5100,684.1100
48.5200,618.3275
48.5300,590.3575
48.5400,588.4225
48.5500,554.5125
48.5600,544.5550
48.5700,536.3400
48.5800,492.6975
48.5900,435.7450
48.6000,429.3925
48.6100,429.4125
48.6200,399.6925
48.6300,409.3825
48.6400,407.5975
48.6500,404.2200
48.6600,401.2550
48.6700,362.5225
48.6800,352.9400
48.6900,364.6075
48.7000,353.0125
48.7100,361.1825
48.7200,375.6950
48.7300,383.6600
48.7400,367.9750
48.7500,360.8450
48.7600,379.0075
48.7700,391.5000
48.7800,382.8350
48.7900,381.9900
48.8000,390.6750
48.8100,374.3500
48.8200,354.3550
48.8300,362.7750
48.8400,380.6875
48.8500,377.8150
48.8600,365.4175
48.8700,377.6550
48.8800,439.3875
48.8900,482.7100
48.9000,497.7275
48.9100,488.1550
48.9200,481.0700
48.9300,477.4375
48.9400,494.1000
48.9500,504.8200
48.9600,490.3325
48.9700,468.5150
48.9800,508.1975
48.9900,558.5175
49.0000,571.4825
49.0100,588.5200
49.0200,582.2275
49.0300,555.9575
49.0400,569.9175
49.0500,627.3875
49.0600,654.3875
49.0700,667.8100
49.0800,661.0925
49.0900,663.7175
49.1000,630.5275
49.1100,597.7525
49.1200,623.9425
49.1300,654.4150
49.1400,639.4125
49.1500,598.6350
49.1600,575.5925
49.1700,578.8100
49.1800,613.4775
49.1900,652.1325
49.2000,642.8125
49.2100,606.4125
49.2200,593.3325
49.2300,577.2350
49.2400,581.5325
49.2500,594.3275
49.2600,540.7775
49.2700,538.3825
49.2800,538.0850
49.2900,462.4925
49.3000,457.4975
49.3100,478.5425
49.3200,481.0375
49.3300,476.4750
49.3400,476.4300
49.3500,472.9725
49.3600,421.9550
49.3700,390.0000
49.3800,398.7125
49.3900,414.3550
49.4000,399.6925
49.4100,382.0325
49.4200,403.4775
49.4300,402.1825
49.4400,389.1225
49.4500,373.5175
49.4600,365.0250
49.4700,390.4425
49.4800,391.0000
49.4900,380.7850
49.5000,370.1025
49.5100,377.5625
49.5200,371.4425
49.5300,376.2150
49.5400,374.2400
49.5500,368.1050
49.5600,381.5100
49.5700,392.3525
49.5800,395.2900
49.5900,413.8500
49.6000,437.6925
49.6100,439.4450
49.6200,428.1425
49.6300,464.8400
49.6400,496.2000
49.6500,494.2700
49.6600,492.3925
49.6700,512.8775
49.6800,495.6775
49.6900,454.2875
49.7000,467.1425
49.7100,488.0900
49.7200,476.2150
49.7300,444.2800
49.7400,415.7775
49.7500,388.5275
49.7600,416.1825
49.7700,427.1200
49.7800,430.9750
49.7900,427.6000
49.8000,439.0200
49.8100,443.8250
49.8200,440.0000
49.8300,421.5450
49.8400,402.3425
49.8500,422.7650
49.8600,417.3175
49.8700,366.8300
49.8800,341.4150
49.8900,351.8275
49.9000,356.2600
49.9100,383.4350
49.9200,431.9200
49.9300,413.0450
49.9400,382.9400
49.9500,357.8075
49.9600,338.0775
49.9700,349.8700
49.9800,363.3325
49.9900,363.3325
50.0000,363.3325
