#Intensity_unit=cps
#Attenuator_coefficient=1.0000
10.0000,890.8900
10.0100,905.1775
10.0200,967.3500
10.0300,961.2025
10.0400,975.1600
10.0500,919.0850
10.0600,892.1275
10.0700,980.8500
10.0800,999.0825
10.0900,960.6625
10.1000,968.7650
10.1100,921.6225
10.1200,934.8025
10.1300,969.9000
10.1400,967.2925
10.1500,924.4025
10.1600,926.0350
10.1700,923.6500
10.1800,932.3800
10.1900,936.3475
10.2000,936.6675
10.2100,909.5600
10.2200,873.5500
10.2300,909.1225
10.2400,928.3750
10.2500,911.9575
10.2600,910.0000
10.2700,891.9725
10.2800,950.0675
10.2900,950.6625
10.3000,853.9700
10.3100,858.3325
10.3200,904.9775
10.3300,957.9575
10.3400,921.3875
10.3500,913.6725
10.3600,943.2700
10.3700,943.6750
10.3800,922.3950
10.3900,896.0800
10.4000,890.3450
10.4100,901.9500
10.4200,879.4425
10.4300,885.6225
10.4400,931.4250
10.4500,912.8050
10.4600,886.1475
10.4700,960.8175
10.4800,940.2100
10.4900,841.3800
10.5000,916.3175
10.5100,896.9150
10.5200,857.6450
10.5300,886.0350
10.5400,904.8575
10.5500,900.7250
10.5600,894.0625
10.5700,925.9800
10.5800,962.6325
10.5900,928.1175
10.6000,884.8000
10.6100,912.5900
10.6200,898.8975
10.6300,905.5475
10.6400,939.2150
10.6500,922.6300
10.6600,914.0875
10.6700,871.9600
10.6800,872.5750
10.6900,811.3275
10.7000,815.1400
10.7100,872.7175
10.7200,882.9500
10.7300,886.2800
10.7400,916.1300
10.7500,952.3950
10.7600,962.5550
10.7700,983.9300
10.7800,913.1375
10.7900,879.8150
10.8000,885.4825
10.8100,854.3575
10.8200,911.6550
10.8300,978.6950
10.8400,910.3975
10.8500,917.5925
10.8600,922.9300
10.8700,876.4600
10.8800,887.5700
10.8900,969.0275
10.9000,953.6700
10.9100,891.5125
10.9200,944.7175
10.9300,941.6475
10.9400,928.3175
10.9500,926.6675
10.9600,950.0100
10.9700,921.2525
10.9800,899.1750
10.9900,873.3550
11.0000,893.3000
11.0100,905.4000
11.0200,909.5775
11.0300,886.7325
11.0400,880.4250
11.0500,926.4950
11.0600,927.5250
11.0700,938.2800
11.0800,896.4725
11.0900,887.1000
11.1000,877.9700
11.1100,879.5650
11.1200,868.4150
11.1300,872.4575
11.1400,876.2275
11.1500,865.0975
11.1600,840.2050
11.1700,842.4475
11.1800,877.9950
11.1900,848.6875
11.2000,840.4475
11.2100,909.2275
11.2200,868.1050
11.2300,874.4075
11.2400,842.1025
11.2500,848.1825
11.2600,919.0650
11.2700,906.9900
11.2800,909.0825
11.2900,918.6200
11.3000,937.2325
11.3100,934.2575
11.3200,887.4225
11.3300,871.3950
11.3400,924.4675
11.3500,919.0075
11.3600,922.3950
11.3700,886.1200
11.3800,900.0275
11.3900,886.1750
11.4000,917.6350
11.4100,900.4775
11.4200,922.3675
11.4300,958.0650
11.4400,892.0100
11.4500,922.7725
11.4600,915.7500
11.4700,904.7875
11.4800,934.6550
11.4900,908.6950
11.5000,891.9550
11.5100,835.9800
11.5200,880.6600
11.5300,824.6700
11.5400,898.5025
11.5500,862.2575
11.5600,856.1700
11.5700,816.9800
11.5800,895.0000
11.5900,966.6400
11.6000,860.6150
11.6100,865.4625
11.6200,909.5875
11.6300,885.5775
11.6400,880.0000
11.6500,877.1775
11.6600,904.8875
11.6700,876.1525
11.6800,844.6275
11.6900,780.8275
11.7000,815.0625
11.7100,840.2225
11.7200,832.0800
11.7300,860.9325
11.7400,866.6675
11.7500,830.1475
11.7600,814.9100
11.7700,844.2025
11.7800,847.1950
11.7900,841.0600
11.8000,865.2175
11.8100,920.4100
11.8200,985.9825
11.8300,904.3425
11.8400,844.7225
11.8500,805.9250
11.8600,805.5875
11.8700,865.2950
11.8800,857.1325
11.8900,875.6450
11.9000,846.5500
11.9100,862.2875
11.9200,827.6825
11.9300,820.0000
11.9400,861.7250
11.9500,872.7800
11.9600,895.5625
11.9700,775.0225
11.9800,786.0850
11.9900,793.3325
12.0000,857.1100
12.0100,875.5425
12.0200,873.8975
12.0300,845.6500
12.0400,917.4750
12.0500,900.1475
12.0600,879.5125
12.0700,898.7675
12.0800,850.8725
12.0900,845.5200
12.1000,860.4575
12.1100,813.7150
12.1200,883.2300
12.1300,924.7825
12.1400,899.7275
12.1500,854.8250
12.1600,890.6525
12.1700,872.5225
12.1800,858.4275
12.1900,851.1775
12.2000,839.0275
12.2100,817.4750
12.2200,824.2950
12.2300,829.4050
12.2400,843.6850
12.2500,797.4250
12.2600,844.0825
12.2700,894.9225
12.2800,900.6025
12.2900,869.9750
12.3000,825.1400
12.3100,783.9475
12.3200,869.3175
12.3300,890.0000
12.3400,870.9450
12.3500,921.0750
12.3600,927.8950
12.3700,888.6225
12.3800,880.0000
12.3900,915.2875
12.4000,947.7475
12.4100,961.4675
12.4200,922.6875
12.4300,926.8750
12.4400,1016.6150
12.4500,1071.8325
12.4600,1123.2575
12.4700,1208.9900
12.4800,1321.1850
12.4900,1443.1950
12.5000,1577.2625
12.5100,1649.1625
12.5200,1778.5500
12.5300,2005.9325
12.5400,2163.6750
12.5500,2262.6225
12.5600,2288.0650
12.5700,2109.9975
12.5800,1988.8000
12.5900,1991.4675
12.6000,1959.1200
12.6100,1963.4025
12.6200,1843.4425
12.6300,1805.3025
12.6400,1757.8475
12.6500,1719.9250
12.6600,1659.8825
12.6700,1569.2075
12.6800,1421.8675
12.6900,1331.3075
12.7000,1343.3300
12.7100,1352.6650
12.7200,1273.4400
12.7300,1277.2875
12.7400,1424.3100
12.7500,1579.6275
12.7600,1668.4500
12.7700,1704.5750
12.7800,1898.4075
12.7900,2010.3150
12.8000,2079.6750
12.8100,1939.7000
12.8200,1963.5350
12.8300,1937.6700
12.8400,1857.9200
12.8500,1818.8600
12.8600,1755.2325
12.8700,1771.6725
12.8800,1748.3475
12.8900,1674.0975
12.9000,1569.7275
12.9100,1462.4125
12.9200,1376.8475
12.9300,1307.4050
12.9400,1159.3000
12.9500,1057.6700
12.9600,945.5050
12.9700,914.7525
12.9800,923.8200
12.9900,887.3650
13.0000,860.9550
13.0100,848.8150
13.0200,841.4375
13.0300,847.8400
13.0400,873.5075
13.0500,809.5200
13.0600,782.1750
13.0700,774.7850
13.0800,783.7550
13.0900,823.1200
13.1000,815.1175
13.1100,862.0125
13.1200,827.2875
13.1300,795.1525
13.1400,795.1925
13.1500,840.7650
13.1600,819.6325
13.1700,802.2275
13.1800,768.9300
13.1900,741.8875
13.2000,814.2425
13.2100,797.9025
13.2200,791.8325
13.2300,821.7225
13.2400,791.3100
13.2500,805.7750
13.2600,803.0300
13.2700,766.5350
13.2800,748.9475
13.2900,754.3800
13.3000,787.5000
13.3100,781.2600
13.3200,774.1000
13.3300,783.5900
13.3400,791.7925
13.3500,785.6500
13.3600,806.3675
13.3700,815.8900
13.3800,837.1150
13.3900,812.6800
13.4000,813.5450
13.4100,814.1150
13.4200,841.3775
13.4300,791.4025
13.4400,768.2425
13.4500,766.6675
13.4600,728.5275
13.4700,719.2075
13.4800,740.3150
13.4900,807.5700
13.5000,758.1950
13.5100,805.0925
13.5200,781.0800
13.5300,738.8275
13.5400,762.8800
13.5500,856.7400
13.5600,837.8675
13.5700,808.1875
13.5800,768.0200
13.5900,769.2700
13.6000,813.6375
13.6100,791.4250
13.6200,782.5150
13.6300,780.8200
13.6400,815.1725
13.6500,836.7100
13.6600,804.8775
13.6700,833.4475
13.6800,854.1825
13.6900,814.1025
13.7000,762.4700
13.7100,780.0025
13.7200,767.5125
13.7300,792.4600
13.7400,828.2850
13.7500,789.2925
13.7600,743.4325
13.7700,693.4925
13.7800,704.8825
13.7900,760.5775
13.8000,754.3025
13.8100,764.0475
13.8200,765.0375
13.8300,763.3325
13.8400,790.5900
13.8500,782.6675
13.8600,801.4125
13.8700,772.9100
13.8800,764.9425
13.8900,739.5050
13.9000,732.4675
13.9100,740.7300
13.9200,750.7250
13.9300,748.4075
13.9400,712.2175
13.9500,773.7650
13.9600,795.0850
13.9700,727.0400
13.9800,727.8700
13.9900,746.4750
14.0000,742.6500
14.0100,752.2425
14.0200,749.3275
14.0300,729.5525
14.0400,723.3325
14.0500,733.0975
14.0600,765.9425
14.0700,766.9150
14.0800,746.2800
14.0900,740.0000
14.1000,752.1625
14.1100,768.8200
14.1200,770.9050
14.1300,767.5725
14.1400,783.6450
14.1500,768.1875
14.1600,762.4225
14.1700,785.1150
14.1800,805.4250
14.1900,790.6675
14.2000,720.5475
14.2100,732.8625
14.2200,741.8450
14.2300,730.3625
14.2400,770.0050
14.2500,772.2300
14.2600,754.6450
14.2700,742.7925
14.2800,761.6050
14.2900,738.8150
14.3000,760.2250
14.3100,758.9625
14.3200,782.0550
14.3300,750.2825
14.3400,773.9600
14.3500,818.6575
14.3600,784.6600
14.3700,769.0500
14.3800,803.3575
14.3900,811.9050
14.4000,783.8300
14.4100,747.1825
14.4200,698.6600
14.4300,733.1800
14.4400,817.3750
14.4500,826.7425
14.4600,779.7400
14.4700,723.1025
14.4800,704.3025
14.4900,757.6775
14.5000,780.0000
14.5100,763.4850
14.5200,754.3100
14.5300,793.3775
14.5400,753.5100
14.5500,730.0000
14.5600,748.8000
14.5700,697.9600
14.5800,645.1750
14.5900,649.7450
14.6000,694.1525
14.6100,717.0225
14.6200,696.6075
14.6300,719.3900
14.6400,740.3400
14.6500,736.3325
14.6600,793.9600
14.6700,782.7200
14.6800,750.3700
14.6900,747.9850
14.7000,747.6750
14.7100,737.3750
14.7200,726.3700
14.7300,772.0325
14.7400,742.3575
14.7500,715.3700
14.7600,736.4675
14.7700,744.3550
14.7800,738.7150
14.7900,736.6675
14.8000,743.5850
14.8100,785.8375
14.8200,764.1925
14.8300,712.1600
14.8400,758.7300
14.8500,798.1500
14.8600,803.3325
14.8700,807.9200
14.8800,816.8725
14.8900,803.9750
14.9000,796.6675
14.9100,794.3800
14.9200,736.2400
14.9300,744.2275
14.9400,757.7200
14.9500,745.2750
14.9600,749.1050
14.9700,807.9200
14.9800,778.7925
14.9900,807.8300
15.0000,772.0750
15.0100,745.6000
15.0200,739.8725
15.0300,714.0350
15.0400,764.3875
15.0500,793.3325
15.0600,768.5000
15.0700,765.6900
15.0800,776.7625
15.0900,786.7550
15.1000,778.7500
15.1100,804.8075
15.1200,828.9850
15.1300,837.8225
15.1400,799.6375
15.1500,771.0375
15.1600,759.9500
15.1700,756.6675
15.1800,787.9550
15.1900,812.2650
15.2000,776.5075
15.2100,770.0425
15.2200,776.6675
15.2300,765.5400
15.2400,760.0000
15.2500,711.1250
15.2600,699.9850
15.2700,753.2400
15.2800,772.2350
15.2900,736.7925
15.3000,686.8200
15.3100,692.1000
15.3200,714.3750
15.3300,706.7625
15.3400,706.6125
15.3500,758.4525
15.3600,717.3175
15.3700,689.9300
15.3800,682.3500
15.3900,641.5500
15.4000,691.3125
15.4100,722.2850
15.4200,691.5425
15.4300,696.3500
15.4400,719.7775
15.4500,698.2850
15.4600,729.1400
15.4700,731.5400
15.4800,720.0000
15.4900,728.7025
15.5000,720.2925
15.5100,687.2750
15.5200,688.5200
15.5300,692.3300
15.5400,687.8350
15.5500,716.9600
15.5600,696.5800
15.5700,672.3475
15.5800,728.2675
15.5900,731.9700
15.6000,727.4375
15.6100,720.4200
15.6200,711.1825
15.6300,697.1100
15.6400,653.5125
15.6500,661.2100
15.6600,693.8075
15.6700,692.6300
15.6800,671.6975
15.6900,665.4700
15.7000,685.8775
15.7100,720.1250
15.7200,684.3275
15.7300,663.0525
15.7400,660.2875
15.7500,675.7900
15.7600,661.1925
15.7700,667.8750
15.7800,688.4750
15.7900,640.4100
15.8000,645.9550
15.8100,683.5700
15.8200,672.2225
15.8300,676.8725
15.8400,669.8100
15.8500,664.2100
15.8600,662.4600
15.8700,662.1000
15.8800,686.4250
15.8900,704.1950
15.9000,696.1900
15.9100,719.3050
15.9200,717.8450
15.9300,702.4875
15.9400,708.3500
15.9500,704.9925
15.9600,660.4150
15.9700,672.0500
15.9800,699.5725
15.9900,688.7925
16.0000,657.1700
16.0100,643.3325
16.0200,678.5475
16.0300,668.9575
16.0400,645.8650
16.0500,668.1175
16.0600,673.0150
16.0700,691.4050
16.0800,721.0825
16.0900,723.8275
16.1000,695.3350
16.1100,647.1450
16.1200,653.3350
16.1300,694.5925
16.1400,687.4775
16.1500,718.3325
16.1600,754.8400
16.1700,696.7175
16.1800,672.9825
16.1900,654.8100
16.2000,640.7375
16.2100,665.7000
16.2200,680.0000
16.2300,639.4150
16.2400,649.8250
16.2500,644.9800
16.2600,636.7825
16.2700,669.6100
16.2800,690.7050
16.2900,671.1450
16.3000,670.7725
16.3100,655.8425
16.3200,587.7100
16.3300,585.4775
16.3400,642.7925
16.3500,650.6275
16.3600,633.9900
16.3700,623.9975
16.3800,625.9975
16.3900,624.0100
16.4000,653.9125
16.4100,688.6225
16.4200,666.8050
16.4300,664.5650
16.4400,658.7850
16.4500,672.4675
16.4600,666.2075
16.4700,675.7475
16.4800,693.3325
16.4900,695.3100
16.5000,694.6925
16.5100,713.0575
16.5200,720.7550
16.5300,677.3000
16.5400,663.7650
16.5500,657.6200
16.5600,638.8175
16.5700,647.0550
16.5800,705.6175
16.5900,718.4850
16.6000,672.0700
16.6100,620.7225
16.6200,652.6450
16.6300,703.6350
16.6400,645.2325
16.6500,610.2725
16.6600,596.7000
16.6700,580.0000
16.6800,612.9375
16.6900,625.0550
16.7000,624.4000
16.7100,660.9000
16.7200,654.3950
16.7300,662.2400
16.7400,692.9575
16.7500,688.4625
16.7600,689.6050
16.7700,727.3675
16.7800,690.5800
16.7900,631.3500
16.8000,635.3000
16.8100,698.2500
16.8200,729.0325
16.8300,690.9250
16.8400,638.1025
16.8500,629.9825
16.8600,601.9975
16.8700,596.1100
16.8800,668.3150
16.8900,708.1050
16.9000,661.2650
16.9100,656.9025
16.9200,668.6750
16.9300,676.9700
16.9400,710.7175
16.9500,687.1600
16.9600,641.6325
16.9700,645.0175
16.9800,671.6675
16.9900,681.4600
17.0000,659.4200
17.0100,652.6775
17.0200,689.8650
17.0300,672.3125
17.0400,619.5125
17.0500,614.4950
17.0600,641.9150
17.0700,634.3925
17.0800,624.0825
17.0900,622.5925
17.1000,629.6150
17.1100,649.2375
17.1200,656.6675
17.1300,656.6675
17.1400,630.8875
17.1500,632.0700
17.1600,635.3025
17.1700,623.3325
17.1800,667.3225
17.1900,655.7325
17.2000,605.6950
17.2100,656.9425
17.2200,686.5975
17.2300,642.6650
17.2400,601.7975
17.2500,584.8475
17.2600,632.3625
17.2700,669.7050
17.2800,624.9975
17.2900,564.6675
17.3000,575.8675
17.3100,630.4125
17.3200,658.7425
17.3300,661.5325
17.3400,670.7925
17.3500,658.4400
17.3600,632.8225
17.3700,637.4225
17.3800,630.5525
17.3900,616.6675
17.4000,639.8850
17.4100,651.0800
17.4200,629.0800
17.4300,600.6500
17.4400,576.0025
17.4500,575.5425
17.4600,618.7975
17.4700,653.5425
17.4800,697.3525
17.4900,692.6975
17.5000,661.9600
17.5100,654.3300
17.5200,643.3325
17.5300,648.6075
17.5400,653.3325
17.5500,639.3025
17.5600,651.1900
17.5700,669.8350
17.5800,631.7175
17.5900,603.4900
17.6000,627.5850
17.6100,684.9675
17.6200,697.3950
17.6300,640.1975
17.6400,630.9500
17.6500,653.3325
17.6600,651.6025
17.6700,667.2800
17.6800,683.3325
17.6900,660.9250
17.7000,636.5575
17.7100,650.5275
17.7200,673.5350
17.7300,654.2750
17.7400,660.8300
17.7500,664.3400
17.7600,628.0400
17.7700,625.1975
17.7800,645.2625
17.7900,663.4750
17.8000,637.7050
17.8100,613.4575
17.8200,604.7425
17.8300,603.5450
17.8400,614.9750
17.8500,630.2225
17.8600,629.8000
17.8700,633.5475
17.8800,646.6050
17.8900,663.5225
17.9000,684.9900
17.9100,676.6300
17.9200,609.7525
17.9300,560.0275
17.9400,620.0750
17.9500,666.6650
17.9600,628.3725
17.9700,596.6575
17.9800,609.9625
17.9900,628.2900
18.0000,648.2575
18.0100,648.4225
18.0200,673.0025
18.0300,711.6500
18.0400,719.9225
18.0500,701.9925
18.0600,645.4525
18.0700,613.3325
18.0800,618.2475
18.0900,613.5175
18.1000,621.3075
18.1100,638.3675
18.1200,625.2600
18.1300,631.2350
18.1400,663.0000
18.1500,636.0925
18.1600,607.9200
18.1700,637.9000
18.1800,640.4025
18.1900,608.9125
18.2000,599.6700
18.2100,627.7050
18.2200,677.2075
18.2300,685.9225
18.2400,648.7800
18.2500,630.2625
18.2600,637.7200
18.2700,645.3525
18.2800,651.0125
18.2900,682.5850
18.3000,700.0000
18.3100,665.0775
18.3200,671.0525
18.3300,701.0050
18.3400,665.7725
18.3500,638.9500
18.3600,661.3450
18.3700,714.1675
18.3800,766.1525
18.3900,823.9325
18.4000,852.7375
18.4100,897.7675
18.4200,991.3675
18.4300,1117.3200
18.4400,1267.9225
18.4500,1434.4775
18.4600,1624.3400
18.4700,1788.1025
18.4800,1936.3025
18.4900,2105.2225
18.5000,2139.5875
18.5100,2082.7825
18.5200,2129.8275
18.5300,2167.9525
18.5400,2045.2575
18.5500,1911.6550
18.5600,1832.9725
18.5700,1756.6300
18.5800,1673.6300
18.5900,1545.8550
18.6000,1418.0275
18.6100,1331.3525
18.6200,1200.4675
18.6300,1042.0925
18.6400,936.9900
18.6500,889.1525
18.6600,828.3100
18.6700,780.9600
18.6800,765.4875
18.6900,723.9475
18.7000,660.5000
18.7100,632.1725
18.7200,619.1900
18.7300,601.0400
18.7400,636.2175
18.7500,678.4475
18.7600,664.4600
18.7700,650.7075
18.7800,617.7750
18.7900,602.2275
18.8000,615.8725
18.8100,635.5750
18.8200,635.8900
18.8300,627.1575
18.8400,602.2625
18.8500,612.7925
18.8600,637.7250
18.8700,649.1800
18.8800,637.6975
18.8900,601.6775
18.9000,589.5750
18.9100,606.4050
18.9200,611.7325
18.9300,577.8450
18.9400,551.8875
18.9500,561.5450
18.9600,563.6975
18.9700,565.3675
18.9800,595.7450
18.9900,606.2025
19.0000,605.7050
19.0100,614.2950
19.0200,637.6150
19.0300,651.8825
19.0400,647.6850
19.0500,605.3625
19.0600,596.5200
19.0700,612.0075
19.0800,598.0800
19.0900,608.4675
19.1000,628.4525
19.1100,634.3725
19.1200,608.4100
19.1300,598.7550
19.1400,615.8000
19.1500,630.9600
19.1600,637.6775
19.1700,616.4150
19.1800,639.7325
19.1900,621.4050
19.2000,568.3525
19.2100,577.4200
19.2200,616.3350
19.2300,613.4525
19.2400,616.1575
19.2500,649.2100
19.2600,629.6125
19.2700,604.5200
19.2800,584.3600
19.2900,562.5725
19.3000,559.3925
19.3100,582.3800
19.3200,623.5825
19.3300,632.4875
19.3400,609.9000
19.3500,581.0825
19.3600,574.9150
19.3700,585.1200
19.3800,565.4325
19.3900,610.1725
19.4000,640.6225
19.4100,630.6775
19.4200,629.9925
19.4300,627.9950
19.4400,622.7050
19.4500,612.6025
19.4600,624.7350
19.4700,589.4625
19.4800,562.0125
19.4900,553.4075
19.5000,563.0800
19.5100,581.5075
19.5200,565.9575
19.5300,572.6200
19.5400,560.9825
19.5500,530.1425
19.5600,556.4675
19.5700,615.9325
19.5800,607.0225
19.5900,582.7800
19.6000,596.0625
19.6100,604.7225
19.6200,558.4050
19.6300,536.1425
19.6400,558.2425
19.6500,613.5850
19.6600,617.2100
19.6700,582.6225
19.6800,554.9025
19.6900,563.2025
19.7000,591.2700
19.7100,583.1950
19.7200,593.2325
19.7300,634.1425
19.7400,617.3975
19.7500,587.8600
19.7600,565.8000
19.7700,577.1450
19.7800,599.1525
19.7900,581.2375
19.8000,593.7700
19.8100,599.5050
19.8200,616.7350
19.8300,597.5225
19.8400,603.2275
19.8500,638.5175
19.8600,646.5900
19.8700,625.1125
19.8800,645.6200
19.8900,646.2675
19.9000,700.7850
19.9100,778.1575
19.9200,867.0525
19.9300,933.1350
19.9400,1058.5425
19.9500,1228.4225
19.9600,1339.0825
19.9700,1428.9700
19.9800,1651.0250
19.9900,1793.4875
20.0000,1834.1250
20.0100,1872.4800
20.0200,1860.0875
20.0300,1796.9300
20.0400,1794.0775
20.0500,1757.7625
20.0600,1801.0425
20.0700,1726.4625
20.0800,1643.8925
20.0900,1593.6900
20.1000,1494.5450
20.1100,1398.7000
20.1200,1302.9975
20.1300,1159.7650
20.1400,1018.8650
20.1500,907.8925
20.1600,846.9275
20.1700,822.7450
20.1800,820.0700
20.1900,737.6875
20.2000,677.8175
20.2100,665.0600
20.2200,628.6400
20.2300,619.0550
20.2400,626.5750
20.2500,639.3750
20.2600,678.9400
20.2700,656.0950
20.2800,601.0675
20.2900,597.7975
20.3000,585.3400
20.3100,572.4225
20.3200,606.7025
20.3300,614.4550
20.3400,613.3125
20.3500,602.2025
20.3600,598.9000
20.3700,610.0000
20.3800,616.6525
20.3900,608.9825
20.4000,554.5250
20.4100,541.0150
20.4200,574.3225
20.4300,596.6675
20.4400,601.0425
20.4500,596.8975
20.4600,570.0000
20.4700,580.8700
20.4800,618.5175
20.4900,662.9875
20.5000,685.6800
20.5100,696.0600
20.5200,747.4175
20.5300,786.0900
20.5400,806.0875
20.5500,779.8700
20.5600,810.1050
20.5700,873.8200
20.5800,907.5750
20.5900,939.9475
20.6000,979.4425
20.6100,937.7075
20.6200,914.5325
20.6300,930.2650
20.6400,850.7100
20.6500,806.4975
20.6600,821.8850
20.6700,760.0000
20.6800,746.5250
20.6900,717.7000
20.7000,718.9675
20.7100,708.4325
20.7200,699.2400
20.7300,711.8050
20.7400,701.5100
20.7500,722.0400
20.7600,722.5975
20.7700,742.7600
20.7800,833.2825
20.7900,912.9225
20.8000,995.4975
20.8100,1036.6175
20.8200,1035.3900
20.8300,1107.6700
20.8400,1171.6325
20.8500,1215.6250
20.8600,1242.6250
20.8700,1234.8775
20.8800,1198.1525
20.8900,1243.1900
20.9000,1232.2575
20.9100,1120.5775
20.9200,1026.5200
20.9300,951.4600
20.9400,903.7475
20.9500,898.6075
20.9600,880.0875
20.9700,809.8075
20.9800,760.2850
20.9900,720.0000
21.0000,717.1225
21.0100,701.3925
21.0200,652.3350
21.0300,573.8175
21.0400,569.9300
21.0500,621.8925
21.0600,609.6725
21.0700,561.9575
21.0800,555.6350
21.0900,585.9275
21.1000,613.5850
21.1100,567.8850
21.1200,532.9475
21.1300,531.6775
21.1400,556.1075
21.1500,571.6325
21.1600,599.7725
21.1700,599.2375
21.1800,558.8225
21.1900,581.5450
21.2000,614.2525
21.2100,671.4650
21.2200,733.0925
21.2300,665.9800
21.2400,591.4350
21.2500,613.3325
21.2600,610.6475
21.2700,629.2225
21.2800,715.1350
21.2900,784.1900
21.3000,870.6250
21.3100,899.1175
21.3200,894.9050
21.3300,889.1225
21.3400,899.8000
21.3500,960.2400
21.3600,1033.6325
21.3700,1035.9700
21.3800,992.7275
21.3900,1028.9925
21.4000,1080.7500
21.4100,1096.5075
21.4200,1185.5850
21.4300,1261.9475
21.4400,1340.0625
21.4500,1498.0600
21.4600,1626.3775
21.4700,1783.1000
21.4800,1989.7150
21.4900,2216.9825
21.5000,2397.6025
21.5100,2570.0300
21.5200,2903.9225
21.5300,3234.7325
21.5400,3387.4350
21.5500,3431.4175
21.5600,3473.6700
21.5700,3399.2400
21.5800,3365.4425
21.5900,3263.3775
21.6000,3117.5450
21.6100,2954.3800
21.6200,2709.1950
21.6300,2503.3700
21.6400,2304.5700
21.6500,2072.8850
21.6600,1832.9175
21.6700,1679.9675
21.6800,1421.5475
21.6900,1247.4700
21.7000,1117.1500
21.7100,980.3975
21.7200,912.7575
21.7300,871.9500
21.7400,754.3700
21.7500,656.8400
21.7600,627.9950
21.7700,674.3600
21.7800,679.7000
21.7900,715.6900
21.8000,695.3325
21.8100,705.7400
21.8200,686.8100
21.8300,712.2625
21.8400,715.4900
21.8500,729.9725
21.8600,849.0175
21.8700,936.0825
21.8800,1079.6725
21.8900,1202.5550
21.9000,1304.6325
21.9100,1470.7275
21.9200,1650.0850
21.9300,1747.1900
21.9400,1806.1150
21.9500,1853.7625
21.9600,1890.3400
21.9700,1825.3500
21.9800,1759.2825
21.9900,1764.5250
22.0000,1764.8575
22.0100,1608.2150
22.0200,1400.4075
22.0300,1345.6350
22.0400,1352.6300
22.0500,1280.4175
22.0600,1172.5200
22.0700,1025.2800
22.0800,936.6025
22.0900,845.5225
22.1000,798.9300
22.1100,817.5925
22.1200,755.9850
22.1300,768.9575
22.1400,819.1700
22.1500,777.3400
22.1600,787.3900
22.1700,818.6750
22.1800,829.3350
22.1900,851.9575
22.2000,907.9400
22.2100,965.0525
22.2200,1081.7725
22.2300,1170.1575
22.2400,1315.8450
22.2500,1495.7925
22.2600,1684.3225
22.2700,1965.3975
22.2800,2269.8150
22.2900,2648.2500
22.3000,3022.5750
22.3100,3406.7275
22.3200,3820.4925
22.3300,4271.9675
22.3400,4579.9250
22.3500,4504.2900
22.3600,4728.8125
22.3700,4651.5275
22.3800,4484.7475
22.3900,4311.0500
22.4000,4328.2050
22.4100,4121.5125
22.4200,3793.0100
22.4300,3594.0575
22.4400,3375.7100
22.4500,2965.3075
22.4600,2494.1650
22.4700,2122.6350
22.4800,1833.7200
22.4900,1620.5650
22.5000,1458.7125
22.5100,1299.5600
22.5200,1068.9250
22.5300,930.1900
22.5400,805.5975
22.5500,726.3425
22.5600,671.5275
22.5700,642.1200
22.5800,623.9625
22.5900,633.7550
22.6000,588.9100
22.6100,605.5825
22.6200,624.4400
22.6300,580.0000
22.6400,576.1450
22.6500,550.6375
22.6600,522.7275
22.6700,524.1750
22.6800,460.0000
22.6900,460.5375
22.7000,463.3325
22.7100,472.3950
22.7200,522.6525
22.7300,528.2200
22.7400,481.7575
22.7500,473.3325
22.7600,481.6575
22.7700,519.4175
22.7800,472.2725
22.7900,438.7150
22.8000,490.7475
22.8100,523.9925
22.8200,571.7175
22.8300,504.6575
22.8400,489.3325
22.8500,463.6825
22.8600,448.6450
22.8700,469.3550
22.8800,521.8650
22.8900,508.9475
22.9000,476.5475
22.9100,441.4875
22.9200,478.1525
22.9300,525.2350
22.9400,509.0750
22.9500,467.5800
22.9600,494.7425
22.9700,495.8650
22.9800,446.2850
22.9900,426.5650
23.0000,442.0750
23.0100,416.5300
23.0200,440.3000
23.0300,465.1400
23.0400,475.7700
23.0500,467.7675
23.0600,461.3225
23.0700,513.3325
23.0800,505.8750
23.0900,459.2825
23.1000,482.7375
23.1100,513.4200
23.1200,441.9525
23.1300,412.9825
23.1400,437.5675
23.1500,465.4050
23.1600,461.6850
23.1700,499.9925
23.1800,522.5075
23.1900,509.6875
23.2000,460.0000
23.2100,464.0550
23.2200,488.0950
23.2300,450.4000
23.2400,452.9350
23.2500,453.5575
23.2600,481.1775
23.2700,484.5400
23.2800,446.4325
23.2900,470.7700
23.3000,480.1075
23.3100,504.3875
23.3200,485.5350
23.3300,477.7900
23.3400,487.0400
23.3500,492.2175
23.3600,507.0650
23.3700,484.7900
23.3800,497.7525
23.3900,504.8700
23.4000,493.9225
23.4100,528.7925
23.4200,543.1525
23.4300,510.5425
23.4400,492.2100
23.4500,542.4075
23.4600,566.7450
23.4700,608.1800
23.4800,716.7225
23.4900,781.6700
23.5000,831.9625
23.5100,891.1650
23.5200,1016.4650
23.5300,1249.3925
23.5400,1446.3525
23.5500,1625.4450
23.5600,1895.6900
23.5700,2194.9225
23.5800,2413.5725
23.5900,2531.4900
23.6000,2714.5775
23.6100,2772.4050
23.6200,2901.4675
23.6300,2936.6175
23.6400,2805.3075
23.6500,2855.9075
23.6600,2797.4025
23.6700,2608.4700
23.6800,2368.9050
23.6900,2235.3400
23.7000,2071.0800
23.7100,1985.3700
23.7200,1694.6900
23.7300,1469.0150
23.7400,1257.3575
23.7500,1107.2050
23.7600,1029.2800
23.7700,939.6750
23.7800,895.3725
23.7900,875.3900
23.8000,814.1700
23.8100,741.3275
23.8200,708.7225
23.8300,611.4750
23.8400,634.1325
23.8500,684.7425
23.8600,658.5725
23.8700,641.1775
23.8800,658.7625
23.8900,685.0550
23.9000,665.3825
23.9100,692.6575
23.9200,683.1100
23.9300,677.8025
23.9400,645.5800
23.9500,628.0700
23.9600,601.0600
23.9700,615.4100
23.9800,593.5650
23.9900,546.4625
24.0000,543.5350
24.0100,545.6725
24.0200,529.6075
24.0300,523.3325
24.0400,524.0975
24.0500,535.7225
24.0600,519.2550
24.0700,505.9325
24.0800,490.9825
24.0900,449.4650
24.1000,444.3900
24.1100,520.7375
24.1200,471.2875
24.1300,435.1800
24.1400,469.8350
24.1500,465.0400
24.1600,432.6925
24.1700,420.7875
24.1800,436.6675
24.1900,437.4275
24.2000,452.1375
24.2100,426.8125
24.2200,431.0100
24.2300,453.1925
24.2400,449.0250
24.2500,426.6675
24.2600,427.6050
24.2700,449.0800
24.2800,426.0225
24.2900,411.0100
24.3000,437.4075
24.3100,454.7325
24.3200,404.1625
24.3300,425.7400
24.3400,400.5650
24.3500,416.7775
24.3600,419.1375
24.3700,393.3325
24.3800,394.3600
24.3900,426.6675
24.4000,426.4725
24.4100,419.9050
24.4200,417.0350
24.4300,430.8050
24.4400,457.3050
24.4500,357.7625
24.4600,401.5525
24.4700,461.3550
24.4800,381.1475
24.4900,429.8525
24.5000,423.2625
24.5100,420.2050
24.5200,429.4725
24.5300,403.9675
24.5400,436.5450
24.5500,429.3025
24.5600,390.6675
24.5700,429.5775
24.5800,403.2325
24.5900,396.4275
24.6000,380.6775
24.6100,430.0000
24.6200,430.3575
24.6300,459.6650
24.6400,430.1050
24.6500,440.5125
24.6600,492.8350
24.6700,436.6675
24.6800,436.9800
24.6900,480.1500
24.7000,502.8800
24.7100,423.3650
24.7200,430.0000
24.7300,429.9675
24.7400,420.0325
24.7500,433.2925
24.7600,410.0150
24.7700,426.6700
24.7800,453.3175
24.7900,446.6750
24.8000,463.2975
24.8100,509.8600
24.8200,463.5100
24.8300,440.1075
24.8400,456.5775
24.8500,410.2875
24.8600,400.0700
24.8700,426.4600
24.8800,486.1550
24.8900,470.1550
24.9000,466.7000
24.9100,427.1025
24.9200,420.0775
24.9300,426.5825
24.9400,413.5100
24.9500,456.0575
24.9600,466.5175
24.9700,437.1350
24.9800,436.6675
24.9900,469.4275
25.0000,463.4525
25.0100,433.8975
25.0200,433.3325
25.0300,443.1300
25.0400,420.4925
25.0500,442.8225
25.0600,462.8800
25.0700,489.3725
25.0800,483.4950
25.0900,421.5900
25.1000,439.4825
25.1100,456.2225
25.1200,502.0525
25.1300,500.0950
25.1400,512.9450
25.1500,461.5900
25.1600,534.3175
25.1700,549.5800
25.1800,559.6775
25.1900,527.7675
25.2000,510.5625
25.2100,542.1800
25.2200,581.9175
25.2300,605.8225
25.2400,677.2900
25.2500,715.2825
25.2600,787.1725
25.2700,905.2800
25.2800,1156.3675
25.2900,1371.2700
25.3000,1600.4075
25.3100,1868.5250
25.3200,2173.3900
25.3300,2514.8625
25.3400,2628.6950
25.3500,2849.6475
25.3600,3031.6375
25.3700,3151.1525
25.3800,3201.0900
25.3900,3098.7050
25.4000,3052.1500
25.4100,2983.5300
25.4200,2847.1700
25.4300,2732.5625
25.4400,2698.2500
25.4500,2548.3975
25.4600,2209.0400
25.4700,1859.3175
25.4800,1688.9575
25.4900,1532.2275
25.5000,1290.8675
25.5100,1210.7525
25.5200,1062.4050
25.5300,927.9950
25.5400,791.6350
25.5500,714.5125
25.5600,694.3725
25.5700,630.8750
25.5800,626.6675
25.5900,567.4325
25.6000,541.5275
25.6100,568.0100
25.6200,588.6575
25.6300,593.1075
25.6400,574.7075
25.6500,545.4175
25.6600,499.9475
25.6700,515.2450
25.6800,501.1975
25.6900,481.4525
25.7000,498.5300
25.7100,496.9150
25.7200,478.1675
25.7300,488.9875
25.7400,511.5450
25.7500,461.0550
25.7600,487.3925
25.7700,511.4900
25.7800,522.5350
25.7900,455.9125
25.8000,416.3200
25.8100,401.0950
25.8200,418.3400
25.8300,432.2150
25.8400,436.3850
25.8500,430.5700
25.8600,433.0450
25.8700,445.5075
25.8800,419.3000
25.8900,428.8200
25.9000,481.6025
25.9100,444.2075
25.9200,449.0900
25.9300,389.4525
25.9400,410.5550
25.9500,404.2675
25.9600,433.5275
25.9700,442.7000
25.9800,386.0650
25.9900,437.2175
26.0000,398.2025
26.0100,360.2650
26.0200,410.7300
26.0300,380.6575
26.0400,412.6450
26.0500,464.5950
26.0600,464.0150
26.0700,451.3725
26.0800,432.0750
26.0900,435.9700
26.1000,433.6850
26.1100,433.3325
26.1200,421.4250
26.1300,417.0250
26.1400,431.5250
26.1500,430.3650
26.1600,415.1700
26.1700,413.3325
26.1800,416.2950
26.1900,437.3750
26.2000,431.1325
26.2100,483.1525
26.2200,487.0500
26.2300,474.8750
26.2400,461.5525
26.2500,439.4050
26.2600,445.4850
26.2700,476.0350
26.2800,453.5925
26.2900,479.3175
26.3000,489.1925
26.3100,533.8950
26.3200,510.7625
26.3300,521.2725
26.3400,537.9250
26.3500,528.3375
26.3600,523.7525
26.3700,543.7050
26.3800,564.1125
26.3900,592.8125
26.4000,579.2525
26.4100,623.0600
26.4200,598.1325
26.4300,573.0725
26.4400,555.5425
26.4500,553.3325
26.4600,579.3100
26.4700,571.8000
26.4800,538.3100
26.4900,501.6725
26.5000,528.2975
26.5100,541.9525
26.5200,540.4625
26.5300,528.5300
26.5400,483.6925
26.5500,482.3925
26.5600,426.1400
26.5700,419.5225
26.5800,457.1050
26.5900,440.5200
26.6000,399.6300
26.6100,404.7175
26.6200,420.8850
26.6300,443.2200
26.6400,477.8875
26.6500,409.6075
26.6600,410.8325
26.6700,427.4850
26.6800,430.0000
26.6900,441.3000
26.7000,434.8675
26.7100,410.7775
26.7200,395.4000
26.7300,424.2900
26.7400,399.0725
26.7500,373.6700
26.7600,400.8675
26.7700,361.8100
26.7800,420.5550
26.7900,486.5000
26.8000,471.5075
26.8100,483.4250
26.8200,464.3450
26.8300,443.2750
26.8400,423.2900
26.8500,464.5150
26.8600,473.3325
26.8700,437.2350
26.8800,430.0000
26.8900,405.0575
26.9000,397.2300
26.9100,427.0950
26.9200,433.3325
26.9300,427.8125
26.9400,412.8750
26.9500,407.2450
26.9600,428.6875
26.9700,411.3325
26.9800,439.6350
26.9900,452.1550
27.0000,445.1075
27.0100,413.2000
27.0200,428.5600
27.0300,449.7375
27.0400,513.4225
27.0500,493.9225
27.0600,434.8725
27.0700,453.2900
27.0800,430.0725
27.0900,434.2050
27.1000,452.9575
27.1100,448.5300
27.1200,411.4375
27.1300,373.5525
27.1400,426.1675
27.1500,429.1925
27.1600,394.2750
27.1700,462.1700
27.1800,496.1625
27.1900,473.0875
27.2000,490.8625
27.2100,480.5525
27.2200,522.2800
27.2300,514.5700
27.2400,542.1325
27.2500,555.3500
27.2600,551.3225
27.2700,536.6500
27.2800,525.3325
27.2900,573.9575
27.3000,653.2100
27.3100,693.9325
27.3200,657.4975
27.3300,683.8175
27.3400,788.7700
27.3500,911.3225
27.3600,1108.6350
27.3700,1375.3425
27.3800,1689.4425
27.3900,2065.2675
27.4000,2423.3350
27.4100,2699.3500
27.4200,2976.8475
27.4300,3296.7300
27.4400,3440.1450
27.4500,3567.4825
27.4600,3578.3350
27.4700,3698.9100
27.4800,3722.8800
27.4900,3798.3250
27.5000,3650.4700
27.5100,3543.4075
27.5200,3393.9250
27.5300,3226.6625
27.5400,2945.8425
27.5500,2884.4500
27.5600,2658.5675
27.5700,2261.8950
27.5800,2003.7050
27.5900,1716.3550
27.6000,1571.8075
27.6100,1449.4325
27.6200,1252.5625
27.6300,1051.5100
27.6400,903.8425
27.6500,850.2225
27.6600,763.8100
27.6700,688.7500
27.6800,714.2925
27.6900,634.6075
27.7000,599.0025
27.7100,622.1850
27.7200,586.6650
27.7300,555.5075
27.7400,567.8075
27.7500,547.9225
27.7600,507.0000
27.7700,504.2750
27.7800,468.6700
27.7900,471.8500
27.8000,481.7225
27.8100,485.8575
27.8200,486.6675
27.8300,496.7450
27.8400,522.6525
27.8500,562.6850
27.8600,525.6125
27.8700,482.4025
27.8800,460.8025
27.8900,521.7575
27.9000,548.3350
27.9100,530.0150
27.9200,543.2975
27.9300,515.1000
27.9400,488.3925
27.9500,500.7450
27.9600,538.9675
27.9700,512.7700
27.9800,502.4800
27.9900,520.6700
28.0000,494.5050
28.0100,493.2175
28.0200,526.2900
28.0300,504.6100
28.0400,490.8700
28.0500,480.1575
28.0600,496.3300
28.0700,498.4225
28.0800,486.8575
28.0900,478.4325
28.1000,513.3750
28.1100,529.1100
28.1200,512.9075
28.1300,521.3025
28.1400,519.3575
28.1500,516.6675
28.1600,550.7025
28.1700,553.6200
28.1800,547.5750
28.1900,561.2050
28.2000,595.7100
28.2100,601.8325
28.2200,590.3400
28.2300,596.3150
28.2400,614.4575
28.2500,620.0000
28.2600,612.7875
28.2700,607.5975
28.2800,628.2575
28.2900,564.7800
28.3000,558.2075
28.3100,683.8175
28.3200,718.0600
28.3300,701.4050
28.3400,691.9000
28.3500,704.2800
28.3600,738.5300
28.3700,757.1250
28.3800,774.2325
28.3900,777.6300
28.4000,838.2000
28.4100,931.8875
28.4200,1030.8400
28.4300,1161.4200
28.4400,1316.4175
28.4500,1525.7075
28.4600,1931.8125
28.4700,2411.4275
28.4800,2905.1125
28.4900,3512.4650
28.5000,4064.6600
28.5100,4534.5175
28.5200,5071.5250
28.5300,5478.8425
28.5400,5733.7200
28.5500,6007.0500
28.5600,6085.0475
28.5700,6147.3100
28.5800,6253.1725
28.5900,6166.2525
28.6000,6099.4550
28.6100,6148.7800
28.6200,6101.7975
28.6300,5892.5200
28.6400,5746.5675
28.6500,5516.6050
28.6600,5128.0725
28.6700,4646.9100
28.6800,4306.6800
28.6900,3989.8725
28.7000,3677.5800
28.7100,3523.9625
28.7200,3252.6250
28.7300,2882.5750
28.7400,2747.4050
28.7500,2590.0000
28.7600,2442.8175
28.7700,2368.1225
28.7800,2254.8850
28.7900,2157.9750
28.8000,2235.0025
28.8100,2283.3325
28.8200,2348.6975
28.8300,2515.0750
28.8400,2705.9200
28.8500,2908.1575
28.8600,3174.0675
28.8700,3350.6575
28.8800,3475.0375
28.8900,3597.1325
28.9000,3656.7600
28.9100,3824.9825
28.9200,3985.7350
28.9300,4064.4825
28.9400,4054.4500
28.9500,4144.2950
28.9600,4249.8600
28.9700,4252.3150
28.9800,4255.4775
28.9900,4049.1250
29.0000,3805.4550
29.0100,3586.8650
29.0200,3256.9675
29.0300,3038.7625
29.0400,2885.7825
29.0500,2628.3150
29.0600,2518.9550
29.0700,2446.6875
29.0800,2300.7900
29.0900,2077.5400
29.1000,1837.4825
29.1100,1645.6850
29.1200,1477.9950
29.1300,1448.2200
29.1400,1404.7950
29.1500,1414.4750
29.1600,1445.3175
29.1700,1495.3600
29.1800,1556.6750
29.1900,1693.0200
29.2000,1866.4175
29.2100,2111.5075
29.2200,2546.0625
29.2300,3010.8575
29.2400,3515.6950
29.2500,4137.7200
29.2600,4718.4125
29.2700,5172.3875
29.2800,5592.7100
29.2900,6180.7525
29.3000,6681.6900
29.3100,6932.7925
29.3200,7010.2925
29.3300,6920.4950
29.3400,6933.1100
29.3500,6977.5575
29.3600,6838.6900
29.3700,6436.4900
29.3800,6256.3100
29.3900,6073.0050
29.4000,5585.6225
29.4100,5000.7750
29.4200,4464.3400
29.4300,3970.2325
29.4400,3558.2675
29.4500,3132.2725
29.4600,2724.7000
29.4700,2423.2025
29.4800,2181.2800
29.4900,1838.1975
29.5000,1503.1050
29.5100,1333.3350
29.5200,1187.1550
29.5300,1039.5200
29.5400,983.8175
29.5500,903.8475
29.5600,834.0550
29.5700,780.9950
29.5800,746.4150
29.5900,744.0950
29.6000,740.5325
29.6100,730.5400
29.6200,708.3125
29.6300,704.8150
29.6400,677.4550
29.6500,679.0125
29.6600,654.7875
29.6700,603.6600
29.6800,635.2275
29.6900,662.6250
29.7000,645.8725
29.7100,642.7125
29.7200,660.7550
29.7300,659.9500
29.7400,653.3325
29.7500,623.2625
29.7600,625.3550
29.7700,669.9900
29.7800,684.0100
29.7900,691.9625
29.8000,668.1400
29.8100,652.6325
29.8200,656.6675
29.8300,646.7500
29.8400,653.8650
29.8500,647.5100
29.8600,654.4425
29.8700,682.4475
29.8800,669.6950
29.8900,643.4975
29.9000,668.1000
29.9100,709.6175
29.9200,719.4150
29.9300,712.7525
29.9400,711.9550
29.9500,709.4300
29.9600,702.7700
29.9700,725.2950
29.9800,795.7975
29.9900,860.5000
30.0000,887.7500
30.0100,920.4250
30.0200,999.9050
30.0300,1062.6300
30.0400,1182.6575
30.0500,1402.4075
30.0600,1610.4425
30.0700,1717.3725
30.0800,1772.5800
30.0900,1896.1825
30.1000,2120.9750
30.1100,2468.0675
30.1200,2835.8125
30.1300,3274.9750
30.1400,3776.0250
30.1500,4263.7350
30.1600,4846.6600
30.1700,5495.2300
30.1800,6049.2325
30.1900,6465.6875
30.2000,6845.6900
30.2100,7097.5800
30.2200,7186.3075
30.2300,7221.6775
30.2400,7158.3850
30.2500,7017.6750
30.2600,6902.8875
30.2700,6898.7825
30.2800,6911.7625
30.2900,6635.8300
30.3000,6071.8500
30.3100,5582.2375
30.3200,5062.8675
30.3300,4493.3000
30.3400,3965.9650
30.3500,3523.7875
30.3600,3172.1475
30.3700,2894.9475
30.3800,2776.8050
30.3900,2664.3150
30.4000,2471.6425
30.4100,2286.7550
30.4200,2241.0375
30.4300,2399.7475
30.4400,2679.2925
30.4500,2878.1650
30.4600,3146.2850
30.4700,3474.9875
30.4800,3732.3925
30.4900,4002.0700
30.5000,4185.6600
30.5100,4210.1825
30.5200,4155.5525
30.5300,4042.4975
30.5400,3946.4275
30.5500,3925.1250
30.5600,3933.8200
30.5700,4020.3575
30.5800,3900.9975
30.5900,3603.1375
30.6000,3326.6725
30.6100,3044.6625
30.6200,2657.6850
30.6300,2352.3375
30.6400,2219.5175
30.6500,2092.9525
30.6600,1945.2450
30.6700,1757.6025
30.6800,1587.9850
30.6900,1475.9825
30.7000,1391.3075
30.7100,1262.4150
30.7200,1136.3550
30.7300,1067.0325
30.7400,1033.0375
30.7500,1035.3550
30.7600,1045.0675
30.7700,1018.9475
30.7800,925.8700
30.7900,887.5150
30.8000,941.0425
30.8100,1004.4375
30.8200,1034.9475
30.8300,1180.9550
30.8400,1289.1500
30.8500,1295.9350
30.8600,1415.4275
30.8700,1518.8425
30.8800,1591.0975
30.8900,1670.6100
30.9000,1689.8125
30.9100,1683.3900
30.9200,1698.5150
30.9300,1693.1000
30.9400,1671.6050
30.9500,1627.9200
30.9600,1610.1850
30.9700,1631.6800
30.9800,1564.5875
30.9900,1419.6600
31.0000,1296.5350
31.0100,1189.9250
31.0200,1108.3400
31.0300,1010.1475
31.0400,898.4575
31.0500,891.5225
31.0600,890.2025
31.0700,828.5975
31.0800,771.9150
31.0900,684.0600
31.1000,608.4850
31.1100,599.9500
31.1200,600.0550
31.1300,572.1125
31.1400,549.9350
31.1500,551.7025
31.1600,522.3075
31.1700,477.0700
31.1800,507.0875
31.1900,553.4250
31.2000,545.1450
31.2100,512.5325
31.2200,486.5600
31.2300,488.3900
31.2400,481.8425
31.2500,463.8250
31.2600,461.2175
31.2700,492.5325
31.2800,492.5700
31.2900,454.0550
31.3000,414.3800
31.3100,434.5000
31.3200,489.6800
31.3300,469.7400
31.3400,444.7450
31.3500,467.3650
31.3600,494.5475
31.3700,490.7475
31.3800,476.6675
31.3900,489.2125
31.4000,495.5050
31.4100,461.6625
31.4200,466.0975
31.4300,511.1200
31.4400,504.4525
31.4500,452.5175
31.4600,453.6225
31.4700,475.2500
31.4800,452.8450
31.4900,443.0425
31.5000,409.4825
31.5100,424.0600
31.5200,453.8650
31.5300,435.9500
31.5400,430.9750
31.5500,438.4750
31.5600,464.0850
31.5700,492.1050
31.5800,469.9700
31.5900,457.5775
31.6000,469.6925
31.6100,465.7825
31.6200,453.6525
31.6300,430.4400
31.6400,412.6750
31.6500,409.5050
31.6600,383.1950
31.6700,372.6425
31.6800,396.4075
31.6900,434.5325
31.7000,465.5850
31.7100,478.1500
31.7200,480.0000
31.7300,472.6075
31.7400,454.4800
31.7500,446.2800
31.7600,464.7050
31.7700,480.3975
31.7800,491.3175
31.7900,501.2250
31.8000,503.1400
31.8100,520.0000
31.8200,490.9075
31.8300,440.2650
31.8400,442.1750
31.8500,460.8800
31.8600,446.1125
31.8700,442.4325
31.8800,437.0500
31.8900,440.1075
31.9000,466.6675
31.9100,450.9250
31.9200,432.8575
31.9300,435.2400
31.9400,433.3325
31.9500,433.3325
31.9600,433.3325
31.9700,427.6725
31.9800,431.3000
31.9900,429.7475
32.0000,412.2950
32.0100,432.6425
32.0200,438.7825
32.0300,402.3425
32.0400,387.3025
32.0500,430.3675
32.0600,461.9425
32.0700,444.7225
32.0800,417.7875
32.0900,401.6975
32.1000,387.2375
32.1100,379.1975
32.1200,398.0975
32.1300,442.9450
32.1400,449.8125
32.1500,429.0550
32.1600,416.0650
32.1700,410.4600
32.1800,392.5875
32.1900,388.0250
32.2000,394.0650
32.2100,405.4100
32.2200,425.4800
32.2300,440.6400
32.2400,407.0900
32.2500,374.0675
32.2600,408.7475
32.2700,423.3000
32.2800,419.3400
32.2900,418.0375
32.3000,366.7125
32.3100,357.2750
32.3200,383.9200
32.3300,406.6050
32.3400,408.7575
32.3500,386.1425
32.3600,377.8775
32.3700,396.5525
32.3800,421.0525
32.3900,438.1125
32.4000,427.3950
32.4100,425.9325
32.4200,439.0825
32.4300,464.9850
32.4400,471.7050
32.4500,470.0975
32.4600,501.8150
32.4700,502.2950
32.4800,497.6900
32.4900,531.7450
32.5000,584.5375
32.5100,622.2500
32.5200,635.3950
32.5300,653.6325
32.5400,690.4650
32.5500,687.8225
32.5600,667.0300
32.5700,654.1500
32.5800,680.1350
32.5900,753.8075
32.6000,785.8300
32.6100,732.1550
32.6200,662.0875
32.6300,661.2425
32.6400,650.9325
32.6500,634.9500
32.6600,650.7425
32.6700,633.7600
32.6800,563.6600
32.6900,530.0000
32.7000,514.0825
32.7100,484.2225
32.7200,487.3150
32.7300,495.1325
32.7400,469.6700
32.7500,444.8450
32.7600,470.2550
32.7700,489.1450
32.7800,447.1325
32.7900,421.0775
32.8000,435.8800
32.8100,432.2125
32.8200,449.2625
32.8300,419.2850
32.8400,397.6250
32.8500,401.6300
32.8600,424.9475
32.8700,443.5400
32.8800,434.6900
32.8900,421.9425
32.9000,416.0000
32.9100,367.3725
32.9200,391.0000
32.9300,409.9600
32.9400,447.5225
32.9500,436.6675
32.9600,429.7250
32.9700,424.7475
32.9800,452.6675
32.9900,473.2200
33.0000,457.4950
33.0100,444.5750
33.0200,453.3325
33.0300,452.1950
33.0400,463.6350
33.0500,491.1325
33.0600,475.2375
33.0700,441.1275
33.0800,429.8225
33.0900,411.1950
33.1000,434.5100
33.1100,448.8825
33.1200,452.2450
33.1300,464.4450
33.1400,468.8875
33.1500,465.5800
33.1600,465.4725
33.1700,487.8450
33.1800,465.6000
33.1900,477.5175
33.2000,530.9475
33.2100,531.4875
33.2200,487.7575
33.2300,496.5225
33.2400,520.8450
33.2500,548.7425
33.2600,554.6025
33.2700,540.1025
33.2800,530.1100
33.2900,516.9025
33.3000,486.2275
33.3100,455.3325
33.3200,464.5400
33.3300,469.5525
33.3400,503.7625
33.3500,521.7150
33.3600,492.4525
33.3700,488.5875
33.3800,480.0800
33.3900,430.3925
33.4000,427.1000
33.4100,455.2025
33.4200,469.7800
33.4300,497.3775
33.4400,521.6400
33.4500,472.3025
33.4600,485.4175
33.4700,527.1775
33.4800,553.5600
33.4900,569.5250
33.5000,563.5100
33.5100,597.8325
33.5200,627.3825
33.5300,641.7150
33.5400,673.4800
33.5500,753.1575
33.5600,852.0475
33.5700,918.3275
33.5800,954.3300
33.5900,971.5850
33.6000,1014.6025
33.6100,1030.3650
33.6200,1039.1225
33.6300,1090.4475
33.6400,1134.1325
33.6500,1154.1250
33.6600,1150.7425
33.6700,1181.5375
33.6800,1173.9050
33.6900,1097.6000
33.7000,1009.2725
33.7100,994.6175
33.7200,1085.4425
33.7300,1136.1650
33.7400,1177.3425
33.7500,1334.8025
33.7600,1459.9325
33.7700,1655.3900
33.7800,1931.8450
33.7900,2296.9750
33.8000,2808.4350
33.8100,3139.3550
33.8200,3539.1275
33.8300,3963.3150
33.8400,4226.5975
33.8500,4360.9100
33.8600,4573.6950
33.8700,4625.7425
33.8800,4613.2100
33.8900,4568.3100
33.9000,4498.0325
33.9100,4448.2150
33.9200,4438.1425
33.9300,4317.0275
33.9400,4145.7800
33.9500,3850.9950
33.9600,3552.8325
33.9700,3317.6875
33.9800,2846.0075
33.9900,2447.1650
34.0000,2260.5925
34.0100,2032.7325
34.0200,1900.8025
34.0300,1800.5900
34.0400,1700.0425
34.0500,1543.6850
34.0600,1463.0025
34.0700,1418.0425
34.0800,1337.9725
34.0900,1305.5300
34.1000,1285.9275
34.1100,1285.5750
34.1200,1253.0200
34.1300,1217.3350
34.1400,1197.4375
34.1500,1207.0350
34.1600,1238.8325
34.1700,1179.0475
34.1800,1161.7325
34.1900,1153.1025
34.2000,1078.3000
34.2100,1034.0550
34.2200,923.3150
34.2300,848.3450
34.2400,820.0700
34.2500,776.6950
34.2600,782.3200
34.2700,802.0725
34.2800,710.9350
34.2900,696.5975
34.3000,705.0400
34.3100,694.3200
34.3200,671.0050
34.3300,660.5900
34.3400,696.9950
34.3500,761.6300
34.3600,814.0275
34.3700,777.6625
34.3800,846.3475
34.3900,929.4925
34.4000,965.5200
34.4100,1000.6250
34.4200,1087.2225
34.4300,1214.0000
34.4400,1339.1425
34.4500,1476.8400
34.4600,1561.1225
34.4700,1622.3125
34.4800,1635.3775
34.4900,1679.3725
34.5000,1788.0400
34.5100,1854.6750
34.5200,1840.4575
34.5300,1841.2400
34.5400,1824.8575
34.5500,1908.4975
34.5600,1886.8725
34.5700,1825.5250
34.5800,1770.6100
34.5900,1633.3325
34.6000,1617.8300
34.6100,1543.4700
34.6200,1461.6025
34.6300,1390.7725
34.6400,1274.2875
34.6500,1224.9200
34.6600,1202.3275
34.6700,1172.2550
34.6800,1090.5575
34.6900,981.9025
34.7000,951.7075
34.7100,855.7375
34.7200,838.5850
34.7300,817.1050
34.7400,753.1500
34.7500,752.6100
34.7600,786.0375
34.7700,702.7275
34.7800,576.2700
34.7900,548.4075
34.8000,585.0750
34.8100,549.2200
34.8200,522.4050
34.8300,483.4025
34.8400,504.1250
34.8500,526.5775
34.8600,499.3275
34.8700,491.3025
34.8800,469.3325
34.8900,467.3325
34.9000,464.0325
34.9100,442.6425
34.9200,453.3325
34.9300,454.6450
34.9400,457.3875
34.9500,448.6175
34.9600,450.8325
34.9700,422.7925
34.9800,407.9525
34.9900,403.7225
35.0000,369.0775
35.0100,398.4200
35.0200,418.1000
35.0300,411.2625
35.0400,413.5250
35.0500,399.3750
35.0600,401.6525
35.0700,417.1250
35.0800,392.4725
35.0900,407.6450
35.1000,430.3475
35.1100,436.8925
35.1200,397.5925
35.1300,409.3950
35.1400,379.0800
35.1500,391.2025
35.1600,405.0450
35.1700,432.6050
35.1800,378.5850
35.1900,362.5775
35.2000,388.8225
35.2100,383.9200
35.2200,384.9150
35.2300,374.9225
35.2400,373.0325
35.2500,404.4850
35.2600,402.5425
35.2700,366.6675
35.2800,368.9425
35.2900,378.8675
35.3000,377.2800
35.3100,394.9825
35.3200,394.4925
35.3300,427.7700
35.3400,402.2150
35.3500,418.2975
35.3600,438.3925
35.3700,411.6925
35.3800,402.2450
35.3900,400.4575
35.4000,421.6175
35.4100,431.0725
35.4200,430.7900
35.4300,403.7225
35.4400,421.2150
35.4500,411.0525
35.4600,421.3875
35.4700,441.9700
35.4800,417.7050
35.4900,425.4025
35.5000,433.0650
35.5100,410.2600
35.5200,395.3725
35.5300,409.7100
35.5400,415.0575
35.5500,359.0425
35.5600,410.0000
35.5700,411.9900
35.5800,427.7875
35.5900,454.8100
35.6000,466.2725
35.6100,480.4075
35.6200,463.3325
35.6300,467.6775
35.6400,497.6550
35.6500,515.6875
35.6600,470.0000
35.6700,473.7825
35.6800,495.7250
35.6900,489.5325
35.7000,497.8400
35.7100,559.7200
35.7200,524.0375
35.7300,578.7075
35.7400,627.8650
35.7500,587.4400
35.7600,562.1750
35.7700,648.0725
35.7800,703.5675
35.7900,738.6425
35.8000,829.4600
35.8100,915.0875
35.8200,924.9225
35.8300,931.1200
35.8400,1049.5675
35.8500,1046.6675
35.8600,1053.4925
35.8700,1100.4250
35.8800,1103.3325
35.8900,1106.2675
35.9000,1127.9175
35.9100,1129.6225
35.9200,1090.3000
35.9300,1166.6100
35.9400,1181.4500
35.9500,1110.2875
35.9600,1027.9325
35.9700,929.2050
35.9800,841.6550
35.9900,780.0000
36.0000,773.7200
36.0100,728.6175
36.0200,743.7200
36.0300,738.5750
36.0400,683.1750
36.0500,733.3325
36.0600,723.8825
36.0700,643.9900
36.0800,600.0250
36.0900,627.4075
36.1000,626.7025
36.1100,575.1625
36.1200,595.0900
36.1300,635.5825
36.1400,628.4600
36.1500,643.6900
36.1600,644.5425
36.1700,624.2075
36.1800,605.0775
36.1900,614.8000
36.2000,568.9675
36.2100,560.6825
36.2200,558.5225
36.2300,487.6775
36.2400,497.6700
36.2500,504.3425
36.2600,483.6625
36.2700,488.9575
36.2800,510.6500
36.2900,509.8925
36.3000,447.9475
36.3100,459.6825
36.3200,451.9375
36.3300,407.6050
36.3400,420.3925
36.3500,453.2775
36.3600,421.8350
36.3700,437.8775
36.3800,418.4725
36.3900,436.6675
36.4000,433.7050
36.4100,403.6275
36.4200,407.8325
36.4300,422.0225
36.4400,439.8950
36.4500,400.4925
36.4600,370.8450
36.4700,382.2350
36.4800,408.8825
36.4900,438.0025
36.5000,487.8225
36.5100,464.6825
36.5200,484.0125
36.5300,528.1450
36.5400,513.7575
36.5500,594.3250
36.5600,565.6350
36.5700,551.8000
36.5800,538.6500
36.5900,600.8250
36.6000,567.7650
36.6100,545.1650
36.6200,612.6800
36.6300,642.8075
36.6400,595.9600
36.6500,632.8375
36.6600,667.4250
36.6700,631.7125
36.6800,610.9175
36.6900,616.9775
36.7000,528.4275
36.7100,507.5550
36.7200,520.6600
36.7300,532.8275
36.7400,567.0950
36.7500,478.3675
36.7600,502.9125
36.7700,495.4200
36.7800,475.4325
36.7900,456.6675
36.8000,457.2700
36.8100,464.6825
36.8200,435.6875
36.8300,471.3950
36.8400,440.3825
36.8500,442.6975
36.8600,374.2400
36.8700,335.9150
36.8800,381.6375
36.8900,408.2050
36.9000,378.6175
36.9100,415.6075
36.9200,452.6975
36.9300,382.5525
36.9400,430.3350
36.9500,433.5225
36.9600,375.1275
36.9700,412.8925
36.9800,466.9900
36.9900,406.3550
37.0000,401.2300
37.0100,426.6675
37.0200,424.5800
37.0300,380.5875
37.0400,394.4875
37.0500,419.5750
37.0600,409.1625
37.0700,390.2750
37.0800,398.6900
37.0900,444.8100
37.1000,400.2600
37.1100,408.2025
37.1200,444.4075
37.1300,387.1600
37.1400,399.3950
37.1500,384.5175
37.1600,417.3650
37.1700,437.9200
37.1800,472.1075
37.1900,435.4650
37.2000,400.3200
37.2100,411.0450
37.2200,442.6175
37.2300,419.6000
37.2400,406.5700
37.2500,403.4275
37.2600,406.9450
37.2700,417.2100
37.2800,436.8425
37.2900,443.5050
37.3000,449.7500
37.3100,441.1375
37.3200,486.8250
37.3300,493.1025
37.3400,482.6650
37.3500,453.8375
37.3600,477.2925
37.3700,505.4550
37.3800,447.5750
37.3900,494.4600
37.4000,553.8150
37.4100,579.8850
37.4200,573.7775
37.4300,600.7475
37.4400,645.9025
37.4500,598.1275
37.4600,697.1300
37.4700,730.0000
37.4800,730.2100
37.4900,748.2050
37.5000,878.0775
37.5100,1004.3425
37.5200,1100.9425
37.5300,1197.9350
37.5400,1337.5025
37.5500,1438.3050
37.5600,1651.7000
37.5700,1894.9275
37.5800,2147.5450
37.5900,2304.0050
37.6000,2439.7175
37.6100,2373.0625
37.6200,2296.4875
37.6300,2233.2700
37.6400,2203.4200
37.6500,2263.3675
37.6600,2306.6725
37.6700,2373.2925
37.6800,2363.3475
37.6900,2316.7600
37.7000,2273.4500
37.7100,2083.9725
37.7200,1791.1900
37.7300,1604.2175
37.7400,1487.3000
37.7500,1456.8500
37.7600,1373.9000
37.7700,1386.5675
37.7800,1337.0750
37.7900,1240.8575
37.8000,1220.1900
37.8100,1229.8975
37.8200,1173.9525
37.8300,1239.2275
37.8400,1319.0175
37.8500,1375.9325
37.8600,1593.6625
37.8700,1895.6500
37.8800,1968.9475
37.8900,2012.6525
37.9000,2033.0050
37.9100,2223.3650
37.9200,2157.9100
37.9300,2022.5200
37.9400,1964.4175
37.9500,2018.8775
37.9600,2121.2150
37.9700,2178.8000
37.9800,2183.2600
37.9900,2202.8825
38.0000,2131.7025
38.0100,2003.1075
38.0200,1986.9950
38.0300,1765.7250
38.0400,1535.9650
38.0500,1400.2150
38.0600,1429.0900
38.0700,1368.4375
38.0800,1191.8250
38.0900,1115.4850
38.1000,1068.0675
38.1100,1002.0450
38.1200,974.1700
38.1300,915.2550
38.1400,858.5200
38.1500,805.1150
38.1600,722.8400
38.1700,674.9550
38.1800,727.9925
38.1900,794.2600
38.2000,761.3475
38.2100,727.9150
38.2200,723.4600
38.2300,816.2500
38.2400,832.8075
38.2500,871.7275
38.2600,1020.4075
38.2700,1013.8875
38.2800,1220.8625
38.2900,1312.9525
38.3000,1402.7500
38.3100,1495.8750
38.3200,1535.0225
38.3300,1651.2025
38.3400,1850.6050
38.3500,1983.9050
38.3600,2078.8950
38.3700,2102.3700
38.3800,2182.5925
38.3900,2335.5675
38.4000,2286.3475
38.4100,2394.0625
38.4200,2339.9325
38.4300,2374.5775
38.4400,2231.4475
38.4500,2100.3000
38.4600,1923.0975
38.4700,1762.1200
38.4800,1699.8175
38.4900,1655.7700
38.5000,1574.7425
38.5100,1526.0200
38.5200,1400.9075
38.5300,1377.6475
38.5400,1301.4325
38.5500,1202.6925
38.5600,1030.7625
38.5700,957.4400
38.5800,843.9300
38.5900,830.4200
38.6000,848.7275
38.6100,715.8750
38.6200,700.4325
38.6300,693.7700
38.6400,643.5325
38.6500,621.3375
38.6600,651.0800
38.6700,594.3200
38.6800,586.8975
38.6900,543.2450
38.7000,552.3975
38.7100,612.1775
38.7200,607.3825
38.7300,585.0175
38.7400,546.2475
38.7500,561.8625
38.7600,591.1075
38.7700,602.5850
38.7800,587.9250
38.7900,543.5550
38.8000,546.1550
38.8100,608.1675
38.8200,622.5525
38.8300,733.8775
38.8400,826.1825
38.8500,879.3275
38.8600,1005.8975
38.8700,1129.9575
38.8800,1274.6275
38.8900,1543.5000
38.9000,1771.3750
38.9100,2055.6250
38.9200,2226.4475
38.9300,2331.4625
38.9400,2455.7700
38.9500,2451.4450
38.9600,2547.3525
38.9700,2574.9075
38.9800,2604.0075
38.9900,2688.6300
39.0000,2757.3375
39.0100,2769.3950
39.0200,2739.7075
39.0300,2651.9100
39.0400,2622.1600
39.0500,2347.9625
39.0600,2232.4075
39.0700,1960.7425
39.0800,1755.3825
39.0900,1537.7450
39.1000,1501.6075
39.1100,1445.8275
39.1200,1310.6800
39.1300,1341.7450
39.1400,1208.5225
39.1500,1082.2975
39.1600,992.0325
39.1700,920.4050
39.1800,910.3400
39.1900,915.9850
39.2000,862.8450
39.2100,871.6075
39.2200,998.7375
39.2300,1117.7625
39.2400,1147.8900
39.2500,1290.0300
39.2600,1393.0050
39.2700,1552.0875
39.2800,1605.6750
39.2900,1693.1825
39.3000,1771.6125
39.3100,1818.5650
39.3200,1758.1175
39.3300,1687.7950
39.3400,1730.3200
39.3500,1825.4025
39.3600,1750.9500
39.3700,1675.0200
39.3800,1572.2200
39.3900,1571.7975
39.4000,1511.4425
39.4100,1361.9725
39.4200,1263.8750
39.4300,1182.7550
39.4400,1173.3325
39.4500,1096.9850
39.4600,1077.8625
39.4700,979.9025
39.4800,949.0850
39.4900,987.6575
39.5000,972.8525
39.5100,926.1450
39.5200,943.3725
39.5300,1048.8475
39.5400,1130.4325
39.5500,1172.0675
39.5600,1316.4950
39.5700,1418.1725
39.5800,1508.5375
39.5900,1540.3475
39.6000,1592.7125
39.6100,1623.2200
39.6200,1670.1725
39.6300,1644.7850
39.6400,1616.8300
39.6500,1711.7300
39.6600,1804.7475
39.6700,1709.7450
39.6800,1710.6600
39.6900,1730.6475
39.7000,1664.1300
39.7100,1509.2675
39.7200,1328.3100
39.7300,1179.6175
39.7400,1188.7500
39.7500,1110.0200
39.7600,1053.6050
39.7700,986.4250
39.7800,985.2675
39.7900,937.9700
39.8000,838.4025
39.8100,748.9650
39.8200,725.2350
39.8300,631.9375
39.8400,608.1050
39.8500,620.9275
39.8600,560.6375
39.8700,493.0450
39.8800,477.6425
39.8900,473.8225
39.9000,456.2850
39.9100,413.5825
39.9200,457.7375
39.9300,489.3475
39.9400,448.0025
39.9500,471.1425
39.9600,504.9575
39.9700,470.4225
39.9800,449.2100
39.9900,457.9575
40.0000,482.5650
40.0100,495.1225
40.0200,482.5850
40.0300,460.3000
40.0400,431.3550
40.0500,406.9950
40.0600,389.2925
40.0700,392.2800
40.0800,401.7450
40.0900,389.3225
40.1000,395.0675
40.1100,410.6550
40.1200,432.9050
40.1300,445.0475
40.1400,396.4175
40.1500,414.5625
40.1600,422.7875
40.1700,437.2600
40.1800,409.3825
40.1900,425.5850
40.2000,424.4425
40.2100,406.6700
40.2200,425.5350
40.2300,407.8150
40.2400,389.4775
40.2500,408.8200
40.2600,460.3725
40.2700,464.4700
40.2800,452.2825
40.2900,422.3925
40.3000,416.6675
40.3100,424.9375
40.3200,454.2125
40.3300,465.5050
40.3400,527.1800
40.3500,529.0050
40.3600,523.9200
40.3700,531.5675
40.3800,610.1225
40.3900,623.9275
40.4000,546.6600
40.4100,538.2100
40.4200,613.8250
40.4300,627.2675
40.4400,621.2050
40.4500,609.0875
40.4600,603.9400
40.4700,584.2650
40.4800,599.0550
40.4900,595.1725
40.5000,560.7175
40.5100,629.3825
40.5200,665.6650
40.5300,661.8650
40.5400,632.9000
40.5500,605.0025
40.5600,637.8825
40.5700,611.5150
40.5800,654.6700
40.5900,666.6675
40.6000,612.7100
40.6100,640.4375
40.6200,693.1025
40.6300,700.6425
40.6400,756.4875
40.6500,885.5750
40.6600,985.8500
40.6700,1075.7950
40.6800,1205.9700
40.6900,1402.1600
40.7000,1617.3900
40.7100,1892.7925
40.7200,2145.1875
40.7300,2385.7025
40.7400,2577.5025
40.7500,2672.0250
40.7600,2827.9550
40.7700,2916.6100
40.7800,3049.7825
40.7900,3114.5775
40.8000,3059.5450
40.8100,3003.4950
40.8200,2998.6400
40.8300,2976.1325
40.8400,2972.6500
40.8500,2838.2925
40.8600,2628.7050
40.8700,2406.1925
40.8800,2307.1625
40.8900,2179.8150
40.9000,1954.7900
40.9100,1845.3425
40.9200,1803.6600
40.9300,1636.1125
40.9400,1443.4200
40.9500,1292.9550
40.9600,1284.3425
40.9700,1129.9275
40.9800,1005.3800
40.9900,902.1075
41.0000,770.0350
41.0100,679.8275
41.0200,663.3325
41.0300,631.9850
41.0400,623.3325
41.0500,555.5150
41.0600,544.4850
41.0700,502.3900
41.0800,497.8075
41.0900,494.8000
41.1000,503.7275
41.1100,514.4575
41.1200,488.1250
41.1300,500.7425
41.1400,545.5275
41.1500,499.7125
41.1600,452.2900
41.1700,466.5975
41.1800,457.8350
41.1900,492.0475
41.2000,454.3300
41.2100,437.4225
41.2200,467.5700
41.2300,438.0675
41.2400,444.6650
41.2500,467.9850
41.2600,470.7650
41.2700,459.7375
41.2800,438.7225
41.2900,394.9100
41.3000,398.6925
41.3100,441.7000
41.3200,471.2250
41.3300,453.6825
41.3400,454.3225
41.3500,449.0175
41.3600,418.6375
41.3700,392.1775
41.3800,442.6400
41.3900,485.4225
41.4000,544.1400
41.4100,570.1550
41.4200,494.7000
41.4300,515.6225
41.4400,532.5325
41.4500,553.5800
41.4600,549.8850
41.4700,549.1925
41.4800,567.6750
41.4900,555.6725
41.5000,575.2125
41.5100,626.1625
41.5200,632.4475
41.5300,599.8150
41.5400,602.5675
41.5500,636.8075
41.5600,591.4525
41.5700,530.7000
41.5800,574.3025
41.5900,655.9350
41.6000,641.6375
41.6100,569.9950
41.6200,554.9975
41.6300,564.1550
41.6400,524.2600
41.6500,500.0300
41.6600,529.0475
41.6700,520.0900
41.6800,495.9250
41.6900,514.8500
41.7000,518.3675
41.7100,444.7075
41.7200,452.2325
41.7300,507.9300
41.7400,498.5775
41.7500,442.9975
41.7600,443.9700
41.7700,472.2300
41.7800,445.4450
41.7900,438.2650
41.8000,464.6450
41.8100,485.6450
41.8200,497.3825
41.8300,502.4600
41.8400,498.4200
41.8500,472.1150
41.8600,500.1300
41.8700,532.9450
41.8800,593.8875
41.8900,713.6850
41.9000,735.3250
41.9100,783.7650
41.9200,879.0350
41.9300,877.3850
41.9400,908.1175
41.9500,991.5525
41.9600,1050.7500
41.9700,1024.4100
41.9800,1007.5700
41.9900,1050.3875
42.0000,1078.8025
42.0100,1093.0350
42.0200,1091.8200
42.0300,1063.3625
42.0400,1063.0125
42.0500,1112.6075
42.0600,1047.8525
42.0700,965.9675
42.0800,888.7700
42.0900,859.4350
42.1000,832.5800
42.1100,784.8225
42.1200,757.9750
42.1300,726.8975
42.1400,711.8650
42.1500,674.0075
42.1600,664.7950
42.1700,669.0625
42.1800,641.2725
42.1900,574.9800
42.2000,574.8475
42.2100,569.0025
42.2200,510.8250
42.2300,511.4650
42.2400,543.8300
42.2500,543.8075
42.2600,542.3800
42.2700,552.8450
42.2800,578.0500
42.2900,634.1475
42.3000,691.2875
42.3100,789.6300
42.3200,804.3850
42.3300,791.9325
42.3400,787.6350
42.3500,826.8400
42.3600,944.8700
42.3700,986.6675
42.3800,915.9350
42.3900,929.0725
42.4000,977.2700
42.4100,985.2950
42.4200,995.0850
42.4300,1004.6975
42.4400,945.6475
42.4500,988.0075
42.4600,979.1725
42.4700,916.5025
42.4800,945.8000
42.4900,999.3975
42.5000,1039.0300
42.5100,1033.6600
42.5200,1066.3200
42.5300,1076.3400
42.5400,1033.7400
42.5500,1084.1575
42.5600,1150.5400
42.5700,1168.9900
42.5800,1190.8975
42.5900,1162.8775
42.6000,1125.8025
42.6100,1116.6675
42.6200,1123.6100
42.6300,1112.7875
42.6400,1074.3100
42.6500,1025.3575
42.6600,1033.0775
42.6700,1050.2500
42.6800,995.7300
42.6900,960.7900
42.7000,883.0450
42.7100,790.2300
42.7200,761.0350
42.7300,778.3625
42.7400,722.4450
42.7500,688.7500
42.7600,700.4075
42.7700,681.4950
42.7800,635.7000
42.7900,594.8675
42.8000,555.9375
42.8100,513.6750
42.8200,474.9250
42.8300,451.9450
42.8400,451.2200
42.8500,462.4300
42.8600,446.2125
42.8700,445.7500
42.8800,438.6550
42.8900,451.4725
42.9000,410.1550
42.9100,395.7225
42.9200,452.0300
42.9300,476.6675
42.9400,503.7700
42.9500,521.1800
42.9600,494.0150
42.9700,466.4800
42.9800,484.7700
42.9900,528.1675
43.0000,529.8425
43.0100,521.0875
43.0200,508.7750
43.0300,514.5500
43.0400,560.3475
43.0500,566.5625
43.0600,539.8575
43.0700,498.6925
43.0800,496.7400
43.0900,530.1275
43.1000,552.2575
43.1100,536.6025
43.1200,513.3000
43.1300,479.9550
43.1400,453.3200
43.1500,446.6675
43.1600,408.9100
43.1700,421.0700
43.1800,456.6250
43.1900,453.3725
43.2000,433.3825
43.2100,424.4550
43.2200,434.3875
43.2300,435.5825
43.2400,459.8225
43.2500,495.3900
43.2600,535.3175
43.2700,534.5850
43.2800,564.0775
43.2900,576.7375
43.3000,628.2650
43.3100,683.0125
43.3200,687.8900
43.3300,683.3325
43.3400,689.9050
43.3500,715.2225
43.3600,715.7300
43.3700,703.4425
43.3800,710.9200
43.3900,736.3050
43.4000,696.5150
43.4100,691.7875
43.4200,696.8025
43.4300,695.5100
43.4400,705.3625
43.4500,686.1075
43.4600,649.4575
43.4700,643.1725
43.4800,631.4975
43.4900,603.8450
43.5000,582.5150
43.5100,598.2875
43.5200,644.5675
43.5300,689.2400
43.5400,692.5475
43.5500,697.4450
43.5600,716.2575
43.5700,686.7450
43.5800,683.8725
43.5900,671.8425
43.6000,696.5050
43.6100,673.7525
43.6200,654.2875
43.6300,671.6625
43.6400,682.1400
43.6500,721.8375
43.6600,741.1950
43.6700,744.2725
43.6800,718.9225
43.6900,673.4775
43.7000,641.7500
43.7100,654.6275
43.7200,670.9225
43.7300,673.3325
43.7400,660.5875
43.7500,653.3325
43.7600,668.1825
43.7700,687.2650
43.7800,629.7950
43.7900,589.1000
43.8000,584.5525
43.8100,615.0300
43.8200,612.2175
43.8300,568.3525
43.8400,537.3500
43.8500,544.7475
43.8600,576.4900
43.8700,575.2750
43.8800,554.0550
43.8900,565.5700
43.9000,591.3575
43.9100,612.5825
43.9200,630.4775
43.9300,647.1350
43.9400,693.0875
43.9500,704.1225
43.9600,675.7750
43.9700,713.4325
43.9800,845.5425
43.9900,892.0775
44.0000,920.8225
44.0100,959.9825
44.0200,1021.9875
44.0300,1067.8800
44.0400,1091.2025
44.0500,1087.5525
44.0600,1063.4150
44.0700,1065.7625
44.0800,1112.6650
44.0900,1099.4350
44.1000,1080.8000
44.1100,1070.9425
44.1200,1034.4400
44.1300,987.7950
44.1400,947.3325
44.1500,910.6825
44.1600,888.4375
44.1700,868.9425
44.1800,864.1075
44.1900,819.4525
44.2000,841.2800
44.2100,846.6875
44.2200,780.8450
44.2300,741.8125
44.2400,785.7475
44.2500,798.2750
44.2600,788.7075
44.2700,798.1625
44.2800,776.8275
44.2900,723.3300
44.3000,702.0350
44.3100,715.5375
44.3200,739.5950
44.3300,758.1250
44.3400,745.0675
44.3500,751.5850
44.3600,743.0675
44.3700,711.7750
44.3800,760.7025
44.3900,755.5175
44.4000,724.6475
44.4100,715.2575
44.4200,746.3100
44.4300,802.2525
44.4400,783.0475
44.4500,744.5900
44.4600,740.6900
44.4700,741.3225
44.4800,711.8850
44.4900,711.3925
44.5000,723.3325
44.5100,715.3200
44.5200,697.9875
44.5300,694.0000
44.5400,684.6725
44.5500,672.6725
44.5600,620.1000
44.5700,560.7375
44.5800,557.2850
44.5900,562.6825
44.6000,571.9400
44.6100,552.1600
44.6200,535.3200
44.6300,532.6950
44.6400,514.1275
44.6500,493.4200
44.6600,482.7050
44.6700,462.1850
44.6800,459.8900
44.6900,454.8075
44.7000,446.6675
44.7100,448.6400
44.7200,436.1950
44.7300,404.9900
44.7400,403.7850
44.7500,440.8800
44.7600,450.1700
44.7700,453.1575
44.7800,426.6250
44.7900,438.6450
44.8000,463.3325
44.8100,484.8800
44.8200,509.7875
44.8300,534.2700
44.8400,536.8950
44.8500,555.3875
44.8600,600.6550
44.8700,635.6000
44.8800,623.2850
44.8900,616.4025
44.9000,601.9325
44.9100,608.0525
44.9200,638.8750
44.9300,640.2925
44.9400,627.5150
44.9500,602.0100
44.9600,590.5400
44.9700,593.3325
44.9800,579.7950
44.9900,546.8100
45.0000,535.7925
45.0100,536.1400
45.0200,492.8400
45.0300,438.2850
45.0400,460.4325
45.0500,486.1525
45.0600,502.5575
45.0700,485.9300
45.0800,459.4950
45.0900,468.1750
45.1000,455.5825
45.1100,417.0150
45.1200,384.6875
45.1300,380.9825
45.1400,411.5100
45.1500,410.9025
45.1600,385.2175
45.1700,369.0400
45.1800,384.2925
45.1900,422.8475
45.2000,417.1700
45.2100,417.1100
45.2200,401.5025
45.2300,393.2875
45.2400,412.8175
45.2500,416.2100
45.2600,430.3800
45.2700,445.2250
45.2800,420.1875
45.2900,409.4500
45.3000,467.6575
45.3100,491.5700
45.3200,446.0575
45.3300,429.4225
45.3400,455.4975
45.3500,498.2250
45.3600,523.7600
45.3700,528.5450
45.3800,539.3875
45.3900,561.6750
45.4000,601.4525
45.4100,627.0800
45.4200,586.9475
45.4300,583.2625
45.4400,582.3675
45.4500,610.0275
45.4600,635.4675
45.4700,594.9625
45.4800,573.7275
45.4900,572.9425
45.5000,562.5575
45.5100,573.4025
45.5200,590.3825
45.5300,580.3350
45.5400,571.8550
45.5500,569.6250
45.5600,577.7825
45.5700,586.6675
45.5800,597.7675
45.5900,597.4225
45.6000,614.0150
45.6100,692.4050
45.6200,771.3575
45.6300,826.1600
45.6400,864.7350
45.6500,926.3625
45.6600,1014.4875
45.6700,1181.9875
45.6800,1334.4175
45.6900,1468.7650
45.7000,1561.3375
45.7100,1650.3000
45.7200,1792.0775
45.7300,1840.1975
45.7400,1897.9800
45.7500,1971.2850
45.7600,1965.0750
45.7700,1951.8250
45.7800,2009.8550
45.7900,2082.1750
45.8000,1986.8125
45.8100,1891.8200
45.8200,1938.7825
45.8300,1905.8175
45.8400,1799.4675
45.8500,1723.7200
45.8600,1608.1350
45.8700,1545.7250
45.8800,1546.0925
45.8900,1478.5000
45.9000,1345.3300
45.9100,1264.0225
45.9200,1188.3575
45.9300,1115.2975
45.9400,1063.9550
45.9500,1006.3175
45.9600,965.3350
45.9700,950.0000
45.9800,885.3025
45.9900,772.5325
46.0000,700.0050
46.0100,653.1000
46.0200,628.2075
46.0300,608.7600
46.0400,573.6500
46.0500,517.3275
46.0600,488.6950
46.0700,479.0500
46.0800,502.3525
46.0900,540.4650
46.1000,537.7575
46.1100,501.5125
46.1200,453.5375
46.1300,442.2225
46.1400,437.5625
46.1500,447.9725
46.1600,447.1500
46.1700,422.9075
46.1800,404.2650
46.1900,395.1025
46.2000,391.3600
46.2100,399.0425
46.2200,413.5325
46.2300,418.4325
46.2400,409.4150
46.2500,408.8150
46.2600,425.4750
46.2700,429.8125
46.2800,398.5200
46.2900,375.0900
46.3000,397.7450
46.3100,400.8675
46.3200,409.4700
46.3300,435.2575
46.3400,404.9675
46.3500,373.3325
46.3600,383.8275
46.3700,412.5600
46.3800,440.4800
46.3900,465.7100
46.4000,490.4650
46.4100,540.0900
46.4200,585.3750
46.4300,612.4800
46.4400,645.6550
46.4500,672.1675
46.4600,681.5975
46.4700,676.5275
46.4800,690.6800
46.4900,725.7325
46.5000,764.1200
46.5100,769.4850
46.5200,727.2600
46.5300,693.0850
46.5400,741.9400
46.5500,836.4875
46.5600,857.6925
46.5700,793.4600
46.5800,732.7750
46.5900,708.0600
46.6000,694.8400
46.6100,677.9675
46.6200,644.3350
46.6300,601.0175
46.6400,585.1450
46.6500,605.4275
46.6600,577.1750
46.6700,555.4975
46.6800,569.9125
46.6900,571.7950
46.7000,559.5825
46.7100,524.5550
46.7200,481.0775
46.7300,463.4850
46.7400,447.8525
46.7500,438.5850
46.7600,461.9100
46.7700,476.7325
46.7800,456.2150
46.7900,423.1475
46.8000,445.5700
46.8100,478.3625
46.8200,446.1125
46.8300,423.4925
46.8400,438.4100
46.8500,421.3525
46.8600,410.1375
46.8700,392.9825
46.8800,385.2275
46.8900,410.0775
46.9000,413.2975
46.9100,398.2125
46.9200,388.3500
46.9300,381.5925
46.9400,371.6525
46.9500,405.2700
46.9600,441.6775
46.9700,423.2075
46.9800,408.3625
46.9900,436.7825
47.0000,468.3700
47.0100,441.5400
47.0200,443.4425
47.0300,476.6600
47.0400,454.9700
47.0500,463.3575
47.0600,488.3325
47.0700,473.3375
47.0800,461.6650
47.0900,463.3325
47.1000,481.6225
47.1100,493.3550
47.1200,481.6850
47.1300,470.0300
47.1400,458.3575
47.1500,481.5050
47.1600,503.3750
47.1700,518.1800
47.1800,525.1150
47.1900,505.0425
47.2000,508.2575
47.2100,543.0750
47.2200,558.4525
47.2300,543.3700
47.2400,528.4700
47.2500,533.1300
47.2600,536.8400
47.2700,483.8750
47.2800,425.2600
47.2900,444.4300
47.3000,476.7700
47.3100,478.2000
47.3200,476.8350
47.3300,471.5800
47.3400,483.2125
47.3500,475.2800
47.3600,458.3650
47.3700,471.3675
47.3800,488.3000
47.3900,488.3700
47.4000,475.2550
47.4100,461.7050
47.4200,468.1400
47.4300,465.2775
47.4400,441.9525
47.4500,441.3750
47.4600,451.7100
47.4700,450.0000
47.4800,441.8900
47.4900,421.9875
47.5000,414.8600
47.5100,441.0425
47.5200,445.5400
47.5300,420.2000
47.5400,460.1850
47.5500,561.6650
47.5600,600.5325
47.5700,573.6575
47.5800,563.3325
47.5900,597.1525
47.6000,652.6450
47.6100,666.9000
47.6200,717.8650
47.6300,796.0625
47.6400,806.9125
47.6500,809.6250
47.6600,850.4625
47.6700,907.3675
47.6800,958.9525
47.6900,981.8650
47.7000,984.6625
47.7100,978.9500
47.7200,958.5425
47.7300,951.7375
47.7400,924.4775
47.7500,909.4200
47.7600,937.6725
47.7700,905.5675
47.7800,861.2900
47.7900,874.7700
47.8000,843.4475
47.8100,776.3325
47.8200,748.2550
47.8300,716.6875
47.8400,672.0725
47.8500,633.2325
47.8600,625.3325
47.8700,626.4325
47.8800,588.7600
47.8900,603.7050
47.9000,598.4125
47.9100,519.1375
47.9200,458.9575
47.9300,481.3500
47.9400,486.9150
47.9500,423.2325
47.9600,399.6275
47.9700,412.9575
47.9800,408.9975
47.9900,391.9550
48.0000,380.3875
48.0100,390.5900
48.0200,402.1600
48.0300,396.4675
48.0400,400.0000
48.0500,396.8700
48.0600,390.2050
48.0700,374.1625
48.0800,395.9275
48.0900,413.2500
48.1000,380.4250
48.1100,387.3675
48.1200,398.6575
48.1300,404.2350
48.1400,408.8850
48.1500,406.2225
48.1600,427.3250
48.1700,438.6725
48.1800,462.8350
48.1900,505.9775
48.2000,519.7675
48.2100,504.7350
48.2200,472.4900
48.2300,469.2875
48.2400,484.6425
48.2500,511.6475
48.2600,528.9400
48.2700,493.7450
48.2800,481.8550
48.2900,517.2175
48.3000,541.0425
48.3100,573.1125
48.3200,576.9025
48.3300,583.8575
48.3400,623.3325
48.3500,597.2025
48.3600,600.4650
48.3700,632.3225
48.3800,607.9900
48.3900,614.5375
48.4000,672.4550
48.4100,711.2625
48.4200,724.3200
48.4300,721.0925
48.4400,702.0800
48.4500,711.9475
48.4600,699.4550
48.4700,681.6500
48.4800,694.1800
48.4900,643.6925
48.5000,595.1425
48.5100,558.3075
48.5200,551.6725
48.5300,594.8550
48.5400,592.1050
48.5500,583.6275
48.5600,540.5175
48.5700,502.4400
48.5800,513.3325
48.5900,510.3025
48.6000,494.5475
48.6100,458.8025
48.6200,454.5200
48.6300,484.5375
48.6400,459.7675
48.6500,433.9075
48.6600,399.8600
48.6700,347.8600
48.6800,381.9875
48.6900,385.0125
48.7000,351.1850
48.7100,349.1375
48.7200,358.0575
48.7300,375.4875
48.7400,363.9875
48.7500,358.1700
48.7600,369.0075
48.7700,381.5000
48.7800,386.3325
48.7900,379.5075
48.8000,363.6700
48.8100,360.0000
48.8200,358.5025
48.8300,353.6750
48.8400,360.4625
48.8500,365.8650
48.8600,377.5700
48.8700,407.8100
48.8800,407.3675
48.8900,397.0200
48.9000,411.2100
48.9100,452.6900
48.9200,473.6900
48.9300,474.4625
48.9400,493.3775
48.9500,502.5725
48.9600,484.4250
48.9700,467.3975
48.9800,495.5975
48.9900,541.4825
49.0000,534.4425
49.0100,523.3325
49.0200,538.1325
49.0300,547.7925
49.0400,541.1025
49.0500,554.0550
49.0600,564.8100
49.0700,585.8550
49.0800,577.5450
49.0900,569.1050
49.1000,642.4200
49.1100,670.0775
49.1200,657.7500
49.1300,666.2750
49.1400,674.4125
49.1500,687.3475
49.1600,701.0725
49.1700,706.6675
49.1800,680.2550
49.1900,627.6000
49.2000,607.7300
49.2100,614.7975
49.2200,628.3800
49.2300,646.2600
49.2400,616.3575
49.2500,576.2575
49.2600,619.4525
49.2700,664.1575
49.2800,640.6100
49.2900,582.0700
49.3000,520.2100
49.3100,512.0775
49.3200,495.6575
49.3300,480.3825
49.3400,515.3975
49.3500,525.2125
49.3600,530.6000
49.3700,515.3025
49.3800,455.7450
49.3900,446.1225
49.4000,474.1975
49.4100,447.8200
49.4200,423.3325
49.4300,418.9875
49.4400,408.9900
49.4500,396.1000
49.4600,380.8825
49.4700,393.5675
49.4800,421.4450
49.4900,414.6700
49.5000,404.7775
49.5100,393.6850
49.5200,359.3675
49.5300,335.2250
49.5400,339.0950
49.5500,384.0925
49.5600,430.4550
49.5700,416.6000
49.5800,404.7700
49.5900,413.8500
49.6000,427.6400
49.6100,446.2500
49.6200,457.5950
49.6300,441.3975
49.6400,468.6900
49.6500,517.1350
49.6600,506.1750
49.6700,499.5275
49.6800,484.7425
49.6900,464.2875
49.7000,444.2825
49.7100,405.7150
49.7200,427.1200
49.7300,473.3200
49.7400,496.6475
49.7500,505.7250
49.7600,501.4250
49.7700,484.8250
49.7800,447.1925
49.7900,414.3525
49.8000,387.6475
49.8100,407.0000
49.8200,436.2325
49.8300,430.9250
49.8400,425.3150
49.8500,404.3275
49.8600,402.3375
49.8700,392.9975
49.8800,371.4150
49.8900,378.9950
49.9000,396.5700
49.9100,410.0000
49.9200,412.8275
49.9300,405.3650
49.9400,385.7625
49.9500,380.0000
49.9600,394.1075
49.9700,397.8225
49.9800,376.6675
49.9900,376.6675
50.0000,376.6675
