#Intensity_unit=cps
#Attenuator_coefficient=1.0000
10.0000,903.4000
10.0100,812.5725
10.0200,885.2550
10.0300,869.0700
10.0400,845.4450
10.0500,894.8550
10.0600,893.9400
10.0700,950.8700
10.0800,929.4225
10.0900,920.6150
10.1000,886.7275
10.1100,904.4975
10.1200,906.6675
10.1300,921.7725
10.1400,893.1325
10.1500,838.6800
10.1600,860.4925
10.1700,872.3825
10.1800,903.4875
10.1900,870.4975
10.2000,830.5100
10.2100,847.7500
10.2200,895.1575
10.2300,824.7650
10.2400,891.8700
10.2500,1041.3275
10.2600,936.4350
10.2700,899.2975
10.2800,917.6900
10.2900,889.9775
10.3000,919.6775
10.3100,902.3350
10.3200,894.0025
10.3300,866.3575
10.3400,824.3825
10.3500,891.8775
10.3600,914.9675
10.3700,913.6750
10.3800,889.4025
10.3900,850.7875
10.4000,909.4325
10.4100,931.6050
10.4200,930.3475
10.4300,897.1625
10.4400,878.4150
10.4500,900.5275
10.4600,849.6675
10.4700,873.1350
10.4800,846.8775
10.4900,890.9775
10.5000,902.6200
10.5100,843.8275
10.5200,884.2500
10.5300,878.1100
10.5400,942.0400
10.5500,920.2975
10.5600,889.9450
10.5700,943.0550
10.5800,911.4350
10.5900,859.2225
10.6000,850.3700
10.6100,829.2600
10.6200,800.0125
10.6300,882.5125
10.6400,884.4575
10.6500,859.6725
10.6600,830.0575
10.6700,847.3525
10.6800,864.7700
10.6900,890.2875
10.7000,825.4525
10.7100,828.4675
10.7200,847.6925
10.7300,861.7900
10.7400,833.8700
10.7500,868.2850
10.7600,914.5450
10.7700,928.8275
10.7800,856.4700
10.7900,911.3425
10.8000,914.1225
10.8100,872.2125
10.8200,907.7700
10.8300,954.4200
10.8400,936.5325
10.8500,892.2825
10.8600,901.3200
10.8700,900.4050
10.8800,958.5650
10.8900,875.9325
10.9000,877.9625
10.9100,888.7725
10.9200,930.9225
10.9300,904.5275
10.9400,940.8850
10.9500,996.2900
10.9600,933.3075
10.9700,821.2575
10.9800,844.5625
10.9900,861.6550
11.0000,831.2950
11.0100,823.7550
11.0200,823.3325
11.0300,794.2475
11.0400,801.6300
11.0500,849.8275
11.0600,894.4250
11.0700,856.4525
11.0800,829.6875
11.0900,881.7775
11.1000,829.1150
11.1100,811.3075
11.1200,879.5175
11.1300,806.0375
11.1400,810.6975
11.1500,865.4000
11.1600,864.6600
11.1700,831.5450
11.1800,806.4475
11.1900,794.6725
11.2000,851.0500
11.2100,836.9250
11.2200,795.8525
11.2300,824.5800
11.2400,881.8475
11.2500,890.0000
11.2600,915.9000
11.2700,931.5050
11.2800,870.0850
11.2900,874.3675
11.3000,885.2825
11.3100,915.3750
11.3200,888.4350
11.3300,874.7300
11.3400,793.0650
11.3500,797.1925
11.3600,891.6475
11.3700,900.9425
11.3800,837.0525
11.3900,832.3875
11.4000,839.0500
11.4100,828.5725
11.4200,846.6575
11.4300,844.2925
11.4400,791.9800
11.4500,846.0675
11.4600,890.8675
11.4700,879.5750
11.4800,879.5150
11.4900,905.6150
11.5000,904.3100
11.5100,852.1550
11.5200,857.5425
11.5300,925.3300
11.5400,848.6575
11.5500,793.6075
11.5600,829.2100
11.5700,813.9875
11.5800,869.5000
11.5900,854.5125
11.6000,833.0175
11.6100,849.8050
11.6200,915.5425
11.6300,904.0550
11.6400,835.0275
11.6500,769.6875
11.6600,788.2200
11.6700,849.7450
11.6800,837.4475
11.6900,847.4225
11.7000,858.4500
11.7100,831.8500
11.7200,826.6675
11.7300,857.6000
11.7400,807.1200
11.7500,762.9575
11.7600,829.6675
11.7700,818.0775
11.7800,790.8950
11.7900,811.8975
11.8000,830.6775
11.8100,886.5450
11.8200,905.0650
11.8300,828.3325
11.8400,818.9250
11.8500,867.5100
11.8600,848.7325
11.8700,798.6625
11.8800,831.8575
11.8900,837.2100
11.9000,814.3675
11.9100,832.2875
11.9200,845.0200
11.9300,896.7625
11.9400,834.3425
11.9500,789.4175
11.9600,805.5625
11.9700,829.4400
11.9800,830.5575
11.9900,796.7075
12.0000,828.8200
12.0100,806.1825
12.0200,791.6900
12.0300,812.1475
12.0400,863.7050
12.0500,865.0375
12.0600,860.5700
12.0700,793.7000
12.0800,782.7600
12.0900,830.2450
12.1000,784.8375
12.1100,795.3850
12.1200,833.0600
12.1300,784.9275
12.1400,776.0850
12.1500,806.9225
12.1600,805.0850
12.1700,822.5675
12.1800,834.9050
12.1900,809.2200
12.2000,808.8200
12.2100,810.0000
12.2200,812.7400
12.2300,796.9025
12.2400,787.8600
12.2500,835.9075
12.2600,832.9950
12.2700,860.0575
12.2800,861.2050
12.2900,846.3525
12.3000,786.0450
12.3100,795.1450
12.3200,892.6500
12.3300,929.6750
12.3400,827.1775
12.3500,797.8925
12.3600,837.4500
12.3700,838.5150
12.3800,757.9075
12.3900,786.1450
12.4000,878.0500
12.4100,828.8850
12.4200,805.2050
12.4300,778.9600
12.4400,827.4675
12.4500,840.0000
12.4600,877.8500
12.4700,838.0300
12.4800,842.8700
12.4900,927.6350
12.5000,952.0625
12.5100,891.3275
12.5200,925.1650
12.5300,925.8950
12.5400,923.3325
12.5500,939.4725
12.5600,972.9025
12.5700,1087.4625
12.5800,1145.5550
12.5900,1110.3975
12.6000,1078.5450
12.6100,1153.7450
12.6200,1084.9325
12.6300,1017.8200
12.6400,1052.1525
12.6500,1106.1200
12.6600,1146.0650
12.6700,1078.5450
12.6800,1009.2825
12.6900,969.9875
12.7000,936.6700
12.7100,943.3225
12.7200,957.3200
12.7300,930.7225
12.7400,936.6325
12.7500,924.0500
12.7600,933.2850
12.7700,920.7350
12.7800,908.7050
12.7900,898.7100
12.8000,931.1225
12.8100,1003.5725
12.8200,1001.4700
12.8300,1009.8950
12.8400,1013.3325
12.8500,1034.4725
12.8600,995.1050
12.8700,951.6625
12.8800,1001.3625
12.8900,1016.6675
12.9000,1037.7425
12.9100,1030.1700
12.9200,1005.6150
12.9300,1031.5575
12.9400,945.3875
12.9500,862.2175
12.9600,886.0400
12.9700,799.6050
12.9800,815.2800
12.9900,810.9475
13.0000,770.0075
13.0100,770.4675
13.0200,833.4825
13.0300,823.8650
13.0400,774.8750
13.0500,802.4875
13.0600,815.9425
13.0700,801.0250
13.0800,786.2450
13.0900,838.0150
13.1000,894.9675
13.1100,810.4450
13.1200,733.9525
13.1300,769.3500
13.1400,772.9500
13.1500,767.4050
13.1600,738.1500
13.1700,685.9575
13.1800,745.8300
13.1900,735.6175
13.2000,742.1825
13.2100,769.9250
13.2200,774.0850
13.2300,768.1725
13.2400,764.0875
13.2500,737.5575
13.2600,778.9425
13.2700,772.7400
13.2800,774.3850
13.2900,786.9500
13.3000,797.7075
13.3100,797.4325
13.3200,740.2150
13.3300,733.5900
13.3400,741.7925
13.3500,751.0175
13.3600,753.3325
13.3700,737.9875
13.3800,723.1100
13.3900,717.4450
13.4000,716.6675
13.4100,760.0350
13.4200,701.9500
13.4300,690.1900
13.4400,739.1625
13.4500,760.9675
13.4600,781.1325
13.4700,801.9125
13.4800,745.7225
13.4900,749.5050
13.5000,756.6675
13.5100,754.1325
13.5200,778.6600
13.5300,806.9150
13.5400,798.1575
13.5500,727.6175
13.5600,699.0900
13.5700,726.9550
13.5800,711.4425
13.5900,705.8550
13.6000,741.9325
13.6100,801.1625
13.6200,731.1350
13.6300,668.1375
13.6400,696.8625
13.6500,687.4050
13.6600,720.1425
13.6700,816.0675
13.6800,808.2575
13.6900,809.1850
13.7000,740.7750
13.7100,771.6725
13.7200,782.5050
13.7300,725.0700
13.7400,686.7050
13.7500,754.8025
13.7600,772.5250
13.7700,727.6700
13.7800,695.9150
13.7900,709.8925
13.8000,716.6675
13.8100,741.4975
13.8200,745.0375
13.8300,716.0575
13.8400,714.1000
13.8500,721.6200
13.8600,696.1150
13.8700,671.8300
13.8800,758.0950
13.8900,755.4300
13.9000,758.1375
13.9100,738.6750
13.9200,732.4650
13.9300,716.0975
13.9400,729.6850
13.9500,714.5375
13.9600,696.8375
13.9700,742.4400
13.9800,713.3825
13.9900,640.2750
14.0000,715.5550
14.0100,752.4475
14.0200,731.3150
14.0300,723.3325
14.0400,723.3325
14.0500,745.3050
14.0600,741.1350
14.0700,722.0400
14.0800,748.3350
14.0900,699.1425
14.1000,698.5600
14.1100,762.5750
14.1200,742.0400
14.1300,707.2475
14.1400,724.2550
14.1500,730.9100
14.1600,686.4050
14.1700,670.0000
14.1800,732.8775
14.1900,722.8350
14.2000,710.0000
14.2100,726.8925
14.2200,730.9225
14.2300,756.5050
14.2400,785.9275
14.2500,697.0950
14.2600,698.4675
14.2700,727.7475
14.2800,721.3300
14.2900,714.2675
14.3000,727.7150
14.3100,730.9375
14.3200,744.3600
14.3300,718.9075
14.3400,706.6675
14.3500,725.7725
14.3600,733.3325
14.3700,719.0275
14.3800,694.2725
14.3900,720.0000
14.4000,742.8500
14.4100,768.0625
14.4200,750.5375
14.4300,706.7675
14.4400,698.0775
14.4500,707.1100
14.4600,669.7400
14.4700,660.4325
14.4800,682.2500
14.4900,734.8950
14.5000,750.9725
14.5100,726.4075
14.5200,714.3100
14.5300,708.6225
14.5400,746.6800
14.5500,723.3500
14.5600,748.9675
14.5700,745.5325
14.5800,694.4300
14.5900,671.9775
14.6000,674.6850
14.6100,695.3950
14.6200,724.3850
14.6300,721.6475
14.6400,726.0075
14.6500,690.3275
14.6600,698.9825
14.6700,691.3600
14.6800,687.9900
14.6900,694.6525
14.7000,717.5875
14.7100,738.2800
14.7200,759.5800
14.7300,748.1150
14.7400,714.5125
14.7500,696.3875
14.7600,739.6025
14.7700,760.0000
14.7800,720.7350
14.7900,689.4850
14.8000,711.0050
14.8100,700.2925
14.8200,678.4875
14.8300,700.9400
14.8400,704.1400
14.8500,693.1100
14.8600,724.4250
14.8700,705.6050
14.8800,683.1275
14.8900,691.4475
14.9000,708.1050
14.9100,752.1900
14.9200,726.6075
14.9300,729.4850
14.9400,767.3600
14.9500,768.6100
14.9600,733.7425
14.9700,758.6650
14.9800,767.5775
14.9900,774.6875
15.0000,770.9250
15.0100,759.8650
15.0200,792.9075
15.0300,789.6325
15.0400,764.1700
15.0500,781.5200
15.0600,802.3625
15.0700,788.6225
15.0800,791.2700
15.0900,843.9550
15.1000,873.4175
15.1100,811.4725
15.1200,813.6925
15.1300,874.8875
15.1400,840.6050
15.1500,788.6875
15.1600,774.4275
15.1700,744.2550
15.1800,772.4625
15.1900,779.9350
15.2000,751.0225
15.2100,766.7500
15.2200,748.8175
15.2300,777.8400
15.2400,824.4575
15.2500,781.1275
15.2600,671.2075
15.2700,669.9200
15.2800,692.2150
15.2900,737.6125
15.3000,760.0000
15.3100,737.9000
15.3200,704.5850
15.3300,680.0950
15.3400,660.1075
15.3500,699.5850
15.3600,707.9300
15.3700,697.8025
15.3800,727.4200
15.3900,708.2175
15.4000,654.9150
15.4100,641.0475
15.4200,669.6000
15.4300,694.2675
15.4400,686.8900
15.4500,669.0850
15.4600,691.6900
15.4700,734.9975
15.4800,723.8700
15.4900,666.4900
15.5000,638.9850
15.5100,662.7250
15.5200,667.9875
15.5300,654.6625
15.5400,669.4925
15.5500,654.0325
15.5600,633.5150
15.5700,666.7200
15.5800,684.5075
15.5900,666.0850
15.6000,641.5875
15.6100,641.9425
15.6200,674.6200
15.6300,681.4075
15.6400,668.0800
15.6500,691.2100
15.6600,730.2325
15.6700,698.3825
15.6800,645.5325
15.6900,632.1375
15.7000,682.4300
15.7100,692.9375
15.7200,664.1575
15.7300,681.0075
15.7400,711.5550
15.7500,711.5000
15.7600,674.8225
15.7700,648.1825
15.7800,643.3325
15.7900,626.3975
15.8000,648.3925
15.8100,685.6850
15.8200,709.3325
15.8300,687.1400
15.8400,653.1425
15.8500,649.6500
15.8600,653.3325
15.8700,642.8275
15.8800,628.2700
15.8900,629.6250
15.9000,616.5700
15.9100,633.8800
15.9200,620.7225
15.9300,605.4225
15.9400,679.7225
15.9500,658.6875
15.9600,586.6650
15.9700,602.0500
15.9800,681.5550
15.9900,687.5825
16.0000,636.7925
16.0100,602.1525
16.0200,607.8325
16.0300,645.6375
16.0400,652.9950
16.0500,644.6000
16.0600,651.5875
16.0700,638.1125
16.0800,634.9050
16.0900,664.6900
16.1000,677.9450
16.1100,717.7350
16.1200,745.3850
16.1300,691.3325
16.1400,644.3825
16.1500,638.7125
16.1600,613.4350
16.1700,627.2875
16.1800,669.1000
16.1900,664.9975
16.2000,624.8375
16.2100,618.8675
16.2200,592.1350
16.2300,612.6150
16.2400,658.2450
16.2500,645.6975
16.2600,613.8150
16.2700,619.5025
16.2800,619.9050
16.2900,633.5050
16.3000,642.6375
16.3100,635.9725
16.3200,647.4100
16.3300,640.5950
16.3400,621.9725
16.3500,632.7075
16.3600,645.3375
16.3700,680.6825
16.3800,667.3525
16.3900,613.3800
16.4000,621.2625
16.4100,679.8575
16.4200,648.9325
16.4300,574.2025
16.4400,575.8275
16.4500,593.3325
16.4600,593.3325
16.4700,573.5275
16.4800,575.8275
16.4900,636.0800
16.5000,673.9500
16.5100,700.3350
16.5200,698.9325
16.5300,661.0775
16.5400,647.2650
16.5500,644.1075
16.5600,636.0750
16.5700,649.0150
16.5800,671.7475
16.5900,660.4400
16.6000,660.3450
16.6100,666.0950
16.6200,653.5850
16.6300,671.9875
16.6400,639.4125
16.6500,628.6000
16.6600,656.3750
16.6700,678.8500
16.6800,645.4375
16.6900,592.0450
16.7000,599.8675
16.7100,589.6300
16.7200,604.7250
16.7300,624.2175
16.7400,602.6750
16.7500,620.7675
16.7600,645.2550
16.7700,642.8300
16.7800,632.3325
16.7900,607.5200
16.8000,671.7500
16.8100,653.5800
16.8200,581.4000
16.8300,583.3450
16.8400,591.4300
16.8500,584.2925
16.8600,623.7025
16.8700,662.3600
16.8800,630.6450
16.8900,637.4225
16.9000,669.0075
16.9100,650.6575
16.9200,631.4450
16.9300,624.3425
16.9400,623.7675
16.9500,636.0725
16.9600,632.0575
16.9700,617.7025
16.9800,609.5825
16.9900,614.1575
17.0000,618.1300
17.0100,624.1425
17.0200,639.3325
17.0300,626.1575
17.0400,630.4875
17.0500,618.7625
17.0600,635.6900
17.0700,666.6675
17.0800,631.4400
17.0900,614.4450
17.1000,636.2825
17.1100,637.4275
17.1200,641.0725
17.1300,624.1925
17.1400,584.9200
17.1500,592.0700
17.1600,602.6525
17.1700,583.8225
17.1800,540.3425
17.1900,522.4875
17.2000,573.8875
17.2100,620.9600
17.2200,615.4050
17.2300,601.5100
17.2400,636.4025
17.2500,652.1225
17.2600,629.1050
17.2700,598.2350
17.2800,599.9275
17.2900,607.6200
17.3000,616.2675
17.3100,658.8850
17.3200,656.2850
17.3300,636.9350
17.3400,627.4075
17.3500,595.1050
17.3600,578.4625
17.3700,588.9625
17.3800,612.7800
17.3900,642.7600
17.4000,645.9500
17.4100,584.9325
17.4200,575.6350
17.4300,622.6825
17.4400,652.6650
17.4500,659.5650
17.4600,607.2300
17.4700,571.9800
17.4800,578.4350
17.4900,608.2675
17.5000,666.8625
17.5100,622.6425
17.5200,565.4675
17.5300,592.6725
17.5400,606.4875
17.5500,598.0725
17.5600,605.5950
17.5700,604.4200
17.5800,595.0800
17.5900,572.2325
17.6000,577.8900
17.6100,610.2975
17.6200,611.4500
17.6300,596.2475
17.6400,571.0575
17.6500,568.7925
17.6600,592.1100
17.6700,582.5975
17.6800,568.5100
17.6900,571.6100
17.7000,554.5075
17.7100,607.0525
17.7200,664.8475
17.7300,661.7150
17.7400,599.9600
17.7500,558.8175
17.7600,590.3350
17.7700,593.0950
17.7800,603.7825
17.7900,628.4400
17.8000,643.5325
17.8100,621.0800
17.8200,573.0450
17.8300,556.6675
17.8400,551.5925
17.8500,572.0000
17.8600,578.1125
17.8700,575.1600
17.8800,598.4125
17.8900,618.4275
17.9000,630.0000
17.9100,626.6475
17.9200,628.3550
17.9300,618.2925
17.9400,605.0025
17.9500,633.3375
17.9600,633.3625
17.9700,593.3650
17.9800,608.2275
17.9900,633.3500
18.0000,608.4725
18.0100,603.2050
18.0200,618.3475
18.0300,613.3675
18.0400,608.3525
18.0500,631.3425
18.0600,641.8825
18.0700,644.7125
18.0800,663.3325
18.0900,676.4225
18.1000,678.5625
18.1100,632.4000
18.1200,595.0375
18.1300,612.8625
18.1400,602.4550
18.1500,599.2125
18.1600,623.5175
18.1700,602.1000
18.1800,580.2025
18.1900,578.1750
18.2000,576.8850
18.2100,563.5625
18.2200,571.1325
18.2300,596.2975
18.2400,608.2700
18.2500,610.0000
18.2600,614.7950
18.2700,637.5600
18.2800,642.3200
18.2900,594.8300
18.3000,582.2550
18.3100,624.1275
18.3200,636.9925
18.3300,628.4175
18.3400,583.9850
18.3500,602.9650
18.3600,681.3950
18.3700,694.5375
18.3800,703.3325
18.3900,720.6000
18.4000,743.1350
18.4100,770.1425
18.4200,820.1100
18.4300,862.2725
18.4400,975.0650
18.4500,1165.8125
18.4600,1289.5250
18.4700,1301.6100
18.4800,1285.9625
18.4900,1378.6700
18.5000,1559.8525
18.5100,1703.1975
18.5200,1785.6850
18.5300,1898.7075
18.5400,1954.4100
18.5500,1944.2750
18.5600,1965.9450
18.5700,1927.3350
18.5800,1905.8300
18.5900,1864.8250
18.6000,1791.1525
18.6100,1717.3750
18.6200,1558.6225
18.6300,1374.5150
18.6400,1249.7300
18.6500,1161.9500
18.6600,1062.2750
18.6700,960.9175
18.6800,842.1800
18.6900,740.9425
18.7000,673.8350
18.7100,636.5200
18.7200,606.5400
18.7300,607.9175
18.7400,610.6175
18.7500,606.0200
18.7600,612.1625
18.7700,591.4850
18.7800,603.7075
18.7900,622.5850
18.8000,628.5225
18.8100,595.6900
18.8200,574.3400
18.8300,606.9600
18.8400,597.9775
18.8500,570.0000
18.8600,578.7825
18.8700,578.3075
18.8800,550.2000
18.8900,569.7550
18.9000,618.1200
18.9100,598.2150
18.9200,575.8000
18.9300,586.2300
18.9400,579.8825
18.9500,583.9850
18.9600,608.1075
18.9700,602.8075
18.9800,617.7500
18.9900,612.7150
19.0000,564.7650
19.0100,559.5200
19.0200,567.1275
19.0300,599.9750
19.0400,596.2625
19.0500,564.8125
19.0600,581.6950
19.0700,605.8425
19.0800,578.1850
19.0900,586.4225
19.1000,590.7925
19.1100,543.1200
19.1200,528.4250
19.1300,542.8050
19.1400,553.6650
19.1500,575.9100
19.1600,571.0125
19.1700,540.0000
19.1800,538.6100
19.1900,554.7125
19.2000,571.6850
19.2100,579.3700
19.2200,573.5175
19.2300,534.9400
19.2400,564.5625
19.2500,579.0050
19.2600,563.3325
19.2700,582.5100
19.2800,585.3875
19.2900,551.3650
19.3000,558.7850
19.3100,562.5850
19.3200,536.2950
19.3300,494.4650
19.3400,509.1525
19.3500,578.2875
19.3600,592.4650
19.3700,557.2400
19.3800,551.4000
19.3900,570.0425
19.4000,551.8675
19.4100,495.2900
19.4200,512.0475
19.4300,587.3250
19.4400,597.3700
19.4500,572.0050
19.4600,550.1150
19.4700,525.2925
19.4800,533.3325
19.4900,521.4650
19.5000,511.2325
19.5100,536.4750
19.5200,555.3550
19.5300,554.6425
19.5400,560.5875
19.5500,540.5700
19.5600,507.8150
19.5700,527.8000
19.5800,547.7875
19.5900,550.9325
19.6000,544.4250
19.6100,542.4675
19.6200,543.1925
19.6300,577.4275
19.6400,563.0625
19.6500,544.1050
19.6600,516.9775
19.6700,495.3200
19.6800,528.9200
19.6900,542.0625
19.7000,538.7300
19.7100,539.2025
19.7200,548.3925
19.7300,561.7175
19.7400,563.6975
19.7500,540.7525
19.7600,546.3675
19.7700,578.7200
19.7800,575.0125
19.7900,587.5150
19.8000,567.9125
19.8100,579.9500
19.8200,578.0425
19.8300,552.8625
19.8400,562.0975
19.8500,564.9375
19.8600,564.7075
19.8700,556.1500
19.8800,572.8025
19.8900,583.3325
19.9000,591.8925
19.9100,596.9050
19.9200,571.4750
19.9300,563.9600
19.9400,606.9975
19.9500,662.4225
19.9600,678.7525
19.9700,702.4125
19.9800,683.7950
19.9900,669.7650
20.0000,769.4250
20.0100,828.6300
20.0200,753.5300
20.0300,753.8400
20.0400,797.8575
20.0500,804.7500
20.0600,808.5950
20.0700,803.5475
20.0800,801.7400
20.0900,792.5550
20.1000,793.9300
20.1100,768.4550
20.1200,769.7225
20.1300,770.7950
20.1400,689.8525
20.1500,631.8550
20.1600,614.3450
20.1700,599.5725
20.1800,580.0000
20.1900,582.3075
20.2000,598.1825
20.2100,588.9725
20.2200,546.0550
20.2300,584.6775
20.2400,588.5800
20.2500,560.9675
20.2600,539.7650
20.2700,529.0800
20.2800,533.0775
20.2900,513.4475
20.3000,533.4325
20.3100,537.6650
20.3200,536.8450
20.3300,576.7225
20.3400,585.5275
20.3500,567.7400
20.3600,544.4325
20.3700,545.5550
20.3800,563.3475
20.3900,545.5750
20.4000,536.6675
20.4100,532.2600
20.4200,528.8275
20.4300,545.4825
20.4400,578.5525
20.4500,602.5875
20.4600,566.5375
20.4700,585.4350
20.4800,602.0900
20.4900,652.2925
20.5000,741.9725
20.5100,770.7750
20.5200,799.7825
20.5300,840.1475
20.5400,923.4225
20.5500,977.8650
20.5600,1006.3600
20.5700,1125.5650
20.5800,1251.2125
20.5900,1299.8400
20.6000,1298.2200
20.6100,1308.4400
20.6200,1379.4575
20.6300,1432.5050
20.6400,1465.6725
20.6500,1357.2400
20.6600,1327.0725
20.6700,1372.1225
20.6800,1292.3225
20.6900,1182.5300
20.7000,1148.5750
20.7100,1062.4575
20.7200,981.0125
20.7300,962.5525
20.7400,951.6525
20.7500,853.4925
20.7600,791.3000
20.7700,796.8125
20.7800,842.2700
20.7900,881.2150
20.8000,872.4750
20.8100,949.8325
20.8200,1062.7600
20.8300,1180.6725
20.8400,1270.9750
20.8500,1314.5825
20.8600,1354.6800
20.8700,1377.7325
20.8800,1464.0825
20.8900,1510.3775
20.9000,1517.0975
20.9100,1544.1150
20.9200,1522.1725
20.9300,1507.2375
20.9400,1465.0750
20.9500,1320.5800
20.9600,1281.0825
20.9700,1268.1175
20.9800,1168.8000
20.9900,1079.1775
21.0000,952.1500
21.0100,859.9725
21.0200,823.3000
21.0300,747.6425
21.0400,661.5050
21.0500,614.2400
21.0600,627.6675
21.0700,605.8000
21.0800,581.9700
21.0900,575.6200
21.1000,581.5900
21.1100,559.0675
21.1200,562.2425
21.1300,565.5425
21.1400,540.3650
21.1500,558.3000
21.1600,574.4825
21.1700,569.1725
21.1800,577.7825
21.1900,543.9650
21.2000,558.7825
21.2100,555.7425
21.2200,589.9550
21.2300,617.5700
21.2400,622.7000
21.2500,624.6150
21.2600,615.3700
21.2700,626.4300
21.2800,643.3750
21.2900,719.3300
21.3000,730.2075
21.3100,728.5225
21.3200,723.0800
21.3300,808.0800
21.3400,856.6350
21.3500,917.3025
21.3600,949.7025
21.3700,942.1550
21.3800,999.1750
21.3900,1061.6075
21.4000,1083.3500
21.4100,1178.0250
21.4200,1241.1250
21.4300,1299.7875
21.4400,1414.1075
21.4500,1525.0300
21.4600,1546.0750
21.4700,1632.9800
21.4800,1790.3700
21.4900,1954.4450
21.5000,2135.9975
21.5100,2328.3500
21.5200,2494.0875
21.5300,2618.9850
21.5400,2729.8875
21.5500,2862.2600
21.5600,3168.7925
21.5700,3253.2175
21.5800,3331.2925
21.5900,3510.0000
21.6000,3492.1500
21.6100,3409.1650
21.6200,3314.4625
21.6300,3271.3925
21.6400,3153.6050
21.6500,2891.7850
21.6600,2705.8375
21.6700,2491.2500
21.6800,2254.5550
21.6900,1872.2200
21.7000,1636.1000
21.7100,1384.3275
21.7200,1165.8150
21.7300,1046.4500
21.7400,1025.6000
21.7500,879.9800
21.7600,732.8075
21.7700,709.2300
21.7800,675.6325
21.7900,694.0325
21.8000,725.4300
21.8100,715.3150
21.8200,755.2800
21.8300,823.9650
21.8400,793.5600
21.8500,768.9925
21.8600,813.4425
21.8700,871.9100
21.8800,946.7150
21.8900,1059.6375
21.9000,1068.0350
21.9100,1169.0350
21.9200,1284.1500
21.9300,1386.7750
21.9400,1496.8200
21.9500,1689.7050
21.9600,1769.1500
21.9700,1921.1950
21.9800,2067.4550
21.9900,2141.9050
22.0000,2150.9050
22.0100,2222.4875
22.0200,2276.3675
22.0300,2165.4375
22.0400,1965.6100
22.0500,1873.3800
22.0600,1808.7000
22.0700,1720.0050
22.0800,1562.2000
22.0900,1392.3225
22.1000,1164.3850
22.1100,1026.3125
22.1200,944.6975
22.1300,836.0500
22.1400,819.5950
22.1500,699.1725
22.1600,629.8975
22.1700,584.0300
22.1800,608.0000
22.1900,576.0375
22.2000,539.2900
22.2100,575.2000
22.2200,618.0800
22.2300,596.6675
22.2400,601.8800
22.2500,630.4750
22.2600,661.9400
22.2700,672.5775
22.2800,698.0925
22.2900,774.0600
22.3000,837.1525
22.3100,863.4800
22.3200,914.2450
22.3300,952.9575
22.3400,1001.9300
22.3500,1090.4275
22.3600,1084.4650
22.3700,1201.4275
22.3800,1305.6850
22.3900,1294.6475
22.4000,1313.4925
22.4100,1230.8675
22.4200,1201.5225
22.4300,1247.8975
22.4400,1207.6975
22.4500,1131.2775
22.4600,1084.6050
22.4700,978.5825
22.4800,943.0675
22.4900,867.6375
22.5000,787.1400
22.5100,680.5825
22.5200,674.6175
22.5300,615.3975
22.5400,529.4250
22.5500,532.4025
22.5600,544.5825
22.5700,479.6650
22.5800,527.7975
22.5900,530.5175
22.6000,502.6450
22.6100,437.2425
22.6200,460.0025
22.6300,476.6675
22.6400,481.0725
22.6500,507.1700
22.6600,526.1200
22.6700,515.7300
22.6800,473.4225
22.6900,458.2800
22.7000,463.4525
22.7100,445.6000
22.7200,433.6350
22.7300,403.6950
22.7400,427.5375
22.7500,456.2750
22.7600,495.2025
22.7700,520.7450
22.7800,502.5450
22.7900,468.7225
22.8000,404.1150
22.8100,397.6125
22.8200,444.0400
22.8300,462.1450
22.8400,433.6675
22.8500,419.1525
22.8600,430.8600
22.8700,420.6050
22.8800,440.3950
22.8900,418.4600
22.9000,396.3000
22.9100,432.3700
22.9200,425.7075
22.9300,420.0000
22.9400,430.4375
22.9500,492.3900
22.9600,482.4425
22.9700,448.2650
22.9800,398.9875
22.9900,413.3325
23.0000,417.4650
23.0100,444.2475
23.0200,450.0000
23.0300,443.6800
23.0400,406.9250
23.0500,434.9100
23.0600,462.2275
23.0700,432.4500
23.0800,424.0350
23.0900,407.9750
23.1000,418.8350
23.1100,432.4700
23.1200,429.2375
23.1300,448.7975
23.1400,460.7925
23.1500,443.3325
23.1600,441.6600
23.1700,427.9225
23.1800,414.5725
23.1900,423.3325
23.2000,420.0700
23.2100,395.4500
23.2200,393.5150
23.2300,441.7325
23.2400,426.4200
23.2500,403.9525
23.2600,431.7625
23.2700,419.2200
23.2800,417.5950
23.2900,452.6950
23.3000,473.3325
23.3100,469.1550
23.3200,435.5350
23.3300,426.6675
23.3400,430.3875
23.3500,457.0450
23.3600,434.8000
23.3700,449.9450
23.3800,471.9625
23.3900,440.8775
23.4000,499.7675
23.4100,468.9375
23.4200,460.0000
23.4300,466.9800
23.4400,527.0125
23.4500,527.9375
23.4600,510.0000
23.4700,516.4350
23.4800,584.4250
23.4900,692.6725
23.5000,773.0275
23.5100,755.1050
23.5200,914.8350
23.5300,1136.2800
23.5400,1362.1850
23.5500,1490.6600
23.5600,1642.2625
23.5700,1847.1125
23.5800,2105.5250
23.5900,2397.7450
23.6000,2530.7750
23.6100,2781.1950
23.6200,2910.7325
23.6300,3100.9425
23.6400,3251.6775
23.6500,3322.0375
23.6600,3527.0950
23.6700,3643.2700
23.6800,3717.6000
23.6900,3752.3400
23.7000,3612.9425
23.7100,3367.0300
23.7200,3087.8375
23.7300,2774.0025
23.7400,2416.1650
23.7500,2090.6825
23.7600,1898.7525
23.7700,1778.4550
23.7800,1433.4750
23.7900,1268.7300
23.8000,1162.9425
23.8100,1025.3775
23.8200,878.9700
23.8300,781.6125
23.8400,750.2750
23.8500,624.2625
23.8600,601.8975
23.8700,714.9800
23.8800,728.2875
23.8900,619.1975
23.9000,655.3825
23.9100,684.4575
23.9200,698.2200
23.9300,673.7725
23.9400,679.3475
23.9500,664.2075
23.9600,580.8475
23.9700,592.0775
23.9800,573.7475
23.9900,580.0000
24.0000,577.9850
24.0100,546.2675
24.0200,539.4100
24.0300,531.1625
24.0400,549.8100
24.0500,544.7800
24.0600,512.5900
24.0700,500.7325
24.0800,510.4400
24.0900,461.9600
24.1000,495.9650
24.1100,482.1225
24.1200,459.1475
24.1300,441.9900
24.1400,417.8225
24.1500,439.8375
24.1600,436.3475
24.1700,430.0000
24.1800,430.3100
24.1900,437.2750
24.2000,450.1500
24.2100,452.3050
24.2200,428.2675
24.2300,390.1425
24.2400,394.5850
24.2500,422.2400
24.2600,395.4600
24.2700,368.1125
24.2800,403.2050
24.2900,399.4950
24.3000,389.0125
24.3100,449.3950
24.3200,432.1500
24.3300,400.0000
24.3400,398.4175
24.3500,353.0025
24.3600,344.1950
24.3700,370.6325
24.3800,389.7950
24.3900,382.7325
24.4000,363.8200
24.4100,379.6200
24.4200,366.7600
24.4300,371.4325
24.4400,422.8125
24.4500,403.3325
24.4600,404.4775
24.4700,449.1300
24.4800,412.5675
24.4900,380.1475
24.5000,387.0225
24.5100,404.0200
24.5200,436.1375
24.5300,410.1900
24.5400,419.5750
24.5500,396.7825
24.5600,403.0550
24.5700,386.5075
24.5800,376.5650
24.5900,370.2875
24.6000,389.5050
24.6100,354.0975
24.6200,412.9750
24.6300,383.4450
24.6400,393.2300
24.6500,383.3975
24.6600,390.3225
24.6700,426.3725
24.6800,390.2650
24.6900,426.5375
24.7000,406.3650
24.7100,353.4150
24.7200,370.1225
24.7300,399.8800
24.7400,363.3250
24.7500,360.0175
24.7600,370.0125
24.7700,383.3375
24.7800,406.6525
24.7900,390.0225
24.8000,393.3250
24.8100,416.5975
24.8200,473.1200
24.8300,456.7425
24.8400,387.0425
24.8500,363.4775
24.8600,389.8150
24.8700,366.8475
24.8800,356.7525
24.8900,412.8075
24.9000,383.6350
24.9100,389.9275
24.9200,386.7050
24.9300,370.2075
24.9400,379.8675
24.9500,360.2800
24.9600,376.4200
24.9700,389.7925
24.9800,383.4425
24.9900,344.0200
25.0000,376.0675
25.0100,412.6450
25.0200,419.8700
25.0300,371.0175
25.0400,370.0000
25.0500,418.9025
25.0600,367.8775
25.0700,360.1575
25.0800,360.0000
25.0900,373.0000
25.1000,357.0975
25.1100,369.6450
25.1200,370.0000
25.1300,386.1950
25.1400,412.5600
25.1500,393.9300
25.1600,470.8825
25.1700,489.4775
25.1800,438.3850
25.1900,420.5500
25.2000,426.4425
25.2100,404.1400
25.2200,406.5500
25.2300,413.0925
25.2400,435.8050
25.2500,455.9125
25.2600,472.6900
25.2700,428.5025
25.2800,452.2625
25.2900,494.8925
25.3000,493.4725
25.3100,589.0825
25.3200,622.0350
25.3300,636.0800
25.3400,636.6675
25.3500,773.4525
25.3600,745.0375
25.3700,740.1575
25.3800,711.4425
25.3900,795.6050
25.4000,844.3500
25.4100,827.6750
25.4200,851.9675
25.4300,932.3325
25.4400,977.7125
25.4500,961.0725
25.4600,874.8950
25.4700,766.0700
25.4800,753.7075
25.4900,753.3325
25.5000,753.3325
25.5100,637.1975
25.5200,658.2250
25.5300,634.9325
25.5400,598.8950
25.5500,452.7700
25.5600,418.3300
25.5700,388.5600
25.5800,442.8300
25.5900,443.5500
25.6000,427.7575
25.6100,376.8700
25.6200,382.6625
25.6300,389.5475
25.6400,374.4775
25.6500,360.9275
25.6600,378.5950
25.6700,426.4450
25.6800,414.5300
25.6900,376.2400
25.7000,376.4225
25.7100,373.5800
25.7200,422.6625
25.7300,420.5050
25.7400,346.1325
25.7500,358.4500
25.7600,366.1450
25.7700,357.4575
25.7800,347.4650
25.7900,331.3450
25.8000,360.6200
25.8100,366.3925
25.8200,378.8925
25.8300,389.1625
25.8400,377.7950
25.8500,373.6175
25.8600,364.1950
25.8700,351.1600
25.8800,337.8375
25.8900,373.1225
25.9000,340.2425
25.9100,336.6675
25.9200,309.3950
25.9300,370.2425
25.9400,370.6175
25.9500,330.7125
25.9600,371.9575
25.9700,376.6675
25.9800,376.6675
25.9900,397.7475
26.0000,387.9650
26.0100,362.6175
26.0200,363.0025
26.0300,405.3450
26.0400,407.0025
26.0500,358.7375
26.0600,359.3200
26.0700,374.9500
26.0800,370.6925
26.0900,378.9550
26.1000,388.9475
26.1100,369.1425
26.1200,384.5275
26.1300,368.8225
26.1400,378.5525
26.1500,409.6900
26.1600,374.7725
26.1700,429.2725
26.1800,401.1350
26.1900,361.1675
26.2000,401.0000
26.2100,453.9125
26.2200,412.7950
26.2300,359.5050
26.2400,365.1125
26.2500,422.5700
26.2600,418.2425
26.2700,372.6125
26.2800,372.5350
26.2900,376.2650
26.3000,400.0975
26.3100,391.6275
26.3200,401.6950
26.3300,417.9375
26.3400,411.2450
26.3500,418.7475
26.3600,425.8250
26.3700,412.1150
26.3800,450.7075
26.3900,439.2375
26.4000,462.7875
26.4100,431.8700
26.4200,420.8725
26.4300,425.7875
26.4400,412.2075
26.4500,418.6675
26.4600,385.3650
26.4700,411.7200
26.4800,410.9050
26.4900,424.3925
26.5000,472.6775
26.5100,482.8725
26.5200,400.0950
26.5300,423.9450
26.5400,438.5950
26.5500,408.5150
26.5600,357.5800
26.5700,381.4275
26.5800,389.5200
26.5900,358.6325
26.6000,364.7300
26.6100,378.0525
26.6200,382.8425
26.6300,408.9025
26.6400,419.0100
26.6500,394.4800
26.6600,381.5000
26.6700,351.6975
26.6800,349.4950
26.6900,378.2500
26.7000,357.9325
26.7100,358.9725
26.7200,351.5500
26.7300,344.3725
26.7400,377.0725
26.7500,400.1875
26.7600,366.8525
26.7700,343.1775
26.7800,340.0000
26.7900,351.1925
26.8000,381.2875
26.8100,330.8100
26.8200,345.1125
26.8300,358.3625
26.8400,343.2900
26.8500,348.3475
26.8600,369.4575
26.8700,373.3325
26.8800,337.2700
26.8900,346.6300
26.9000,377.6875
26.9100,372.2700
26.9200,320.2575
26.9300,312.7600
26.9400,362.9800
26.9500,362.3125
26.9600,354.4950
26.9700,369.8350
26.9800,301.9000
26.9900,333.3275
27.0000,392.6900
27.0100,332.1100
27.0200,354.9800
27.0300,366.0675
27.0400,377.5925
27.0500,396.3725
27.0600,386.3700
27.0700,358.8225
27.0800,356.0550
27.0900,332.2050
27.1000,345.6725
27.1100,379.8375
27.1200,378.5375
27.1300,344.1800
27.1400,347.4850
27.1500,366.2125
27.1600,334.9100
27.1700,375.2050
27.1800,375.8900
27.1900,376.0250
27.2000,355.1575
27.2100,350.0000
27.2200,371.4650
27.2300,371.3050
27.2400,378.0325
27.2500,393.3750
27.2600,369.9425
27.2700,355.3250
27.2800,393.3400
27.2900,429.9775
27.3000,428.6825
27.3100,394.7575
27.3200,402.6050
27.3300,435.8575
27.3400,451.2875
27.3500,434.7950
27.3600,480.2675
27.3700,527.6925
27.3800,573.6300
27.3900,546.4075
27.4000,594.6350
27.4100,631.0575
27.4200,636.6675
27.4300,691.8325
27.4400,740.7825
27.4500,770.9725
27.4600,902.3725
27.4700,920.9700
27.4800,934.9600
27.4900,929.5575
27.5000,1007.5200
27.5100,1066.4775
27.5200,1019.4050
27.5300,979.9325
27.5400,1009.6975
27.5500,949.9425
27.5600,875.5675
27.5700,875.5350
27.5800,815.3325
27.5900,755.3225
27.6000,673.6375
27.6100,624.9675
27.6200,608.9400
27.6300,611.8125
27.6400,569.6325
27.6500,497.6050
27.6600,472.3050
27.6700,449.5000
27.6800,425.4150
27.6900,450.6875
27.7000,457.4450
27.7100,456.6675
27.7200,423.5275
27.7300,446.4375
27.7400,441.4050
27.7500,413.7975
27.7600,383.8200
27.7700,374.1300
27.7800,411.3300
27.7900,415.7425
27.8000,380.4725
27.8100,357.3750
27.8200,370.9900
27.8300,371.6275
27.8400,397.6875
27.8500,401.6375
27.8600,410.0475
27.8700,410.8250
27.8800,357.3700
27.8900,395.0775
27.9000,400.8300
27.9100,404.1600
27.9200,404.1700
27.9300,408.3200
27.9400,410.0000
27.9500,375.1750
27.9600,365.8175
27.9700,386.5225
27.9800,393.3325
27.9900,418.1000
28.0000,441.5100
28.0100,404.6550
28.0200,399.8750
28.0300,391.0025
28.0400,359.5700
28.0500,369.6850
28.0600,344.7125
28.0700,377.5275
28.0800,373.7125
28.0900,398.5150
28.1000,412.4475
28.1100,398.6675
28.1200,417.7525
28.1300,414.4700
28.1400,412.4375
28.1500,442.5375
28.1600,443.6100
28.1700,469.1400
28.1800,448.4650
28.1900,410.0125
28.2000,431.4650
28.2100,453.0050
28.2200,422.8575
28.2300,402.7625
28.2400,392.7700
28.2500,428.5100
28.2600,448.1425
28.2700,447.5975
28.2800,437.0700
28.2900,428.5400
28.3000,469.7500
28.3100,486.6675
28.3200,496.2200
28.3300,490.4575
28.3400,469.9875
28.3500,477.6150
28.3600,483.3325
28.3700,473.8350
28.3800,467.6275
28.3900,492.7300
28.4000,538.8325
28.4100,548.6050
28.4200,567.9175
28.4300,602.6125
28.4400,608.6225
28.4500,625.4925
28.4600,668.5925
28.4700,680.9850
28.4800,778.4975
28.4900,866.8500
28.5000,933.4625
28.5100,979.0425
28.5200,1034.3550
28.5300,1174.5850
28.5400,1266.2600
28.5500,1267.0475
28.5600,1404.0700
28.5700,1522.3725
28.5800,1569.8500
28.5900,1661.0475
28.6000,1782.2475
28.6100,1907.7900
28.6200,1997.4350
28.6300,2070.7075
28.6400,2201.5400
28.6500,2282.1950
28.6600,2241.5425
28.6700,2306.1400
28.6800,2461.2425
28.6900,2410.3375
28.7000,2509.6475
28.7100,2569.8175
28.7200,2694.3900
28.7300,2757.8900
28.7400,2760.0000
28.7500,2814.5450
28.7600,2828.6500
28.7700,2757.5800
28.7800,2640.6100
28.7900,2468.8050
28.8000,2408.9250
28.8100,2326.5050
28.8200,2257.3650
28.8300,2232.0775
28.8400,2215.4250
28.8500,2281.8675
28.8600,2312.1800
28.8700,2386.1775
28.8800,2474.8025
28.8900,2464.2375
28.9000,2506.9425
28.9100,2621.3975
28.9200,2776.9150
28.9300,2866.7000
28.9400,3087.7325
28.9500,3267.6675
28.9600,3286.7200
28.9700,3261.1700
28.9800,3224.5900
28.9900,3258.5825
29.0000,3342.8850
29.0100,3446.0300
29.0200,3434.9275
29.0300,3313.3050
29.0400,3254.5525
29.0500,3258.7700
29.0600,3243.6275
29.0700,3198.3425
29.0800,3136.3175
29.0900,3012.9850
29.1000,2855.4175
29.1100,2723.8350
29.1200,2587.7025
29.1300,2352.1500
29.1400,2214.3075
29.1500,2212.8225
29.1600,2221.1700
29.1700,2198.4000
29.1800,2296.6925
29.1900,2460.0925
29.2000,2712.4975
29.2100,3123.0550
29.2200,3504.6625
29.2300,3979.2300
29.2400,4604.9225
29.2500,5247.5275
29.2600,5938.9625
29.2700,6620.2475
29.2800,7491.5700
29.2900,8430.9075
29.3000,9335.9275
29.3100,10019.9150
29.3200,10861.4025
29.3300,11823.7025
29.3400,12754.4900
29.3500,13405.8775
29.3600,13791.2500
29.3700,14103.7925
29.3800,14296.6100
29.3900,14210.9650
29.4000,13818.5750
29.4100,13161.8000
29.4200,12330.7725
29.4300,11367.8675
29.4400,10248.8775
29.4500,9060.2400
29.4600,8013.6275
29.4700,7162.5400
29.4800,6301.7350
29.4900,5482.9175
29.5000,4667.1475
29.5100,3945.2975
29.5200,3323.9450
29.5300,2697.1300
29.5400,2197.7850
29.5500,1830.0625
29.5600,1584.8900
29.5700,1429.1675
29.5800,1263.9075
29.5900,1166.7150
29.6000,1100.9250
29.6100,1012.8200
29.6200,911.4050
29.6300,884.2575
29.6400,850.6175
29.6500,809.1125
29.6600,763.4825
29.6700,746.0775
29.6800,750.0000
29.6900,743.9375
29.7000,788.4325
29.7100,747.4475
29.7200,687.9250
29.7300,680.0000
29.7400,708.1025
29.7500,672.5400
29.7600,654.6850
29.7700,652.6725
29.7800,625.3625
29.7900,603.3625
29.8000,654.4150
29.8100,659.5275
29.8200,640.6375
29.8300,599.7025
29.8400,571.9800
29.8500,569.3775
29.8600,560.7400
29.8700,546.8050
29.8800,541.9700
29.8900,555.1375
29.9000,596.7300
29.9100,600.3825
29.9200,592.5450
29.9300,553.6225
29.9400,550.6875
29.9500,579.7550
29.9600,600.3050
29.9700,610.0000
29.9800,600.2850
29.9900,604.9750
30.0000,603.6450
30.0100,629.5650
30.0200,661.0625
30.0300,703.3325
30.0400,780.1050
30.0500,807.0450
30.0600,896.0875
30.0700,1020.4025
30.0800,1048.5025
30.0900,1061.0500
30.1000,1116.8000
30.1100,1224.9125
30.1200,1336.6950
30.1300,1428.0500
30.1400,1574.9900
30.1500,1690.8250
30.1600,1769.7275
30.1700,1859.2025
30.1800,1904.2250
30.1900,1966.6125
30.2000,2030.7275
30.2100,2088.0650
30.2200,2163.2175
30.2300,2204.1725
30.2400,2174.4000
30.2500,2131.6975
30.2600,2140.5525
30.2700,2151.0700
30.2800,2196.9675
30.2900,2206.9000
30.3000,2138.7500
30.3100,2077.3625
30.3200,1982.5725
30.3300,1875.2425
30.3400,1812.6550
30.3500,1769.3575
30.3600,1720.5325
30.3700,1742.6425
30.3800,1770.8175
30.3900,1770.6675
30.4000,1857.2325
30.4100,1990.9825
30.4200,1986.4200
30.4300,1982.2425
30.4400,2083.7125
30.4500,2205.7375
30.4600,2368.6050
30.4700,2598.0300
30.4800,2883.1575
30.4900,3249.2125
30.5000,3607.8050
30.5100,4009.4450
30.5200,4586.2075
30.5300,5195.3825
30.5400,5673.7050
30.5500,6076.7150
30.5600,6447.5375
30.5700,6620.9525
30.5800,6668.9950
30.5900,6577.1525
30.6000,6361.5575
30.6100,6112.2350
30.6200,5790.5650
30.6300,5548.7975
30.6400,5031.1625
30.6500,4301.6225
30.6600,3952.0525
30.6700,3648.2650
30.6800,3305.8325
30.6900,3019.1875
30.7000,2667.7150
30.7100,2256.9650
30.7200,1848.1200
30.7300,1558.1325
30.7400,1331.6475
30.7500,1197.2650
30.7600,1154.2475
30.7700,1124.5400
30.7800,1042.4100
30.7900,931.7600
30.8000,864.1325
30.8100,822.7825
30.8200,794.6325
30.8300,762.7350
30.8400,741.6200
30.8500,746.8450
30.8600,731.1225
30.8700,706.5875
30.8800,703.3325
30.8900,710.1350
30.9000,731.9475
30.9100,729.7150
30.9200,711.6400
30.9300,693.1000
30.9400,688.4775
30.9500,701.6850
30.9600,710.0625
30.9700,723.3850
30.9800,709.8800
30.9900,700.0450
31.0000,736.7425
31.0100,773.3450
31.0200,725.0200
31.0300,653.3600
31.0400,601.8025
31.0500,599.8125
31.0600,635.0100
31.0700,600.2775
31.0800,579.8675
31.0900,573.5625
31.1000,513.8575
31.1100,448.7000
31.1200,423.3325
31.1300,441.3400
31.1400,466.5375
31.1500,455.3850
31.1600,449.6975
31.1700,471.4650
31.1800,454.0225
31.1900,439.6350
31.2000,446.8600
31.2100,444.8475
31.2200,469.3575
31.2300,440.0775
31.2400,367.3725
31.2500,375.5600
31.2600,379.4250
31.2700,385.1975
31.2800,410.5550
31.2900,414.2075
31.3000,433.3325
31.3100,431.7450
31.3200,453.8000
31.3300,470.4975
31.3400,450.5125
31.3500,414.7425
31.3600,383.5150
31.3700,387.8675
31.3800,412.3750
31.3900,430.0000
31.4000,445.6550
31.4100,464.8950
31.4200,447.9450
31.4300,420.4375
31.4400,416.4425
31.4500,399.8200
31.4600,381.3150
31.4700,391.3075
31.4800,404.3875
31.4900,424.1250
31.5000,424.3550
31.5100,425.3650
31.5200,414.1925
31.5300,380.0000
31.5400,401.3975
31.5500,441.9250
31.5600,438.6750
31.5700,413.3325
31.5800,411.8150
31.5900,405.4550
31.6000,407.5625
31.6100,430.2575
31.6200,437.6225
31.6300,407.1050
31.6400,383.3325
31.6500,405.8250
31.6600,442.3150
31.6700,447.3575
31.6800,435.5250
31.6900,404.6900
31.7000,389.6825
31.7100,420.3850
31.7200,443.7000
31.7300,449.2750
31.7400,434.0975
31.7500,417.8275
31.7600,406.6675
31.7700,419.8775
31.7800,443.9925
31.7900,432.8575
31.8000,390.6075
31.8100,393.3175
31.8200,416.0600
31.8300,395.0500
31.8400,382.9000
31.8500,380.8800
31.8600,405.1050
31.8700,429.3675
31.8800,405.2275
31.8900,390.4075
31.9000,370.4650
31.9100,356.6500
31.9200,356.1875
31.9300,371.9075
31.9400,372.8450
31.9500,361.0425
31.9600,340.0000
31.9700,359.8125
31.9800,381.0175
31.9900,371.9225
32.0000,375.6300
32.0100,376.3100
32.0200,372.2750
32.0300,386.9975
32.0400,392.4750
32.0500,392.2425
32.0600,398.6075
32.0700,380.0000
32.0800,377.4625
32.0900,420.5050
32.1000,413.7600
32.1100,355.9900
32.1200,336.2975
32.1300,354.1200
32.1400,364.1125
32.1500,353.5850
32.1600,332.7300
32.1700,338.0300
32.1800,342.7200
32.1900,361.6000
32.2000,392.8175
32.2100,387.7350
32.2200,364.0500
32.2300,398.2875
32.2400,434.6225
32.2500,386.4125
32.2600,332.0225
32.2700,350.6925
32.2800,376.0050
32.2900,401.9825
32.3000,412.0275
32.3100,397.3475
32.3200,392.0100
32.3300,386.0375
32.3400,376.0450
32.3500,368.6850
32.3600,361.4150
32.3700,348.0925
32.3800,343.9225
32.3900,365.6625
32.4000,379.5800
32.4100,356.8325
32.4200,357.0450
32.4300,379.8075
32.4400,380.9550
32.4500,369.2450
32.4600,364.3250
32.4700,360.2750
32.4800,372.8225
32.4900,362.8300
32.5000,365.6025
32.5100,374.9050
32.5200,378.1075
32.5300,397.9350
32.5400,384.8075
32.5500,370.1075
32.5600,384.1450
32.5700,376.2250
32.5800,382.5550
32.5900,418.3700
32.6000,448.3350
32.6100,447.9325
32.6200,427.1075
32.6300,424.1225
32.6400,446.5875
32.6500,444.7725
32.6600,407.1600
32.6700,404.0600
32.6800,404.3700
32.6900,396.8300
32.7000,432.2425
32.7100,430.1200
32.7200,386.3425
32.7300,360.5350
32.7400,341.2350
32.7500,379.9925
32.7600,410.5850
32.7700,418.5075
32.7800,394.3525
32.7900,390.6850
32.8000,420.1500
32.8100,403.8425
32.8200,409.5075
32.8300,382.3800
32.8400,367.3575
32.8500,394.9650
32.8600,405.2700
32.8700,388.4050
32.8800,386.2875
32.8900,406.4750
32.9000,403.5175
32.9100,428.7175
32.9200,448.1600
32.9300,399.0375
32.9400,375.1075
32.9500,390.5800
32.9600,357.4125
32.9700,345.7725
32.9800,362.4250
32.9900,377.9300
33.0000,395.8400
33.0100,397.3175
33.0200,363.2425
33.0300,371.4700
33.0400,413.6350
33.0500,419.5950
33.0600,373.2150
33.0700,347.5875
33.0800,324.4600
33.0900,345.7625
33.1000,392.2975
33.1100,411.1175
33.1200,409.9875
33.1300,406.6725
33.1400,407.7825
33.1500,396.6675
33.1600,402.1925
33.1700,396.7950
33.1800,376.5325
33.1900,409.9175
33.2000,440.8500
33.2100,453.7300
33.2200,406.6675
33.2300,420.8000
33.2400,456.5075
33.2500,450.5250
33.2600,401.3650
33.2700,398.4075
33.2800,422.4800
33.2900,410.9525
33.3000,414.6550
33.3100,395.8675
33.3200,381.0650
33.3300,396.0700
33.3400,426.5100
33.3500,428.0525
33.3600,408.2375
33.3700,391.0500
33.3800,402.7700
33.3900,435.8850
33.4000,474.8100
33.4100,485.4300
33.4200,448.1425
33.4300,438.7375
33.4400,440.2350
33.4500,434.3650
33.4600,437.6950
33.4700,455.3800
33.4800,484.8875
33.4900,466.1925
33.5000,443.8950
33.5100,431.0150
33.5200,441.4325
33.5300,471.1100
33.5400,490.6225
33.5500,493.7475
33.5600,517.2975
33.5700,475.0025
33.5800,484.2725
33.5900,511.4550
33.6000,463.9675
33.6100,495.1000
33.6200,555.5475
33.6300,577.6500
33.6400,575.0925
33.6500,567.2500
33.6600,571.7825
33.6700,573.6375
33.6800,632.8975
33.6900,694.7300
33.7000,678.4025
33.7100,659.6375
33.7200,691.9850
33.7300,730.5900
33.7400,791.5000
33.7500,831.9000
33.7600,870.4050
33.7700,1035.5550
33.7800,1191.9800
33.7900,1390.9425
33.8000,1652.6525
33.8100,2082.8875
33.8200,2417.3125
33.8300,2700.2600
33.8400,2846.2250
33.8500,3080.7400
33.8600,3360.3375
33.8700,3607.0175
33.8800,3843.2825
33.8900,4116.6150
33.9000,4465.0000
33.9100,4816.5900
33.9200,5014.9075
33.9300,5188.7175
33.9400,5279.2250
33.9500,5184.0300
33.9600,4996.0950
33.9700,4464.2250
33.9800,4003.2300
33.9900,3490.8925
34.0000,3140.6200
34.0100,2947.0250
34.0200,2699.5075
34.0300,2527.8525
34.0400,2308.5175
34.0500,2131.7600
34.0600,1786.7000
34.0700,1524.5950
34.0800,1295.6550
34.0900,1130.1200
34.1000,989.0050
34.1100,899.6575
34.1200,836.4850
34.1300,722.8625
34.1400,688.7100
34.1500,725.6675
34.1600,699.0875
34.1700,690.9000
34.1800,691.5150
34.1900,654.1425
34.2000,655.8975
34.2100,671.6225
34.2200,623.3225
34.2300,608.2775
34.2400,671.7275
34.2500,622.6175
34.2600,584.1200
34.2700,590.0950
34.2800,583.1025
34.2900,612.7200
34.3000,583.2550
34.3100,599.8225
34.3200,616.7650
34.3300,591.3475
34.3400,551.3700
34.3500,583.8775
34.3600,599.4800
34.3700,569.5025
34.3800,553.8100
34.3900,575.0850
34.4000,581.8275
34.4100,610.5675
34.4200,580.7825
34.4300,582.5525
34.4400,588.5625
34.4500,626.7550
34.4600,650.7200
34.4700,627.7100
34.4800,667.1650
34.4900,699.5475
34.5000,659.4400
34.5100,685.3250
34.5200,714.7075
34.5300,769.2050
34.5400,833.1250
34.5500,858.4075
34.5600,836.7350
34.5700,868.9500
34.5800,903.7150
34.5900,919.6300
34.6000,944.7650
34.6100,982.6875
34.6200,947.2650
34.6300,999.5900
34.6400,996.8925
34.6500,965.9650
34.6600,1016.8250
34.6700,1007.7450
34.6800,1057.1275
34.6900,1038.0800
34.7000,1017.3625
34.7100,1053.8250
34.7200,1026.3375
34.7300,952.7500
34.7400,917.5525
34.7500,929.8300
34.7600,895.0250
34.7700,798.0300
34.7800,735.8425
34.7900,705.4975
34.8000,647.9350
34.8100,630.4025
34.8200,591.2850
34.8300,572.4425
34.8400,530.0000
34.8500,530.6750
34.8600,527.9475
34.8700,495.2675
34.8800,453.3400
34.8900,455.3500
34.9000,412.6525
34.9100,431.2600
34.9200,450.1700
34.9300,397.9775
34.9400,398.1075
34.9500,372.7625
34.9600,361.8525
34.9700,377.5225
34.9800,347.5450
34.9900,323.3325
35.0000,330.3525
35.0100,364.4500
35.0200,385.2325
35.0300,381.9800
35.0400,338.9875
35.0500,357.7025
35.0600,345.1750
35.0700,387.3550
35.0800,348.5225
35.0900,352.3550
35.1000,337.0125
35.1100,357.6100
35.1200,377.2750
35.1300,374.5475
35.1400,345.1725
35.1500,337.7575
35.1600,404.5300
35.1700,400.4650
35.1800,359.0400
35.1900,370.0000
35.2000,366.4675
35.2100,352.3450
35.2200,367.4175
35.2300,384.3425
35.2400,369.2825
35.2500,350.5750
35.2600,352.7600
35.2700,348.2850
35.2800,341.1375
35.2900,339.8700
35.3000,312.3050
35.3100,337.7550
35.3200,331.1375
35.3300,352.2200
35.3400,351.6525
35.3500,373.3575
35.3600,356.6675
35.3700,357.2125
35.3800,365.9850
35.3900,401.0000
35.4000,411.4725
35.4100,344.6325
35.4200,323.0775
35.4300,355.0725
35.4400,343.4900
35.4500,335.6225
35.4600,375.9925
35.4700,336.1450
35.4800,339.5675
35.4900,376.4350
35.5000,388.7025
35.5100,360.7725
35.5200,350.2350
35.5300,370.0000
35.5400,365.4575
35.5500,349.0425
35.5600,396.5000
35.5700,367.7125
35.5800,318.6475
35.5900,347.2375
35.6000,445.1975
35.6100,433.2525
35.6200,419.6400
35.6300,448.4600
35.6400,398.0800
35.6500,392.8775
35.6600,433.3275
35.6700,461.3725
35.6800,510.4700
35.6900,520.8225
35.7000,558.7525
35.7100,505.8325
35.7200,492.9000
35.7300,580.2075
35.7400,617.4075
35.7500,585.8925
35.7600,635.9600
35.7700,712.6300
35.7800,685.3275
35.7900,673.1175
35.8000,653.5300
35.8100,682.3700
35.8200,717.8175
35.8300,703.7675
35.8400,719.1775
35.8500,812.7700
35.8600,889.4625
35.8700,978.7875
35.8800,986.5875
35.8900,967.6700
35.9000,1167.9200
35.9100,1223.7475
35.9200,1225.0200
35.9300,1199.0000
35.9400,1100.3300
35.9500,1122.6200
35.9600,1088.9075
35.9700,1057.4675
35.9800,1054.5900
35.9900,986.0500
36.0000,956.6675
36.0100,958.2275
36.0200,959.9200
36.0300,874.4725
36.0400,796.3300
36.0500,714.7650
36.0600,706.4250
36.0700,756.6675
36.0800,751.4425
36.0900,710.7425
36.1000,715.9300
36.1100,705.2425
36.1200,664.4850
36.1300,651.0000
36.1400,683.7975
36.1500,661.7825
36.1600,675.2525
36.1700,663.6850
36.1800,671.5525
36.1900,712.2925
36.2000,705.7425
36.2100,726.6675
36.2200,721.2375
36.2300,667.2675
36.2400,615.6750
36.2500,629.3600
36.2600,554.1000
36.2700,472.2925
36.2800,495.6075
36.2900,519.2475
36.3000,537.8900
36.3100,486.3500
36.3200,479.5500
36.3300,445.5250
36.3400,463.2500
36.3500,426.6100
36.3600,395.4725
36.3700,420.3075
36.3800,449.1425
36.3900,368.8550
36.4000,324.8150
36.4100,343.2300
36.4200,378.9975
36.4300,403.9100
36.4400,408.2800
36.4500,390.0000
36.4600,392.5350
36.4700,420.5600
36.4800,425.8350
36.4900,416.9425
36.5000,418.6400
36.5100,401.4450
36.5200,380.2675
36.5300,380.9475
36.5400,354.6475
36.5500,371.3025
36.5600,389.7625
36.5700,422.3225
36.5800,369.4950
36.5900,366.8425
36.6000,413.9725
36.6100,457.9225
36.6200,389.0250
36.6300,378.8375
36.6400,402.8450
36.6500,353.8075
36.6600,360.7025
36.6700,371.1575
36.6800,388.2725
36.6900,410.2275
36.7000,410.4150
36.7100,371.7775
36.7200,399.5250
36.7300,434.5625
36.7400,357.5275
36.7500,371.4900
36.7600,393.5425
36.7700,396.8750
36.7800,398.7675
36.7900,384.0650
36.8000,442.2475
36.8100,375.3175
36.8200,405.0975
36.8300,378.2550
36.8400,349.6175
36.8500,345.4125
36.8600,378.8800
36.8700,359.2625
36.8800,346.8475
36.8900,348.5625
36.9000,324.3975
36.9100,344.0325
36.9200,358.9100
36.9300,399.1500
36.9400,381.3200
36.9500,345.8150
36.9600,391.0500
36.9700,346.9875
36.9800,355.0750
36.9900,390.4675
37.0000,398.4625
37.0100,365.6075
37.0200,344.6750
37.0300,373.6275
37.0400,377.4025
37.0500,321.4200
37.0600,355.4275
37.0700,402.3725
37.0800,380.6750
37.0900,396.6675
37.1000,395.6250
37.1100,370.5125
37.1200,384.3375
37.1300,410.9850
37.1400,434.7325
37.1500,381.6750
37.1600,336.7825
37.1700,340.7975
37.1800,363.6675
37.1900,373.6600
37.2000,383.3325
37.2100,383.4375
37.2200,385.5425
37.2300,349.9000
37.2400,348.3250
37.2500,402.5725
37.2600,377.9675
37.2700,423.9675
37.2800,445.5200
37.2900,402.8175
37.3000,383.5000
37.3100,390.6500
37.3200,416.3500
37.3300,403.1800
37.3400,396.3700
37.3500,383.4775
37.3600,390.2075
37.3700,401.0075
37.3800,449.9350
37.3900,447.4175
37.4000,486.6075
37.4100,483.1025
37.4200,469.8325
37.4300,461.1200
37.4400,529.3875
37.4500,490.3900
37.4600,516.8975
37.4700,534.3025
37.4800,607.4175
37.4900,666.1150
37.5000,620.4825
37.5100,663.3675
37.5200,666.9275
37.5300,693.8175
37.5400,747.1975
37.5500,810.3075
37.5600,850.9075
37.5700,980.5250
37.5800,1064.1725
37.5900,1213.7250
37.6000,1293.4875
37.6100,1330.1525
37.6200,1373.7875
37.6300,1533.6050
37.6400,1660.0200
37.6500,1673.3800
37.6600,1733.3325
37.6700,1726.6700
37.6800,1803.2325
37.6900,1839.9275
37.7000,1766.8625
37.7100,1703.5475
37.7200,1700.0125
37.7300,1610.4275
37.7400,1510.5425
37.7500,1480.1825
37.7600,1436.9625
37.7700,1370.5000
37.7800,1366.6950
37.7900,1307.1975
37.8000,1389.2050
37.8100,1429.5900
37.8200,1400.3275
37.8300,1403.2950
37.8400,1390.1650
37.8500,1475.5425
37.8600,1410.9100
37.8700,1429.7125
37.8800,1515.3650
37.8900,1506.8250
37.9000,1673.8800
37.9100,1794.6175
37.9200,1832.6825
37.9300,2072.1800
37.9400,2423.2425
37.9500,2786.1375
37.9600,2927.2000
37.9700,3037.6700
37.9800,3017.1775
37.9900,2951.5025
38.0000,2725.3400
38.0100,2589.8525
38.0200,2576.9125
38.0300,2303.7375
38.0400,2196.0125
38.0500,2044.0800
38.0600,2030.2725
38.0700,1916.5975
38.0800,1971.6150
38.0900,1775.9650
38.1000,1608.3350
38.1100,1428.8575
38.1200,1345.8425
38.1300,1211.0450
38.1400,1109.9375
38.1500,974.5650
38.1600,857.3075
38.1700,760.0250
38.1800,747.0200
38.1900,769.1575
38.2000,725.0500
38.2100,739.3750
38.2200,804.1250
38.2300,768.2200
38.2400,776.2725
38.2500,831.0575
38.2600,852.5175
38.2700,840.5525
38.2800,919.8200
38.2900,999.9050
38.3000,1086.2275
38.3100,1150.5350
38.3200,1213.8250
38.3300,1223.0300
38.3400,1331.4300
38.3500,1431.9775
38.3600,1519.2125
38.3700,1586.7850
38.3800,1694.6225
38.3900,1848.9025
38.4000,2052.9525
38.4100,2170.8975
38.4200,2189.3125
38.4300,2114.1800
38.4400,2021.6050
38.4500,1997.7375
38.4600,1971.4475
38.4700,1777.8325
38.4800,1517.9700
38.4900,1484.4575
38.5000,1448.7550
38.5100,1430.9600
38.5200,1420.5825
38.5300,1310.2075
38.5400,1209.2925
38.5500,1165.7425
38.5600,1016.2100
38.5700,884.6725
38.5800,751.6325
38.5900,708.9725
38.6000,697.3025
38.6100,690.4275
38.6200,602.7250
38.6300,531.2575
38.6400,507.9925
38.6500,568.8725
38.6600,542.2525
38.6700,533.7875
38.6800,514.7100
38.6900,473.0150
38.7000,504.0925
38.7100,500.4725
38.7200,490.7150
38.7300,477.6300
38.7400,427.2200
38.7500,432.5975
38.7600,436.4200
38.7700,452.0850
38.7800,431.7625
38.7900,451.5575
38.8000,462.5650
38.8100,444.8825
38.8200,412.6050
38.8300,403.8575
38.8400,400.2650
38.8500,433.7300
38.8600,451.9875
38.8700,465.5800
38.8800,503.3825
38.8900,488.3225
38.9000,538.6075
38.9100,573.8650
38.9200,558.3600
38.9300,571.9100
38.9400,609.8925
38.9500,625.5100
38.9600,617.5400
38.9700,720.0275
38.9800,793.7950
38.9900,839.4650
39.0000,861.5350
39.0100,854.2400
39.0200,798.8075
39.0300,865.9800
39.0400,915.6800
39.0500,832.3425
39.0600,811.2525
39.0700,773.7800
39.0800,803.1775
39.0900,695.1500
39.1000,686.3450
39.1100,674.6275
39.1200,700.4000
39.1300,682.2975
39.1400,637.9575
39.1500,633.3325
39.1600,618.3400
39.1700,541.7500
39.1800,509.3775
39.1900,482.7275
39.2000,459.0700
39.2100,534.3550
39.2200,582.1500
39.2300,607.5525
39.2400,583.1675
39.2500,609.7925
39.2600,657.9925
39.2700,624.6575
39.2800,732.9700
39.2900,814.9950
39.3000,855.9875
39.3100,972.7250
39.3200,968.8800
39.3300,1061.4550
39.3400,1132.5350
39.3500,1113.3800
39.3600,1068.6200
39.3700,1004.2625
39.3800,1017.3275
39.3900,1046.5450
39.4000,1005.7925
39.4100,1044.1750
39.4200,1052.9425
39.4300,968.0525
39.4400,903.7725
39.4500,832.0650
39.4600,814.5300
39.4700,854.3850
39.4800,842.4200
39.4900,799.0075
39.5000,834.2950
39.5100,921.8625
39.5200,936.2550
39.5300,971.7000
39.5400,962.0800
39.5500,1050.3700
39.5600,1057.5075
39.5700,1053.7550
39.5800,1160.9600
39.5900,1284.2150
39.6000,1413.2800
39.6100,1560.6100
39.6200,1667.0100
39.6300,1935.0450
39.6400,2274.5300
39.6500,2453.1250
39.6600,2623.7125
39.6700,2672.6750
39.6800,2731.5325
39.6900,2644.7775
39.7000,2526.1950
39.7100,2253.5600
39.7200,2034.8200
39.7300,1888.7050
39.7400,1849.8750
39.7500,1800.7000
39.7600,1678.5000
39.7700,1662.8675
39.7800,1485.6025
39.7900,1468.1250
39.8000,1364.0900
39.8100,1129.2825
39.8200,1036.1700
39.8300,946.6950
39.8400,833.4425
39.8500,659.8100
39.8600,590.5850
39.8700,563.4000
39.8800,531.5425
39.8900,557.9450
39.9000,537.7600
39.9100,536.1725
39.9200,499.7825
39.9300,484.8275
39.9400,477.6675
39.9500,439.8625
39.9600,444.6500
39.9700,432.5325
39.9800,458.2475
39.9900,454.8650
40.0000,475.8975
40.0100,395.4425
40.0200,368.7350
40.0300,377.9250
40.0400,405.3100
40.0500,443.7225
40.0600,480.8900
40.0700,436.1575
40.0800,407.0375
40.0900,420.1450
40.1000,403.7350
40.1100,422.3825
40.1200,376.3425
40.1300,366.6675
40.1400,380.6250
40.1500,352.6475
40.1600,355.0300
40.1700,356.6675
40.1800,345.5325
40.1900,426.7725
40.2000,382.1900
40.2100,370.0000
40.2200,386.6500
40.2300,381.6800
40.2400,391.0850
40.2500,448.7125
40.2600,432.3300
40.2700,376.8975
40.2800,386.0075
40.2900,390.0000
40.3000,370.6875
40.3100,399.7475
40.3200,390.1375
40.3300,403.1825
40.3400,409.4175
40.3500,431.9875
40.3600,417.4400
40.3700,377.6550
40.3800,400.1675
40.3900,431.3300
40.4000,439.4050
40.4100,426.3175
40.4200,428.8025
40.4300,427.2675
40.4400,421.2050
40.4500,400.9025
40.4600,407.5725
40.4700,412.7250
40.4800,448.7200
40.4900,481.1475
40.5000,500.2575
40.5100,500.6175
40.5200,543.4250
40.5300,526.2125
40.5400,479.3500
40.5500,456.4600
40.5600,480.3925
40.5700,529.9300
40.5800,540.0000
40.5900,540.0000
40.6000,572.3750
40.6100,558.4325
40.6200,582.9650
40.6300,590.0000
40.6400,595.3800
40.6500,690.7400
40.6600,780.4775
40.6700,882.5475
40.6800,973.0600
40.6900,1081.1125
40.7000,1172.9550
40.7100,1248.8675
40.7200,1394.3500
40.7300,1672.4700
40.7400,1848.1350
40.7500,2031.3975
40.7600,2323.2500
40.7700,2485.2275
40.7800,2579.2075
40.7900,2780.1925
40.8000,3047.2650
40.8100,3307.8325
40.8200,3452.8850
40.8300,3352.0300
40.8400,3420.6950
40.8500,3467.8500
40.8600,3386.0200
40.8700,3188.8350
40.8800,2937.2625
40.8900,2624.6200
40.9000,2514.4600
40.9100,2469.0650
40.9200,2296.6925
40.9300,2161.2125
40.9400,2013.0550
40.9500,1948.4625
40.9600,1800.8175
40.9700,1640.0000
40.9800,1517.5125
40.9900,1286.3375
41.0000,1148.8350
41.0100,988.0050
41.0200,887.2575
41.0300,778.5700
41.0400,693.2950
41.0500,595.8075
41.0600,594.1850
41.0700,545.3075
41.0800,516.9875
41.0900,547.1400
41.1000,564.4625
41.1100,522.5250
41.1200,481.4575
41.1300,478.5200
41.1400,464.4550
41.1500,434.1125
41.1600,449.9475
41.1700,435.9875
41.1800,448.0800
41.1900,440.4275
41.2000,400.5600
41.2100,408.0400
41.2200,436.5100
41.2300,448.4800
41.2400,419.1450
41.2500,433.1250
41.2600,483.6450
41.2700,440.2275
41.2800,364.3725
41.2900,364.5975
41.3000,359.7625
41.3100,369.4550
41.3200,401.4475
41.3300,397.2300
41.3400,385.6775
41.3500,375.6825
41.3600,373.3325
41.3700,408.9800
41.3800,402.1900
41.3900,381.4125
41.4000,379.2075
41.4100,400.3075
41.4200,404.1300
41.4300,413.4725
41.4400,404.0025
41.4500,372.1625
41.4600,408.8525
41.4700,423.3325
41.4800,410.7075
41.4900,424.3275
41.5000,450.1700
41.5100,461.7050
41.5200,407.9500
41.5300,405.0925
41.5400,420.0550
41.5500,405.7525
41.5600,417.5675
41.5700,413.3025
41.5800,404.9875
41.5900,410.8450
41.6000,393.3150
41.6100,414.1700
41.6200,400.8475
41.6300,395.8300
41.6400,439.0750
41.6500,420.9275
41.6600,414.9825
41.6700,424.1325
41.6800,394.3350
41.6900,425.5800
41.7000,452.4150
41.7100,454.1850
41.7200,455.8125
41.7300,421.9800
41.7400,432.2800
41.7500,442.4750
41.7600,426.0300
41.7700,410.1200
41.7800,421.4750
41.7900,426.6675
41.8000,434.0600
41.8100,444.0550
41.8200,471.2725
41.8300,497.2125
41.8400,515.6175
41.8500,564.1900
41.8600,606.9850
41.8700,631.3750
41.8800,670.9600
41.8900,698.0200
41.9000,793.8250
41.9100,914.6450
41.9200,1010.1575
41.9300,1043.0950
41.9400,1207.5925
41.9500,1400.6700
41.9600,1581.4675
41.9700,1780.8275
41.9800,1858.5450
41.9900,1893.3850
42.0000,2056.2450
42.0100,2227.3225
42.0200,2308.7750
42.0300,2260.3725
42.0400,2236.6675
42.0500,2248.7550
42.0600,2200.1800
42.0700,2151.0300
42.0800,2156.8875
42.0900,1972.9000
42.1000,1791.6075
42.1100,1689.8275
42.1200,1635.4025
42.1300,1572.8675
42.1400,1471.6875
42.1500,1408.8050
42.1600,1351.1100
42.1700,1242.2900
42.1800,1101.3300
42.1900,949.9575
42.2000,832.5650
42.2100,757.9500
42.2200,732.8400
42.2300,698.9950
42.2400,574.6625
42.2500,465.7050
42.2600,485.2100
42.2700,543.7525
42.2800,545.7450
42.2900,485.3975
42.3000,434.8675
42.3100,430.4450
42.3200,442.8075
42.3300,404.0650
42.3400,400.8575
42.3500,446.8400
42.3600,489.3075
42.3700,490.5625
42.3800,484.3100
42.3900,502.1800
42.4000,505.2925
42.4100,496.2775
42.4200,498.0350
42.4300,511.7425
42.4400,509.6250
42.4500,513.7025
42.4600,526.0400
42.4700,558.0975
42.4800,548.9425
42.4900,549.3525
42.5000,558.0050
42.5100,590.3475
42.5200,570.6775
42.5300,607.9450
42.5400,623.0125
42.5500,603.7100
42.5600,615.2700
42.5700,639.6000
42.5800,642.0225
42.5900,695.6825
42.6000,694.4975
42.6100,618.4700
42.6200,620.0925
42.6300,654.1500
42.6400,670.2675
42.6500,714.9050
42.6600,694.1025
42.6700,658.2200
42.6800,622.3500
42.6900,589.2775
42.7000,538.5875
42.7100,524.5975
42.7200,499.1000
42.7300,546.3450
42.7400,580.2150
42.7500,496.2425
42.7600,449.7975
42.7700,476.4150
42.7800,492.2875
42.7900,463.6300
42.8000,415.7525
42.8100,368.0625
42.8200,353.3325
42.8300,408.0025
42.8400,431.0575
42.8500,420.9025
42.8600,409.8500
42.8700,372.6025
42.8800,338.5125
42.8900,366.2775
42.9000,396.9275
42.9100,387.4850
42.9200,402.6225
42.9300,402.0300
42.9400,392.1500
42.9500,419.3400
42.9600,404.0150
42.9700,385.4925
42.9800,383.3325
42.9900,432.8350
43.0000,481.3975
43.0100,459.6350
43.0200,427.6200
43.0300,467.1075
43.0400,485.5175
43.0500,456.4575
43.0600,427.6675
43.0700,446.8350
43.0800,453.2950
43.0900,465.6300
43.1000,444.3275
43.1100,467.9000
43.1200,457.7050
43.1300,429.9775
43.1400,445.5775
43.1500,441.1075
43.1600,442.2175
43.1700,431.1325
43.1800,398.9400
43.1900,428.7675
43.2000,463.2850
43.2100,425.7500
43.2200,414.3875
43.2300,384.6550
43.2400,349.0075
43.2500,344.4125
43.2600,320.2200
43.2700,339.7000
43.2800,394.0775
43.2900,386.9475
43.3000,353.5575
43.3100,347.7250
43.3200,389.4900
43.3300,423.1525
43.3400,394.9525
43.3500,365.7225
43.3600,384.0575
43.3700,403.2225
43.3800,402.3000
43.3900,386.9075
43.4000,419.2475
43.4100,440.0000
43.4200,433.4675
43.4300,430.0000
43.4400,423.4775
43.4500,437.3775
43.4600,451.0075
43.4700,448.9950
43.4800,420.6600
43.4900,408.8325
43.5000,442.4575
43.5100,427.5675
43.5200,422.9625
43.5300,447.2700
43.5400,450.1950
43.5500,442.3550
43.5600,437.8450
43.5700,432.3625
43.5800,473.0125
43.5900,479.4750
43.6000,450.6750
43.6100,470.0400
43.6200,499.5300
43.6300,472.3875
43.6400,474.7400
43.6500,486.6675
43.6600,501.6300
43.6700,520.6800
43.6800,539.4725
43.6900,555.1975
43.7000,564.2625
43.7100,590.0900
43.7200,635.2500
43.7300,680.9725
43.7400,681.7950
43.7500,660.5975
43.7600,651.2125
43.7700,647.8800
43.7800,661.4925
43.7900,646.7200
43.8000,639.6775
43.8100,636.9950
43.8200,624.8875
43.8300,607.3400
43.8400,583.1325
43.8500,604.9325
43.8600,625.4375
43.8700,635.0800
43.8800,629.4900
43.8900,596.0300
43.9000,565.3100
43.9100,592.3175
43.9200,642.6700
43.9300,634.8725
43.9400,657.6600
43.9500,711.3600
43.9600,673.5950
43.9700,614.9500
43.9800,597.9150
43.9900,600.8350
44.0000,684.5600
44.0100,729.1700
44.0200,705.8725
44.0300,768.1400
44.0400,840.3250
44.0500,879.4900
44.0600,938.9450
44.0700,1028.8150
44.0800,1052.1775
44.0900,1055.7450
44.1000,1059.2000
44.1100,1102.1050
44.1200,1134.1275
44.1300,1101.6100
44.1400,1125.3325
44.1500,1128.6250
44.1600,1094.8150
44.1700,1075.1100
44.1800,1039.1850
44.1900,1028.2100
44.2000,959.4875
44.2100,892.8375
44.2200,861.5675
44.2300,809.0675
44.2400,807.8725
44.2500,868.2900
44.2600,890.5400
44.2700,876.4650
44.2800,890.3875
44.2900,927.7800
44.3000,947.4050
44.3100,921.5225
44.3200,862.6800
44.3300,826.5100
44.3400,817.9700
44.3500,786.2475
44.3600,780.8525
44.3700,749.5000
44.3800,699.0525
44.3900,673.2250
44.4000,632.3200
44.4100,581.7375
44.4200,569.3850
44.4300,579.3800
44.4400,587.3625
44.4500,604.0900
44.4600,651.5450
44.4700,642.5025
44.4800,607.9500
44.4900,587.9600
44.5000,553.9325
44.5100,532.6600
44.5200,517.9875
44.5300,459.9850
44.5400,430.6650
44.5500,477.2800
44.5600,478.7225
44.5700,420.1100
44.5800,399.3125
44.5900,417.2750
44.6000,440.5975
44.6100,438.0700
44.6200,392.2475
44.6300,396.4500
44.6400,434.5225
44.6500,426.8425
44.6600,403.4275
44.6700,404.5850
44.6800,394.1750
44.6900,373.4500
44.7000,382.4675
44.7100,373.5975
44.7200,379.7200
44.7300,373.6275
44.7400,365.9075
44.7500,377.8700
44.7600,379.4000
44.7700,386.4900
44.7800,403.1500
44.7900,400.1900
44.8000,405.0950
44.8100,401.5800
44.8200,397.2475
44.8300,431.2950
44.8400,470.9225
44.8500,502.8625
44.8600,540.0850
44.8700,539.1175
44.8800,550.0500
44.8900,609.5025
44.9000,692.5325
44.9100,737.7775
44.9200,751.1050
44.9300,754.7250
44.9400,761.0925
44.9500,749.2225
44.9600,756.0350
44.9700,746.7750
44.9800,718.3950
44.9900,710.0000
45.0000,623.0975
45.0100,590.8750
45.0200,580.5525
45.0300,543.1800
45.0400,594.9450
45.0500,580.3575
45.0600,515.5200
45.0700,557.6325
45.0800,584.6425
45.0900,542.6425
45.1000,496.9975
45.1100,493.4075
45.1200,468.8825
45.1300,420.3825
45.1400,393.7775
45.1500,394.3050
45.1600,388.5500
45.1700,351.3975
45.1800,337.6225
45.1900,354.7575
45.2000,344.3075
45.2100,368.0225
45.2200,394.7675
45.2300,361.0600
45.2400,349.9450
45.2500,354.3125
45.2600,346.2125
45.2700,350.9050
45.2800,369.9050
45.2900,398.9000
45.3000,405.7800
45.3100,390.5650
45.3200,358.8175
45.3300,353.1900
45.3400,372.7475
45.3500,364.9475
45.3600,362.7350
45.3700,370.0000
45.3800,373.7550
45.3900,380.4175
45.4000,396.4550
45.4100,419.7800
45.4200,416.8975
45.4300,408.5375
45.4400,419.3450
45.4500,409.8575
45.4600,428.3950
45.4700,434.6825
45.4800,405.0900
45.4900,382.1600
45.5000,386.3600
45.5100,398.5250
45.5200,392.5675
45.5300,366.2425
45.5400,361.1325
45.5500,386.6875
45.5600,392.5900
45.5700,366.3025
45.5800,346.3000
45.5900,343.3325
45.6000,374.7375
45.6100,394.4625
45.6200,386.3100
45.6300,396.2375
45.6400,388.2475
45.6500,365.9700
45.6600,380.2325
45.6700,404.0175
45.6800,432.0400
45.6900,457.3400
45.7000,487.1750
45.7100,499.3375
45.7200,511.6450
45.7300,521.1775
45.7400,531.2950
45.7500,583.5325
45.7600,622.1450
45.7700,613.8950
45.7800,588.7475
45.7900,616.7500
45.8000,677.3100
45.8100,652.6975
45.8200,626.0600
45.8300,651.2000
45.8400,632.4725
45.8500,593.9675
45.8600,612.3375
45.8700,607.6850
45.8800,567.0425
45.8900,571.4225
45.9000,597.5125
45.9100,613.8925
45.9200,614.5850
45.9300,629.8400
45.9400,634.0500
45.9500,625.1350
45.9600,619.4675
45.9700,579.1625
45.9800,541.0150
45.9900,522.5575
46.0000,506.1550
46.0100,496.4125
46.0200,489.7500
46.0300,463.3875
46.0400,434.3875
46.0500,419.5150
46.0600,427.6275
46.0700,420.3600
46.0800,408.6850
46.0900,425.8150
46.1000,438.4475
46.1100,429.3175
46.1200,405.7675
46.1300,404.0000
46.1400,423.9925
46.1500,403.1525
46.1600,346.5075
46.1700,327.0925
46.1800,351.0500
46.1900,348.9625
46.2000,329.7950
46.2100,344.3450
46.2200,375.9000
46.2300,367.0500
46.2400,353.7225
46.2500,370.5775
46.2600,367.6700
46.2700,335.5425
46.2800,337.7750
46.2900,344.3625
46.3000,305.2275
46.3100,301.0650
46.3200,304.2125
46.3300,288.2475
46.3400,305.9350
46.3500,339.0875
46.3600,358.5800
46.3700,354.5925
46.3800,360.6400
46.3900,340.1675
46.4000,313.4875
46.4100,332.3550
46.4200,346.6675
46.4300,341.4450
46.4400,376.6725
46.4500,418.5475
46.4600,421.5975
46.4700,413.0575
46.4800,375.4450
46.4900,376.1325
46.5000,424.1200
46.5100,436.4100
46.5200,428.2700
46.5300,435.3100
46.5400,445.0600
46.5500,462.2025
46.5600,473.2175
46.5700,449.3150
46.5800,426.5550
46.5900,426.7750
46.6000,433.4400
46.6100,434.9475
46.6200,423.0275
46.6300,423.6325
46.6400,423.0400
46.6500,435.6175
46.6600,442.9625
46.6700,436.8475
46.6800,433.0700
46.6900,413.0775
46.7000,413.5825
46.7100,385.7750
46.7200,346.5875
46.7300,336.5150
46.7400,343.6300
46.7500,383.9050
46.7600,386.1825
46.7700,356.5325
46.7800,351.7000
46.7900,365.2175
46.8000,397.0275
46.8100,411.5800
46.8200,406.6675
46.8300,377.8825
46.8400,321.2350
46.8500,301.7875
46.8600,331.9675
46.8700,356.7100
46.8800,349.8750
46.8900,348.4325
46.9000,344.8700
46.9100,324.9125
46.9200,320.0325
46.9300,336.7875
46.9400,329.8325
46.9500,318.3975
46.9600,336.7375
46.9700,339.9575
46.9800,338.3625
46.9900,338.3075
47.0000,341.7025
47.0100,356.6900
47.0200,393.4225
47.0300,425.0050
47.0400,384.9325
47.0500,338.3275
47.0600,335.0000
47.0700,339.9975
47.0800,364.9775
47.0900,376.6850
47.1000,371.6550
47.1100,360.0500
47.1200,361.5975
47.1300,380.0000
47.1400,383.3175
47.1500,391.6375
47.1600,428.1325
47.1700,436.8300
47.1800,424.9100
47.1900,464.7625
47.2000,519.7600
47.2100,546.6675
47.2200,553.2650
47.2300,591.3200
47.2400,620.0375
47.2500,613.3750
47.2600,619.8700
47.2700,628.3550
47.2800,625.0225
47.2900,613.4825
47.3000,570.5175
47.3100,561.2625
47.3200,583.3900
47.3300,570.1750
47.3400,556.7275
47.3500,545.1550
47.3600,497.4400
47.3700,497.5000
47.3800,531.8375
47.3900,511.9150
47.4000,513.0425
47.4100,515.2625
47.4200,483.7975
47.4300,448.6900
47.4400,441.4625
47.4500,438.6250
47.4600,413.6750
47.4700,401.6225
47.4800,406.5775
47.4900,387.3100
47.5000,373.0525
47.5100,357.4350
47.5200,334.8525
47.5300,341.6175
47.5400,343.3325
47.5500,353.0200
47.5600,352.0400
47.5700,344.8375
47.5800,358.0575
47.5900,365.0575
47.6000,364.9425
47.6100,358.6250
47.6200,345.1775
47.6300,367.3075
47.6400,390.2450
47.6500,394.5625
47.6600,400.2525
47.6700,393.3325
47.6800,410.9475
47.6900,439.6025
47.7000,443.6025
47.7100,403.1050
47.7200,365.0700
47.7300,377.7000
47.7400,394.9275
47.7500,403.0425
47.7600,406.8125
47.7700,406.5175
47.7800,414.7725
47.7900,431.1325
47.8000,456.0475
47.8100,444.5875
47.8200,410.3175
47.8300,420.7825
47.8400,417.8050
47.8500,379.0750
47.8600,357.0000
47.8700,359.4950
47.8800,387.3950
47.8900,406.6675
47.9000,398.7700
47.9100,375.7950
47.9200,380.5075
47.9300,401.7575
47.9400,362.1875
47.9500,315.2775
47.9600,319.4425
47.9700,322.1375
47.9800,346.3375
47.9900,378.6200
48.0000,367.0550
48.0100,345.8800
48.0200,334.7025
48.0300,358.8025
48.0400,373.7375
48.0500,354.1475
48.0600,343.1275
48.0700,354.4825
48.0800,338.3400
48.0900,316.2450
48.1000,329.5750
48.1100,353.8200
48.1200,370.2175
48.1300,346.4200
48.1400,335.7850
48.1500,362.4450
48.1600,373.5575
48.1700,380.8750
48.1800,373.1475
48.1900,353.1025
48.2000,362.8700
48.2100,401.0000
48.2200,427.3725
48.2300,407.3775
48.2400,426.0625
48.2500,473.9175
48.2600,476.0925
48.2700,473.9000
48.2800,486.9125
48.2900,500.3025
48.3000,524.6250
48.3100,505.3475
48.3200,468.9675
48.3300,469.2350
48.3400,486.1525
48.3500,507.1675
48.3600,535.6225
48.3700,548.4650
48.3800,540.5300
48.3900,553.2700
48.4000,578.2000
48.4100,586.1275
48.4200,657.6300
48.4300,768.5225
48.4400,784.0050
48.4500,762.5025
48.4600,805.4075
48.4700,828.0700
48.4800,813.0500
48.4900,809.0425
48.5000,766.4775
48.5100,703.8225
48.5200,629.4850
48.5300,564.2075
48.5400,554.8525
48.5500,579.4575
48.5600,585.4075
48.5700,576.6950
48.5800,596.6675
48.5900,616.3725
48.6000,623.3350
48.6100,579.1075
48.6200,562.1075
48.6300,557.0050
48.6400,524.2650
48.6500,495.2050
48.6600,450.6850
48.6700,393.1525
48.6800,352.1425
48.6900,343.6525
48.7000,330.9600
48.7100,332.0450
48.7200,360.2100
48.7300,376.6675
48.7400,367.6475
48.7500,349.1550
48.7600,336.9975
48.7700,328.8325
48.7800,338.3300
48.7900,334.1825
48.8000,324.6425
48.8100,345.1700
48.8200,331.3625
48.8300,322.6500
48.8400,341.9575
48.8500,352.1850
48.8600,340.6950
48.8700,354.2250
48.8800,351.6625
48.8900,328.5925
48.9000,356.7400
48.9100,371.8450
48.9200,368.5125
48.9300,390.4625
48.9400,422.9725
48.9500,420.7250
48.9600,411.8475
48.9700,404.0650
48.9800,395.1825
48.9900,406.6750
49.0000,417.4075
49.0100,426.2900
49.0200,457.0275
49.0300,475.9175
49.0400,467.0700
49.0500,462.9200
49.0600,496.6250
49.0700,497.0975
49.0800,486.9925
49.0900,491.1525
49.1000,477.0525
49.1100,480.6975
49.1200,488.5275
49.1300,467.5400
49.1400,441.8625
49.1500,467.9250
49.1600,498.9275
49.1700,497.7375
49.1800,528.2775
49.1900,565.8675
49.2000,599.7175
49.2100,586.4525
49.2200,525.2025
49.2300,549.6750
49.2400,597.9600
49.2500,619.5900
49.2600,646.7125
49.2700,653.3000
49.2800,581.0050
49.2900,552.9275
49.3000,551.6725
49.3100,522.6975
49.3200,534.5950
49.3300,545.1700
49.3400,548.5975
49.3500,489.0350
49.3600,462.0550
49.3700,486.4075
49.3800,503.3325
49.3900,507.6875
49.4000,516.2350
49.4100,514.2000
49.4200,502.3200
49.4300,480.7350
49.4400,436.8400
49.4500,422.5825
49.4600,420.1950
49.4700,394.3350
49.4800,375.4425
49.4900,360.6600
49.5000,361.6850
49.5100,331.8900
49.5200,340.0925
49.5300,344.6875
49.5400,343.4150
49.5500,359.5450
49.5600,357.5775
49.5700,351.4375
49.5800,344.7100
49.5900,352.0100
49.6000,408.2550
49.6100,434.2125
49.6200,390.3825
49.6300,362.8675
49.6400,355.2025
49.6500,332.8375
49.6600,324.7650
49.6700,338.1125
49.6800,353.3325
49.6900,341.8975
49.7000,350.9550
49.7100,384.7625
49.7200,365.2575
49.7300,345.2275
49.7400,335.2775
49.7500,312.3675
49.7600,335.6700
49.7700,342.4275
49.7800,330.4500
49.7900,338.5775
49.8000,343.7750
49.8100,360.4375
49.8200,370.0000
49.8300,364.3225
49.8400,342.4775
49.8500,314.8225
49.8600,307.5850
49.8700,313.3325
49.8800,320.4150
49.8900,328.5850
49.9000,316.7625
49.9100,306.1625
49.9200,310.0000
49.9300,334.0175
49.9400,353.9575
49.9500,329.6100
49.9600,322.8225
49.9700,325.2575
49.9800,323.3325
49.9900,323.3325
50.0000,323.3325
