#Intensity_unit=cps
#Attenuator_coefficient=1.0000
10.0000,967.6925
10.0100,946.0150
10.0200,973.6750
10.0300,964.5350
10.0400,899.6650
10.0500,905.4550
10.0600,949.0800
10.0700,901.8525
10.0800,917.8575
10.0900,956.3125
10.1000,956.9750
10.1100,953.6425
10.1200,898.9300
10.1300,908.4400
10.1400,906.9800
10.1500,936.8550
10.1600,909.8225
10.1700,861.4200
10.1800,904.9125
10.1900,949.1850
10.2000,890.0600
10.2100,865.2625
10.2200,932.5775
10.2300,921.9425
10.2400,886.9100
10.2500,913.4025
10.2600,946.7250
10.2700,934.9775
10.2800,906.3025
10.2900,906.3350
10.3000,900.6650
10.3100,947.9950
10.3200,923.3475
10.3300,902.0150
10.3400,873.0350
10.3500,956.8525
10.3600,972.6550
10.3700,916.4775
10.3800,960.8525
10.3900,960.6875
10.4000,831.4800
10.4100,822.6425
10.4200,996.5425
10.4300,1013.6825
10.4400,905.9125
10.4500,887.3675
10.4600,922.4450
10.4700,980.3100
10.4800,903.2550
10.4900,890.3550
10.5000,925.7175
10.5100,918.1000
10.5200,937.4850
10.5300,865.6800
10.5400,850.7225
10.5500,870.7925
10.5600,905.9925
10.5700,877.3550
10.5800,867.4000
10.5900,881.4925
10.6000,915.9375
10.6100,911.1125
10.6200,915.9225
10.6300,895.9450
10.6400,881.4975
10.6500,974.6475
10.6600,903.8850
10.6700,940.6175
10.6800,866.9100
10.6900,948.1975
10.7000,954.0975
10.7100,914.9825
10.7200,889.3575
10.7300,901.4050
10.7400,903.3325
10.7500,876.8275
10.7600,896.8825
10.7700,885.2875
10.7800,906.8625
10.7900,886.4800
10.8000,859.8250
10.8100,891.9150
10.8200,911.3475
10.8300,898.6600
10.8400,899.6000
10.8500,867.7475
10.8600,848.6800
10.8700,896.4675
10.8800,885.7650
10.8900,883.3325
10.9000,921.3675
10.9100,876.9525
10.9200,855.3850
10.9300,894.2375
10.9400,876.6375
10.9500,896.6850
10.9600,856.2325
10.9700,917.0775
10.9800,868.3650
10.9900,874.5700
11.0000,873.7550
11.0100,826.7550
11.0200,916.0250
11.0300,950.3600
11.0400,935.8900
11.0500,898.4625
11.0600,838.1475
11.0700,850.3225
11.0800,882.3525
11.0900,863.4625
11.1000,886.0925
11.1100,872.6125
11.1200,887.3800
11.1300,863.9425
11.1400,868.6825
11.1500,878.6775
11.1600,891.5650
11.1700,916.4525
11.1800,885.3375
11.1900,880.0000
11.2000,802.0825
11.2100,807.3075
11.2200,899.3750
11.2300,913.3325
11.2400,901.8125
11.2500,842.4200
11.2600,893.7650
11.2700,888.9525
11.2800,872.2925
11.2900,915.9775
11.3000,931.9500
11.3100,941.9450
11.3200,888.8125
11.3300,865.6600
11.3400,909.2000
11.3500,876.5525
11.3600,864.2725
11.3700,880.5100
11.3800,860.4425
11.3900,873.8250
11.4000,839.5075
11.4100,861.9050
11.4200,835.2550
11.4300,792.8925
11.4400,815.1950
11.4500,879.8825
11.4600,818.7450
11.4700,795.2725
11.4800,821.8075
11.4900,872.2025
11.5000,854.3975
11.5100,844.3125
11.5200,860.3850
11.5300,903.1000
11.5400,858.8975
11.5500,804.5975
11.5600,870.4075
11.5700,874.8300
11.5800,859.1675
11.5900,865.1625
11.6000,835.5300
11.6100,866.7775
11.6200,853.5400
11.6300,844.3475
11.6400,880.0575
11.6500,929.0175
11.6600,939.4875
11.6700,911.7950
11.6800,841.8250
11.6900,832.8175
11.7000,813.6200
11.7100,849.4100
11.7200,910.1225
11.7300,905.9400
11.7400,875.2275
11.7500,850.3350
11.7600,888.7825
11.7700,891.0550
11.7800,870.3650
11.7900,813.4000
11.8000,786.5225
11.8100,788.9350
11.8200,873.9725
11.8300,842.4400
11.8400,822.1475
11.8500,797.6425
11.8600,838.0275
11.8700,869.0025
11.8800,823.1050
11.8900,880.2675
11.9000,882.1825
11.9100,863.2825
11.9200,857.2150
11.9300,898.4125
11.9400,887.1950
11.9500,852.7500
11.9600,824.4375
11.9700,817.2225
11.9800,813.8900
11.9900,805.0100
12.0000,833.8350
12.0100,912.0550
12.0200,896.1975
12.0300,834.6300
12.0400,845.4700
12.0500,847.2350
12.0600,852.1950
12.0700,864.3825
12.0800,850.1000
12.0900,835.6275
12.1000,836.0925
12.1100,850.4500
12.1200,883.6400
12.1300,859.7100
12.1400,828.5650
12.1500,790.3250
12.1600,813.5725
12.1700,858.4675
12.1800,844.6975
12.1900,831.7650
12.2000,832.7425
12.2100,836.0750
12.2200,822.9650
12.2300,800.8300
12.2400,799.4050
12.2500,810.9425
12.2600,807.8650
12.2700,850.3875
12.2800,873.6550
12.2900,854.8300
12.3000,852.7275
12.3100,842.4275
12.3200,899.9500
12.3300,861.5875
12.3400,850.0000
12.3500,790.1500
12.3600,803.8550
12.3700,883.3700
12.3800,908.1475
12.3900,880.1425
12.4000,922.1650
12.4100,843.8600
12.4200,880.2375
12.4300,942.0800
12.4400,947.9200
12.4500,919.6150
12.4600,937.6650
12.4700,997.3750
12.4800,1096.4175
12.4900,1189.5400
12.5000,1309.1700
12.5100,1395.3400
12.5200,1528.5500
12.5300,1634.7575
12.5400,1677.5550
12.5500,1675.2650
12.5600,1710.9675
12.5700,1717.3125
12.5800,1654.9100
12.5900,1570.2300
12.6000,1542.6050
12.6100,1349.6950
12.6200,1180.1075
12.6300,1069.6825
12.6400,1090.1350
12.6500,1094.6525
12.6600,1034.5375
12.6700,1001.3025
12.6800,972.6425
12.6900,996.0125
12.7000,992.6675
12.7100,995.3300
12.7200,1004.6550
12.7300,1046.5900
12.7400,1160.4050
12.7500,1282.3675
12.7600,1351.8325
12.7700,1405.8175
12.7800,1490.9675
12.7900,1594.8650
12.8000,1539.8025
12.8100,1549.1375
12.8200,1540.7825
12.8300,1576.3525
12.8400,1496.7675
12.8500,1386.1300
12.8600,1257.6975
12.8700,1182.4925
12.8800,1098.7825
12.8900,1048.3675
12.9000,950.4275
12.9100,937.1975
12.9200,955.7875
12.9300,907.4050
12.9400,838.1425
12.9500,807.5750
12.9600,792.8350
12.9700,795.2475
12.9800,851.7225
12.9900,845.7075
13.0000,795.4875
13.0100,827.8200
13.0200,821.6925
13.0300,850.6425
13.0400,875.6725
13.0500,846.0650
13.0600,841.8850
13.0700,861.5825
13.0800,858.8500
13.0900,859.2700
13.1000,818.3650
13.1100,798.8650
13.1200,783.6725
13.1300,730.6500
13.1400,747.8150
13.1500,767.0425
13.1600,785.5550
13.1700,766.6825
13.1800,772.9450
13.1900,779.2550
13.2000,777.4150
13.2100,755.9925
13.2200,793.9025
13.2300,811.8275
13.2400,779.8025
13.2500,831.8625
13.2600,819.0875
13.2700,776.5350
13.2800,746.0850
13.2900,763.1400
13.3000,734.0300
13.3100,705.3600
13.3200,710.2650
13.3300,764.6200
13.3400,821.0025
13.3500,807.7225
13.3600,746.2525
13.3700,768.3650
13.3800,759.5525
13.3900,745.6700
13.4000,763.7550
13.4100,775.1025
13.4200,740.9750
13.4300,763.1200
13.4400,778.4250
13.4500,736.7450
13.4600,756.3875
13.4700,751.4200
13.4800,756.8250
13.4900,767.6125
13.5000,772.5350
13.5100,773.3325
13.5200,768.2675
13.5300,766.6675
13.5400,736.3150
13.5500,729.1950
13.5600,737.5775
13.5700,755.1450
13.5800,833.1500
13.5900,876.8325
13.6000,843.0275
13.6100,812.3775
13.6200,814.2125
13.6300,841.8050
13.6400,787.1950
13.6500,736.5400
13.6600,764.3000
13.6700,754.1025
13.6800,721.6125
13.6900,735.8675
13.7000,770.8550
13.7100,762.4975
13.7200,756.6675
13.7300,756.6675
13.7400,739.2000
13.7500,760.7600
13.7600,784.9500
13.7700,747.6700
13.7800,710.9400
13.7900,715.7650
13.8000,747.3325
13.8100,731.8350
13.8200,705.9625
13.8300,729.7550
13.8400,747.4350
13.8500,767.3325
13.8600,780.7575
13.8700,766.0250
13.8800,747.6450
13.8900,748.2725
13.9000,750.0000
13.9100,708.0825
13.9200,764.7900
13.9300,814.6225
13.9400,764.2800
13.9500,743.3325
13.9600,743.3325
13.9700,735.9675
13.9800,770.1375
13.9900,793.1400
14.0000,732.9650
14.0100,732.0350
14.0200,732.6600
14.0300,734.8900
14.0400,717.1225
14.0500,751.5025
14.0600,720.3150
14.0700,661.8900
14.0800,683.2075
14.0900,713.7075
14.1000,766.2175
14.1100,780.9025
14.1200,682.8400
14.1300,605.4025
14.1400,703.9975
14.1500,758.7850
14.1600,760.9125
14.1700,723.6975
14.1800,739.0200
14.1900,791.0825
14.2000,780.1025
14.2100,789.3050
14.2200,789.4325
14.2300,779.4375
14.2400,771.8500
14.2500,791.6525
14.2600,828.8500
14.2700,818.3775
14.2800,814.8000
14.2900,783.0825
14.3000,851.5000
14.3100,825.8475
14.3200,784.1850
14.3300,783.8425
14.3400,757.9875
14.3500,715.6225
14.3600,727.1950
14.3700,748.5900
14.3800,717.5925
14.3900,650.9550
14.4000,660.9275
14.4100,720.8800
14.4200,718.6200
14.4300,695.7575
14.4400,649.6775
14.4500,661.7750
14.4600,699.3850
14.4700,667.4050
14.4800,657.0950
14.4900,723.7975
14.5000,693.3350
14.5100,670.0000
14.5200,695.9325
14.5300,687.8225
14.5400,689.4150
14.5500,709.7975
14.5600,695.5150
14.5700,707.8025
14.5800,721.3600
14.5900,699.8875
14.6000,673.6000
14.6100,673.6900
14.6200,686.0225
14.6300,675.9750
14.6400,691.0200
14.6500,674.3300
14.6600,679.6550
14.6700,663.3675
14.6800,711.5375
14.6900,757.6025
14.7000,764.3425
14.7100,700.6225
14.7200,712.7875
14.7300,723.0425
14.7400,720.0000
14.7500,715.3700
14.7600,687.8850
14.7700,672.0425
14.7800,697.7175
14.7900,758.4650
14.8000,780.0000
14.8100,738.5250
14.8200,770.6525
14.8300,797.9350
14.8400,758.6250
14.8500,726.2200
14.8600,742.9500
14.8700,714.3500
14.8800,669.1725
14.8900,686.4275
14.9000,734.3125
14.9100,740.8575
14.9200,743.5175
14.9300,755.7950
14.9400,762.2800
14.9500,792.9500
14.9600,806.6675
14.9700,747.5325
14.9800,740.4525
14.9900,854.4500
15.0000,837.5375
15.0100,772.6625
15.0200,781.5825
15.0300,856.7025
15.0400,832.3950
15.0500,799.8875
15.0600,792.1525
15.0700,787.7450
15.0800,809.2050
15.0900,820.0000
15.1000,849.2500
15.1100,845.3475
15.1200,838.9125
15.1300,891.6200
15.1400,860.6050
15.1500,822.1300
15.1600,823.3825
15.1700,824.4300
15.1800,830.0375
15.1900,804.3050
15.2000,760.9975
15.2100,760.0425
15.2200,722.1225
15.2300,688.8725
15.2400,690.0025
15.2500,706.6625
15.2600,728.8700
15.2700,718.9250
15.2800,647.9575
15.2900,634.3775
15.3000,623.4250
15.3100,622.1725
15.3200,670.8300
15.3300,649.2075
15.3400,613.4400
15.3500,688.1575
15.3600,707.9950
15.3700,670.2825
15.3800,683.0275
15.3900,696.6675
15.4000,670.3525
15.4100,656.6675
15.4200,634.7775
15.4300,605.8375
15.4400,646.9250
15.4500,699.5325
15.4600,722.0575
15.4700,711.4100
15.4800,670.6725
15.4900,677.2625
15.5000,683.4800
15.5100,686.5150
15.5200,633.5875
15.5300,627.1775
15.5400,637.8350
15.5500,662.6325
15.5600,663.6950
15.5700,665.3075
15.5800,682.9475
15.5900,640.4100
15.6000,606.8700
15.6100,659.2900
15.6200,700.7525
15.6300,674.4425
15.6400,628.7650
15.6500,636.9225
15.6600,669.2825
15.6700,677.8600
15.6800,676.6675
15.6900,687.3500
15.7000,706.1400
15.7100,670.6800
15.7200,636.0125
15.7300,651.2875
15.7400,707.9950
15.7500,716.3350
15.7600,676.9475
15.7700,674.8475
15.7800,664.2625
15.7900,666.0350
15.8000,681.7925
15.8100,654.9700
15.8200,653.5550
15.8300,633.8050
15.8400,635.6300
15.8500,634.0350
15.8600,635.0800
15.8700,654.7075
15.8800,657.0350
15.8900,657.5275
15.9000,649.5225
15.9100,662.1725
15.9200,700.5200
15.9300,702.0425
15.9400,670.3725
15.9500,667.0925
15.9600,671.2500
15.9700,670.0000
15.9800,638.8100
15.9900,674.0125
16.0000,692.1400
16.0100,681.2600
16.0200,659.2850
16.0300,665.2925
16.0400,689.0700
16.0500,696.6675
16.0600,704.9200
16.0700,668.7700
16.0800,653.6300
16.0900,662.0575
16.1000,614.0025
16.1100,605.9200
16.1200,681.5425
16.1300,693.3575
16.1400,670.5250
16.1500,646.2125
16.1600,619.0300
16.1700,632.4550
16.1800,624.2325
16.1900,605.9250
16.2000,611.4750
16.2100,643.1000
16.2200,623.4350
16.2300,628.4100
16.2400,670.9950
16.2500,658.3125
16.2600,629.8825
16.2700,657.6950
16.2800,641.6350
16.2900,642.8900
16.3000,686.1975
16.3100,683.2025
16.3200,665.9775
16.3300,677.3975
16.3400,682.6525
16.3500,671.9800
16.3600,644.6325
16.3700,642.0050
16.3800,604.0250
16.3900,627.2500
16.4000,641.3900
16.4100,656.5600
16.4200,682.6400
16.4300,660.8125
16.4400,649.2925
16.4500,635.4700
16.4600,615.4025
16.4700,604.0575
16.4800,615.8275
16.4900,638.5250
16.5000,660.4875
16.5100,644.3575
16.5200,636.5175
16.5300,641.3650
16.5400,645.9000
16.5500,638.2150
16.5600,610.3775
16.5700,600.5875
16.5800,617.0400
16.5900,636.4475
16.6000,647.2400
16.6100,646.0950
16.6200,676.4800
16.6300,682.4700
16.6400,668.0550
16.6500,643.3425
16.6600,620.8425
16.6700,593.3925
16.6800,584.4175
16.6900,665.4800
16.7000,712.2675
16.7100,689.2850
16.7200,657.3750
16.7300,639.4800
16.7400,652.0675
16.7500,647.9500
16.7600,644.3500
16.7700,653.8375
16.7800,637.5000
16.7900,623.3325
16.8000,642.4600
16.8100,639.4725
16.8200,605.6750
16.8300,635.7525
16.8400,664.2875
16.8500,614.3475
16.8600,629.4025
16.8700,668.5650
16.8800,639.6650
16.8900,595.8350
16.9000,572.4325
16.9100,615.7975
16.9200,636.3450
16.9300,623.3325
16.9400,608.2650
16.9500,615.4800
16.9600,650.6725
16.9700,685.4375
16.9800,671.8750
16.9900,668.7300
17.0000,690.8175
17.0100,681.7175
17.0200,655.0675
17.0300,624.6875
17.0400,630.4875
17.0500,648.5275
17.0600,640.7100
17.0700,627.7650
17.0800,628.8950
17.0900,631.4825
17.1000,600.4025
17.1100,572.9725
17.1200,599.5300
17.1300,612.2725
17.1400,612.5400
17.1500,616.3225
17.1600,617.0075
17.1700,610.8250
17.1800,588.6700
17.1900,571.1750
17.2000,564.8375
17.2100,607.1700
17.2200,672.5250
17.2300,658.3975
17.2400,626.6675
17.2500,643.0300
17.2600,689.3525
17.2700,682.2050
17.2800,642.4625
17.2900,658.6675
17.3000,663.7325
17.3100,651.8050
17.3200,628.0900
17.3300,610.2675
17.3400,629.5225
17.3500,625.3650
17.3600,579.4925
17.3700,555.1250
17.3800,576.3600
17.3900,618.3675
17.4000,648.9300
17.4100,656.6675
17.4200,637.0675
17.4300,609.3225
17.4400,614.2200
17.4500,612.4625
17.4600,614.1850
17.4700,623.1250
17.4800,598.7725
17.4900,595.9000
17.5000,583.5300
17.5100,584.6750
17.5200,624.2700
17.5300,620.6600
17.5400,629.6750
17.5500,635.7950
17.5600,625.2550
17.5700,630.0000
17.5800,645.7275
17.5900,651.2725
17.6000,636.3600
17.6100,650.8925
17.6200,649.1350
17.6300,614.3700
17.6400,612.1400
17.6500,606.0100
17.6600,596.9200
17.6700,575.6850
17.6800,563.8075
17.6900,605.9675
17.7000,610.9550
17.7100,572.8075
17.7200,582.4225
17.7300,620.3875
17.7400,612.7800
17.7500,588.2025
17.7600,590.1675
17.7700,593.2550
17.7800,591.7050
17.7900,601.8425
17.8000,618.4975
17.8100,624.9700
17.8200,618.2475
17.8300,616.7200
17.8400,630.1450
17.8500,629.8675
17.8600,621.6875
17.8700,621.6500
17.8800,601.4950
17.8900,593.4150
17.9000,635.2125
17.9100,648.2350
17.9200,635.0200
17.9300,624.9575
17.9400,586.6325
17.9500,571.6675
17.9600,565.0175
17.9700,581.5900
17.9800,631.5975
17.9900,628.4425
18.0000,636.4750
18.0100,640.2050
18.0200,624.8950
18.0300,654.8100
18.0400,638.7425
18.0500,598.3975
18.0600,613.0475
18.0700,605.4425
18.0800,597.9650
18.0900,608.5475
18.1000,626.0775
18.1100,661.5625
18.1200,634.0750
18.1300,601.6275
18.1400,629.3350
18.1500,632.3225
18.1600,614.7700
18.1700,605.5300
18.1800,588.2825
18.1900,604.5275
18.2000,618.3875
18.2100,594.1325
18.2200,584.4675
18.2300,624.0775
18.2400,630.7650
18.2500,603.5975
18.2600,575.8850
18.2700,582.0675
18.2800,613.3325
18.2900,608.5575
18.3000,611.2825
18.3100,608.8875
18.3200,607.7625
18.3300,601.0050
18.3400,624.2600
18.3500,676.4900
18.3600,702.0675
18.3700,732.9625
18.3800,777.7250
18.3900,884.3550
18.4000,994.2825
18.4100,1129.0100
18.4200,1348.9875
18.4300,1636.0675
18.4400,2020.6050
18.4500,2491.6525
18.4600,3014.8475
18.4700,3454.0800
18.4800,3666.7175
18.4900,3718.2150
18.5000,3736.9950
18.5100,3721.1825
18.5200,3504.3825
18.5300,3095.4125
18.5400,2775.2575
18.5500,2449.9350
18.5600,2006.9375
18.5700,1659.5825
18.5800,1387.6900
18.5900,1204.1500
18.6000,1053.8750
18.6100,954.2125
18.6200,870.4675
18.6300,745.4400
18.6400,683.3525
18.6500,658.8000
18.6600,648.8075
18.6700,653.8800
18.6800,659.1450
18.6900,640.9875
18.7000,618.0000
18.7100,589.8550
18.7200,604.7375
18.7300,625.4150
18.7400,616.7525
18.7500,631.8450
18.7600,613.6500
18.7700,599.2700
18.7800,605.1850
18.7900,590.0175
18.8000,574.8100
18.8100,575.1925
18.8200,589.5350
18.8300,595.2950
18.8400,575.1975
18.8500,605.5850
18.8600,637.8850
18.8700,609.1300
18.8800,582.2900
18.8900,595.6050
18.9000,586.5450
18.9100,543.3325
18.9200,553.4825
18.9300,563.7700
18.9400,536.8725
18.9500,523.9850
18.9600,536.5800
18.9700,536.2800
18.9800,557.6425
18.9900,570.5025
19.0000,592.8850
19.0100,624.2950
19.0200,610.5075
19.0300,550.9925
19.0400,527.1550
19.0500,531.8550
19.0600,561.7675
19.0700,600.8250
19.0800,587.4900
19.0900,543.3325
19.1000,564.4650
19.1100,583.4875
19.1200,579.8300
19.1300,607.3525
19.1400,615.4700
19.1500,611.1800
19.1600,584.8150
19.1700,537.8100
19.1800,567.2375
19.1900,557.5150
19.2000,513.8950
19.2100,533.5200
19.2200,563.9050
19.2300,560.0000
19.2400,558.6225
19.2500,574.5325
19.2600,579.4200
19.2700,555.4800
19.2800,568.8025
19.2900,582.1275
19.3000,583.1850
19.3100,576.0550
19.3200,601.7300
19.3300,634.6900
19.3400,640.7275
19.3500,616.9400
19.3600,574.6825
19.3700,579.3600
19.3800,548.3825
19.3900,503.3775
19.4000,513.3325
19.4100,528.0450
19.4200,571.3600
19.4300,586.0075
19.4400,560.0000
19.4500,573.2800
19.4600,569.4700
19.4700,533.3325
19.4800,546.5450
19.4900,587.7675
19.5000,610.7850
19.5100,579.5825
19.5200,548.0875
19.5300,529.5250
19.5400,547.3175
19.5500,602.6100
19.5600,583.2225
19.5700,545.3675
19.5800,558.9075
19.5900,591.1050
19.6000,586.5225
19.6100,575.4900
19.6200,580.6725
19.6300,566.7200
19.6400,602.3200
19.6500,602.5700
19.6600,568.4875
19.6700,551.2775
19.6800,552.0600
19.6900,565.2650
19.7000,572.2250
19.7100,540.7975
19.7200,556.9075
19.7300,578.6350
19.7400,560.0000
19.7500,576.3550
19.7600,584.4975
19.7700,543.3075
19.7800,539.1750
19.7900,552.5075
19.8000,547.4775
19.8100,535.1225
19.8200,493.3325
19.8300,498.2900
19.8400,519.0350
19.8500,543.7025
19.8600,553.6975
19.8700,578.4475
19.8800,612.4550
19.8900,627.6925
19.9000,652.7800
19.9100,682.8575
19.9200,723.9750
19.9300,758.5475
19.9400,823.3575
19.9500,893.0075
19.9600,1002.2200
19.9700,1140.2200
19.9800,1183.2425
19.9900,1219.8825
20.0000,1288.8975
20.0100,1366.4100
20.0200,1315.8100
20.0300,1225.9400
20.0400,1184.0650
20.0500,1110.0900
20.0600,1023.9325
20.0700,966.0250
20.0800,921.8850
20.0900,867.2450
20.1000,807.6875
20.1100,704.1950
20.1200,653.1550
20.1300,643.1625
20.1400,626.1750
20.1500,603.1750
20.1600,580.4100
20.1700,555.7925
20.1800,567.8225
20.1900,554.9975
20.2000,515.1500
20.2100,500.2275
20.2200,517.9200
20.2300,541.5450
20.2400,556.2950
20.2500,550.5150
20.2600,603.6475
20.2700,631.1350
20.2800,618.6100
20.2900,556.0950
20.3000,513.6825
20.3100,579.1300
20.3200,613.2975
20.3300,604.4250
20.3400,614.5375
20.3500,636.6375
20.3600,614.4250
20.3700,596.6675
20.3800,599.9925
20.3900,604.4550
20.4000,574.6125
20.4100,539.8550
20.4200,572.2350
20.4300,573.2900
20.4400,585.4700
20.4500,614.1350
20.4600,642.3750
20.4700,633.1900
20.4800,691.1375
20.4900,766.0175
20.5000,766.7150
20.5100,888.5850
20.5200,1002.6825
20.5300,1088.3825
20.5400,1238.9850
20.5500,1375.8875
20.5600,1432.6475
20.5700,1469.8550
20.5800,1480.9100
20.5900,1474.1275
20.6000,1377.7100
20.6100,1254.9200
20.6200,1255.8275
20.6300,1167.6825
20.6400,1066.9850
20.6500,989.5300
20.6600,920.6275
20.6700,900.0000
20.6800,861.6500
20.6900,730.1350
20.7000,653.4900
20.7100,699.9525
20.7200,650.4900
20.7300,616.9100
20.7400,654.3075
20.7500,711.1350
20.7600,787.0100
20.7700,857.6850
20.7800,949.7750
20.7900,1063.6275
20.8000,1174.6375
20.8100,1294.1200
20.8200,1373.0600
20.8300,1447.6700
20.8400,1523.6050
20.8500,1585.6725
20.8600,1579.3625
20.8700,1536.3250
20.8800,1467.5350
20.8900,1458.8375
20.9000,1331.4425
20.9100,1206.6600
20.9200,1105.0350
20.9300,952.7625
20.9400,911.2100
20.9500,797.4075
20.9600,708.0625
20.9700,692.7050
20.9800,654.1400
20.9900,629.1000
21.0000,614.5700
21.0100,535.6825
21.0200,535.7450
21.0300,581.4300
21.0400,572.8700
21.0500,568.0675
21.0600,570.5575
21.0700,547.6075
21.0800,541.5475
21.0900,535.9275
21.1000,571.0600
21.1100,557.5975
21.1200,565.5775
21.1300,589.2700
21.1400,592.9925
21.1500,544.6100
21.1600,567.7025
21.1700,593.9150
21.1800,587.5825
21.1900,591.8250
21.2000,588.4775
21.2100,577.5575
21.2200,615.7175
21.2300,642.7075
21.2400,655.4000
21.2500,691.5450
21.2600,762.5325
21.2700,789.5250
21.2800,766.4400
21.2900,782.4150
21.3000,858.6450
21.3100,898.0550
21.3200,1003.6475
21.3300,1122.4700
21.3400,1185.9275
21.3500,1244.3650
21.3600,1270.5975
21.3700,1283.9550
21.3800,1222.1200
21.3900,1283.4275
21.4000,1375.4950
21.4100,1413.1325
21.4200,1407.8825
21.4300,1505.4700
21.4400,1694.7475
21.4500,1819.0900
21.4600,2033.8550
21.4700,2368.3250
21.4800,2656.6275
21.4900,3055.8925
21.5000,3631.3375
21.5100,4192.5400
21.5200,4596.4675
21.5300,4826.6675
21.5400,4891.1125
21.5500,5108.0850
21.5600,5114.2000
21.5700,4749.9200
21.5800,4140.9525
21.5900,3900.7100
21.6000,3444.8500
21.6100,2876.5575
21.6200,2465.9150
21.6300,2140.5250
21.6400,1807.0650
21.6500,1497.5650
21.6600,1206.0450
21.6700,1029.8175
21.6800,849.9200
21.6900,763.5925
21.7000,792.7325
21.7100,767.4550
21.7200,718.0675
21.7300,681.4300
21.7400,665.7600
21.7500,689.6350
21.7600,621.7575
21.7700,594.8725
21.7800,632.5675
21.7900,643.7550
21.8000,709.0425
21.8100,750.5550
21.8200,655.9275
21.8300,614.7700
21.8400,684.9375
21.8500,736.5625
21.8600,844.2975
21.8700,957.1200
21.8800,1056.7250
21.8900,1237.3300
21.9000,1454.4200
21.9100,1731.3525
21.9200,1806.7525
21.9300,1900.9400
21.9400,1966.1675
21.9500,2064.3450
21.9600,2059.7875
21.9700,1980.1925
21.9800,1920.1075
21.9900,1737.3750
22.0000,1527.4800
22.0100,1402.9750
22.0200,1307.4850
22.0300,1142.9950
22.0400,963.8575
22.0500,890.0450
22.0600,820.4875
22.0700,729.3075
22.0800,656.4150
22.0900,627.2425
22.1000,613.2325
22.1100,599.3150
22.1200,598.0300
22.1300,607.4100
22.1400,618.5950
22.1500,599.3250
22.1600,598.0100
22.1700,613.3725
22.1800,643.9975
22.1900,620.6175
22.2000,684.6075
22.2100,723.2600
22.2200,761.8225
22.2300,827.0100
22.2400,914.2625
22.2500,994.4575
22.2600,1057.0600
22.2700,1226.4925
22.2800,1474.6825
22.2900,1791.3175
22.3000,1967.2600
22.3100,2204.0625
22.3200,2457.8950
22.3300,2647.0500
22.3400,2785.8900
22.3500,2893.9425
22.3600,2920.7325
22.3700,2804.4800
22.3800,2596.1375
22.3900,2281.5825
22.4000,2170.0400
22.4100,1979.4300
22.4200,1669.3650
22.4300,1395.8700
22.4400,1222.9925
22.4500,1035.8675
22.4600,861.5150
22.4700,773.1050
22.4800,736.5650
22.4900,637.4450
22.5000,612.9300
22.5100,617.3275
22.5200,561.1300
22.5300,498.7050
22.5400,480.1225
22.5500,505.8425
22.5600,555.1400
22.5700,570.3350
22.5800,522.7675
22.5900,521.1275
22.6000,520.4975
22.6100,485.5325
22.6200,470.5600
22.6300,506.6675
22.6400,495.6525
22.6500,441.0975
22.6600,455.3975
22.6700,494.5675
22.6800,468.2875
22.6900,477.7425
22.7000,485.4750
22.7100,496.6675
22.7200,491.3625
22.7300,454.8875
22.7400,411.5750
22.7500,432.0250
22.7600,494.5850
22.7700,470.9075
22.7800,409.5150
22.7900,444.8725
22.8000,446.1925
22.8100,410.2200
22.8200,435.5550
22.8300,466.1650
22.8400,456.3350
22.8500,418.6575
22.8600,429.0100
22.8700,424.8100
22.8800,429.9050
22.8900,416.8200
22.9000,453.2750
22.9100,430.4400
22.9200,422.9250
22.9300,479.5225
22.9400,470.9725
22.9500,438.0825
22.9600,446.6675
22.9700,445.7325
22.9800,442.3225
22.9900,453.4350
23.0000,431.0375
23.0100,419.4075
23.0200,438.4825
23.0300,447.2900
23.0400,432.2450
23.0500,451.1300
23.0600,478.2250
23.0700,461.3700
23.0800,422.7175
23.0900,400.1550
23.1000,431.5725
23.1100,486.2350
23.1200,481.6200
23.1300,468.7225
23.1400,458.3075
23.1500,446.2450
23.1600,449.1900
23.1700,491.6625
23.1800,497.9625
23.1900,460.0000
23.2000,455.9200
23.2100,425.8550
23.2200,419.5975
23.2300,421.0700
23.2400,448.5600
23.2500,418.0750
23.2600,450.5850
23.2700,432.7300
23.2800,459.1450
23.2900,499.8700
23.3000,471.8050
23.3100,458.1000
23.3200,445.9750
23.3300,466.2925
23.3400,459.6125
23.3500,433.3250
23.3600,465.1375
23.3700,505.5725
23.3800,496.6675
23.3900,496.6675
23.4000,493.4575
23.4100,470.5625
23.4200,506.8475
23.4300,539.1100
23.4400,562.0775
23.4500,588.2525
23.4600,658.2950
23.4700,637.5750
23.4800,592.0450
23.4900,653.0075
23.5000,785.8850
23.5100,947.7325
23.5200,1134.1075
23.5300,1380.2600
23.5400,1638.7950
23.5500,2051.9950
23.5600,2562.5475
23.5700,3077.4500
23.5800,3525.0550
23.5900,3751.1300
23.6000,3902.1825
23.6100,3985.4625
23.6200,3930.7000
23.6300,3817.3350
23.6400,3605.5525
23.6500,3411.9525
23.6600,2913.3550
23.6700,2537.2100
23.6800,2234.9650
23.6900,1945.2425
23.7000,1692.6625
23.7100,1439.2700
23.7200,1124.3300
23.7300,976.3475
23.7400,848.7025
23.7500,714.4050
23.7600,645.2525
23.7700,587.3875
23.7800,562.8750
23.7900,635.3875
23.8000,621.0150
23.8100,635.8425
23.8200,668.1575
23.8300,690.1075
23.8400,738.4375
23.8500,805.4975
23.8600,831.4300
23.8700,804.7850
23.8800,768.8275
23.8900,622.9925
23.9000,660.6025
23.9100,624.9075
23.9200,649.3350
23.9300,678.7550
23.9400,568.6200
23.9500,597.5250
23.9600,605.3375
23.9700,537.5050
23.9800,548.1400
23.9900,517.3450
24.0000,475.8600
24.0100,461.9400
24.0200,443.5350
24.0300,496.7050
24.0400,443.5250
24.0500,448.3650
24.0600,474.4350
24.0700,438.1350
24.0800,460.2600
24.0900,408.8050
24.1000,444.9100
24.1100,414.8900
24.1200,443.8450
24.1300,453.5000
24.1400,454.6850
24.1500,416.1800
24.1600,405.8675
24.1700,389.5275
24.1800,381.3925
24.1900,410.1525
24.2000,412.8850
24.2100,404.3625
24.2200,428.1100
24.2300,458.3000
24.2400,419.8600
24.2500,415.7100
24.2600,391.9950
24.2700,359.0800
24.2800,337.9550
24.2900,371.2600
24.3000,404.1975
24.3100,425.9400
24.3200,407.0225
24.3300,416.5500
24.3400,412.6550
24.3500,393.8850
24.3600,409.7850
24.3700,402.5975
24.3800,380.6150
24.3900,400.9000
24.4000,428.9275
24.4100,393.9025
24.4200,413.4250
24.4300,417.1150
24.4400,432.2025
24.4500,391.0125
24.4600,428.4475
24.4700,366.3500
24.4800,353.6400
24.4900,367.4800
24.5000,403.3325
24.5100,402.6475
24.5200,370.1325
24.5300,376.6025
24.5400,373.0900
24.5500,359.5350
24.5600,334.1125
24.5700,380.1600
24.5800,389.6475
24.5900,366.2375
24.6000,336.8925
24.6100,353.7575
24.6200,386.9450
24.6300,409.8150
24.6400,393.4025
24.6500,400.1925
24.6600,419.7050
24.6700,387.2275
24.6800,456.1600
24.6900,386.3225
24.7000,333.7100
24.7100,400.0975
24.7200,419.8500
24.7300,383.3550
24.7400,390.0925
24.7500,426.7350
24.7600,466.6475
24.7700,446.6600
24.7800,406.6925
24.7900,446.6100
24.8000,459.9700
24.8100,460.0000
24.8200,436.7550
24.8300,413.4400
24.8400,386.8100
24.8500,426.4200
24.8600,469.7000
24.8700,410.4625
24.8800,386.8650
24.8900,446.1075
24.9000,430.1675
24.9100,420.1100
24.9200,387.0550
24.9300,403.1250
24.9400,413.2000
24.9500,419.9075
24.9600,426.5675
24.9700,380.7275
24.9800,376.7225
24.9900,432.3600
25.0000,410.4200
25.0100,360.9375
25.0200,356.7325
25.0300,363.1975
25.0400,395.9625
25.0500,399.9275
25.0600,422.8025
25.0700,429.8425
25.0800,436.5050
25.0900,410.6700
25.1000,432.7300
25.1100,387.9125
25.1200,438.5350
25.1300,423.8050
25.1400,458.9350
25.1500,463.2350
25.1600,376.0900
25.1700,418.5350
25.1800,452.2600
25.1900,433.9925
25.2000,452.6575
25.2100,475.8600
25.2200,528.1125
25.2300,603.8950
25.2400,597.0350
25.2500,567.8000
25.2600,653.1975
25.2700,739.9250
25.2800,836.1200
25.2900,1012.6350
25.3000,1163.7425
25.3100,1249.7925
25.3200,1454.2425
25.3300,1664.0750
25.3400,1803.8675
25.3500,1864.0775
25.3600,1968.3775
25.3700,1868.5325
25.3800,1752.2725
25.3900,1686.4275
25.4000,1581.9600
25.4100,1456.3875
25.4200,1260.2450
25.4300,1152.0425
25.4400,1121.4075
25.4500,971.7300
25.4600,824.6450
25.4700,693.8425
25.4800,699.2525
25.4900,618.2550
25.5000,603.9100
25.5100,518.5850
25.5200,541.5575
25.5300,530.8000
25.5400,483.0375
25.5500,511.2825
25.5600,482.0775
25.5700,498.7375
25.5800,487.5200
25.5900,471.0775
25.6000,441.9650
25.6100,496.0225
25.6200,509.3300
25.6300,534.8550
25.6400,527.3525
25.6500,517.3625
25.6600,498.0725
25.6700,509.0525
25.6800,479.0625
25.6900,448.8475
25.7000,465.1975
25.7100,401.8650
25.7200,405.9150
25.7300,418.9875
25.7400,429.2325
25.7500,430.0000
25.7600,399.2750
25.7700,427.3650
25.7800,411.5975
25.7900,410.0000
25.8000,425.3100
25.8100,402.1925
25.8200,381.6600
25.8300,395.2700
25.8400,418.0250
25.8500,420.0000
25.8600,416.9550
25.8700,392.3200
25.8800,420.4075
25.8900,392.9525
25.9000,402.1425
25.9100,421.5300
25.9200,380.9125
25.9300,343.3650
25.9400,352.1000
25.9500,401.6875
25.9600,370.4325
25.9700,387.7850
25.9800,368.9000
25.9900,396.7825
26.0000,378.9375
26.0100,379.6725
26.0200,410.0350
26.0300,410.3325
26.0400,389.0125
26.0500,374.6850
26.0600,379.3200
26.0700,412.8925
26.0800,425.6300
26.0900,396.8175
26.1000,381.4050
26.1100,377.0200
26.1200,385.5975
26.1300,404.5125
26.1400,415.5825
26.1500,434.4800
26.1600,380.3075
26.1700,370.3700
26.1800,381.8425
26.1900,356.7100
26.2000,433.1350
26.2100,428.5675
26.2200,420.7650
26.2300,431.7900
26.2400,489.2875
26.2500,443.7050
26.2600,421.9675
26.2700,422.9375
26.2800,440.9400
26.2900,469.7175
26.3000,520.1975
26.3100,517.8875
26.3200,589.7575
26.3300,597.0800
26.3400,602.5025
26.3500,620.8275
26.3600,646.6375
26.3700,699.4750
26.3800,639.7900
26.3900,696.8150
26.4000,631.2075
26.4100,692.4900
26.4200,654.0850
26.4300,629.3000
26.4400,652.6925
26.4500,653.7775
26.4600,584.0625
26.4700,553.1475
26.4800,506.7850
26.4900,471.2175
26.5000,449.4125
26.5100,429.4300
26.5200,443.8875
26.5300,469.6075
26.5400,470.4675
26.5500,447.1025
26.5600,440.4725
26.5700,428.5725
26.5800,383.8525
26.5900,393.7775
26.6000,419.4575
26.6100,409.1025
26.6200,358.3250
26.6300,330.1125
26.6400,352.2100
26.6500,376.5150
26.6600,385.6650
26.6700,406.4775
26.6800,390.2075
26.6900,386.6675
26.7000,392.3100
26.7100,370.7775
26.7200,380.7500
26.7300,372.0775
26.7400,350.3200
26.7500,338.2400
26.7600,378.7600
26.7700,375.4525
26.7800,334.1200
26.7900,318.2725
26.8000,369.7825
26.8100,416.3075
26.8200,417.7525
26.8300,436.1800
26.8400,389.8725
26.8500,380.0000
26.8600,363.3225
26.8700,351.6700
26.8800,388.8375
26.8900,377.2675
26.9000,351.1825
26.9100,330.0700
26.9200,326.6675
26.9300,326.6675
26.9400,368.0375
26.9500,395.9550
26.9600,391.7425
26.9700,381.7500
26.9800,401.9800
26.9900,439.6025
27.0000,402.7950
27.0100,396.0725
27.0200,402.1400
27.0300,365.0575
27.0400,386.7125
27.0500,412.4350
27.0600,378.5025
27.0700,372.7225
27.0800,400.5400
27.0900,401.2300
27.1000,429.8675
27.1100,412.2525
27.1200,395.8275
27.1300,401.4550
27.1400,397.9250
27.1500,402.0700
27.1600,438.4225
27.1700,441.2725
27.1800,415.7550
27.1900,431.5300
27.2000,460.8625
27.2100,423.6925
27.2200,413.3325
27.2300,442.8175
27.2400,420.5450
27.2500,469.5100
27.2600,477.9875
27.2700,444.6300
27.2800,455.3375
27.2900,494.6375
27.3000,482.0400
27.3100,511.2350
27.3200,546.5625
27.3300,548.0250
27.3400,615.5925
27.3500,665.1125
27.3600,742.1200
27.3700,871.0050
27.3800,1092.7425
27.3900,1306.8650
27.4000,1558.1600
27.4100,1789.6950
27.4200,1941.8500
27.4300,2103.9725
27.4400,2187.2350
27.4500,2202.6225
27.4600,2221.6650
27.4700,2234.5150
27.4800,2038.0400
27.4900,1952.0025
27.5000,1802.4950
27.5100,1648.6925
27.5200,1491.7325
27.5300,1363.0625
27.5400,1214.5875
27.5500,1076.2100
27.5600,914.4725
27.5700,783.4500
27.5800,689.4125
27.5900,610.5675
27.6000,531.3825
27.6100,505.5975
27.6200,526.5175
27.6300,548.7725
27.6400,486.4975
27.6500,456.3950
27.6600,461.0300
27.6700,447.9575
27.6800,435.6525
27.6900,425.6625
27.7000,402.8975
27.7100,442.6000
27.7200,459.2150
27.7300,442.1750
27.7400,421.4050
27.7500,439.5375
27.7600,456.8200
27.7700,449.8575
27.7800,436.5350
27.7900,440.9250
27.8000,423.1125
27.8100,454.5425
27.8200,431.3550
27.8300,412.4400
27.8400,397.4150
27.8500,413.4475
27.8600,457.6750
27.8700,482.5450
27.8800,406.4675
27.8900,397.5250
27.9000,430.8425
27.9100,425.0100
27.9200,415.0100
27.9300,433.2750
27.9400,432.5300
27.9500,432.4875
27.9600,443.2725
27.9700,483.8975
27.9800,474.3525
27.9900,439.4225
28.0000,452.2650
28.0100,455.0575
28.0200,460.7400
28.0300,428.8100
28.0400,406.8125
28.0500,447.6250
28.0600,426.4650
28.0700,457.5275
28.0800,485.5950
28.0900,470.4000
28.1000,426.6250
28.1100,425.5550
28.1200,447.0925
28.1300,467.9675
28.1400,473.3325
28.1500,522.0075
28.1600,518.1200
28.1700,507.5725
28.1800,509.0925
28.1900,473.6550
28.2000,469.6825
28.2100,514.4325
28.2200,549.3200
28.2300,554.2550
28.2400,529.2375
28.2500,510.3725
28.2600,506.6675
28.2700,530.6825
28.2800,549.5950
28.2900,562.9175
28.3000,566.6675
28.3100,571.4475
28.3200,556.6175
28.3300,559.5425
28.3400,551.4200
28.3500,560.9475
28.3600,573.8000
28.3700,624.1600
28.3800,648.0775
28.3900,647.6300
28.4000,750.8000
28.4100,774.4225
28.4200,778.4725
28.4300,889.4700
28.4400,1006.3675
28.4500,1189.6275
28.4600,1396.7175
28.4700,1656.2350
28.4800,1962.7925
28.4900,2389.3025
28.5000,2724.2050
28.5100,3103.4825
28.5200,3472.7825
28.5300,3753.8800
28.5400,3797.3925
28.5500,3687.9500
28.5600,3700.1125
28.5700,3639.7750
28.5800,3394.6825
28.5900,3247.7575
28.6000,3260.3400
28.6100,3202.7375
28.6200,3213.8450
28.6300,3201.0650
28.6400,3287.9650
28.6500,3337.9325
28.6600,3317.0300
28.6700,3354.8450
28.6800,3236.8850
28.6900,3093.2250
28.7000,2976.6525
28.7100,2748.1900
28.7200,2507.1875
28.7300,2422.9975
28.7400,2375.7100
28.7500,2190.7575
28.7600,2033.8825
28.7700,1901.4375
28.7800,1818.1675
28.7900,1745.7125
28.8000,1729.0375
28.8100,1762.6700
28.8200,1880.3475
28.8300,2148.3725
28.8400,2505.1725
28.8500,2783.8775
28.8600,3073.1050
28.8700,3367.1100
28.8800,3578.6050
28.8900,3685.8400
28.9000,3551.4950
28.9100,3558.0650
28.9200,3557.6850
28.9300,3556.6875
28.9400,3522.2325
28.9500,3462.2750
28.9600,3434.4675
28.9700,3505.2650
28.9800,3474.7925
28.9900,3351.6675
29.0000,3183.1500
29.0100,3113.3900
29.0200,2850.3675
29.0300,2532.0700
29.0400,2320.3375
29.0500,2152.5800
29.0600,2004.7050
29.0700,1812.3325
29.0800,1684.2475
29.0900,1626.1250
29.1000,1610.0000
29.1100,1623.0575
29.1200,1623.4800
29.1300,1546.1950
29.1400,1567.3725
29.1500,1667.1275
29.1600,1757.4025
29.1700,1948.6700
29.1800,2351.6425
29.1900,2824.9875
29.2000,3545.2150
29.2100,4361.5375
29.2200,5351.7225
29.2300,6643.7950
29.2400,8183.9925
29.2500,9969.5000
29.2600,11963.3275
29.2700,13445.6975
29.2800,14540.8475
29.2900,15604.2525
29.3000,16238.6475
29.3100,16246.2825
29.3200,15877.4625
29.3300,14835.6175
29.3400,13631.3300
29.3500,12422.0750
29.3600,11304.9525
29.3700,10406.3800
29.3800,9310.2200
29.3900,8149.1125
29.4000,7062.2200
29.4100,5896.3050
29.4200,4771.4700
29.4300,3800.5775
29.4400,3063.3425
29.4500,2530.5975
29.4600,2059.7275
29.4700,1664.9725
29.4800,1520.8725
29.4900,1449.0300
29.5000,1267.0600
29.5100,1107.5875
29.5200,980.6850
29.5300,946.5075
29.5400,933.9975
29.5500,815.0325
29.5600,776.7225
29.5700,756.3825
29.5800,749.7350
29.5900,784.5700
29.6000,748.8800
29.6100,679.9075
29.6200,668.9025
29.6300,703.1450
29.6400,703.7275
29.6500,705.5225
29.6600,715.3625
29.6700,728.8225
29.6800,718.4550
29.6900,670.2950
29.7000,642.6300
29.7100,625.8925
29.7200,626.7300
29.7300,627.3025
29.7400,601.2525
29.7500,634.7775
29.7600,676.6775
29.7700,615.3575
29.7800,621.9125
29.7900,616.7875
29.8000,566.1050
29.8100,565.9100
29.8200,590.5675
29.8300,601.9825
29.8400,601.3525
29.8500,623.7350
29.8600,638.0250
29.8700,614.9675
29.8800,572.4225
29.8900,537.5950
29.9000,558.1000
29.9100,644.7425
29.9200,642.9800
29.9300,649.1300
29.9400,676.6675
29.9500,700.0800
29.9600,741.9975
29.9700,777.5125
29.9800,811.3750
29.9900,797.5600
30.0000,786.3550
30.0100,841.7125
30.0200,1013.8700
30.0300,1238.7700
30.0400,1459.1175
30.0500,1718.8350
30.0600,1905.3400
30.0700,2041.6125
30.0800,2194.8225
30.0900,2260.0000
30.1000,2345.9975
30.1100,2520.6875
30.1200,2666.2225
30.1300,2779.9400
30.1400,3058.0475
30.1500,3372.3300
30.1600,3620.2350
30.1700,3970.7850
30.1800,4262.4900
30.1900,4499.9575
30.2000,4759.4425
30.2100,4748.1200
30.2200,4455.6100
30.2300,4104.8575
30.2400,3812.8050
30.2500,3583.5875
30.2600,3426.4750
30.2700,3238.6050
30.2800,3029.3975
30.2900,2849.5400
30.3000,2619.5275
30.3100,2318.2075
30.3200,2065.8975
30.3300,1896.7650
30.3400,1787.5175
30.3500,1622.3850
30.3600,1454.0500
30.3700,1419.8850
30.3800,1448.0250
30.3900,1557.1850
30.4000,1697.0900
30.4100,1880.1350
30.4200,2225.5125
30.4300,2684.3375
30.4400,3174.5650
30.4500,3908.9525
30.4600,4743.5275
30.4700,5445.5125
30.4800,5947.5425
30.4900,6143.7725
30.5000,6062.0125
30.5100,5749.9225
30.5200,5290.1450
30.5300,4821.0825
30.5400,4387.0725
30.5500,4148.8050
30.5600,4081.1425
30.5700,3896.1900
30.5800,3533.5525
30.5900,3087.4125
30.6000,2715.3375
30.6100,2327.9400
30.6200,1931.2000
30.6300,1597.9225
30.6400,1376.3850
30.6500,1316.4700
30.6600,1244.6250
30.6700,1146.3925
30.6800,1078.2050
30.6900,1011.5900
30.7000,1008.0175
30.7100,1010.6025
30.7200,930.6425
30.7300,888.8675
30.7400,872.1525
30.7500,796.2700
30.7600,741.3250
30.7700,726.4025
30.7800,711.3500
30.7900,711.9700
30.8000,707.9275
30.8100,729.3825
30.8200,820.1725
30.8300,895.5475
30.8400,908.1925
30.8500,973.4925
30.8600,1099.8000
30.8700,1238.5500
30.8800,1268.9750
30.8900,1223.3325
30.9000,1196.1650
30.9100,1134.4000
30.9200,1064.4550
30.9300,996.2000
30.9400,932.9625
30.9500,906.7025
30.9600,918.4100
30.9700,919.9500
30.9800,851.2950
30.9900,758.1925
31.0000,713.2950
31.0100,653.2750
31.0200,590.0050
31.0300,555.0350
31.0400,554.9350
31.0500,561.7275
31.0600,525.1675
31.0700,496.6950
31.0800,481.7825
31.0900,478.2375
31.1000,475.1525
31.1100,463.3325
31.1200,451.8575
31.1300,474.3750
31.1400,487.1200
31.1500,438.8600
31.1600,416.5925
31.1700,420.0000
31.1800,434.6125
31.1900,451.6200
31.2000,437.1500
31.2100,407.0750
31.2200,383.6550
31.2300,408.7625
31.2400,453.0975
31.2500,460.0000
31.2600,471.2175
31.2700,468.9350
31.2800,456.5275
31.2900,464.7825
31.3000,455.6725
31.3100,446.3575
31.3200,454.9200
31.3300,450.3300
31.3400,446.4950
31.3500,445.2650
31.3600,444.7275
31.3700,464.1600
31.3800,448.5850
31.3900,411.7650
31.4000,416.2625
31.4100,431.1475
31.4200,427.5200
31.4300,405.5450
31.4400,407.5500
31.4500,413.7900
31.4600,383.4225
31.4700,382.9650
31.4800,410.2450
31.4900,395.8750
31.5000,395.6450
31.5100,405.3900
31.5200,421.4725
31.5300,454.3225
31.5400,457.2200
31.5500,440.8450
31.5600,414.7675
31.5700,401.2275
31.5800,437.0250
31.5900,447.5750
31.6000,422.7175
31.6100,434.5300
31.6200,429.4475
31.6300,416.6675
31.6400,395.6375
31.6500,387.9925
31.6600,412.9925
31.6700,410.6900
31.6800,409.3000
31.6900,413.6900
31.7000,421.8900
31.7100,432.2150
31.7200,438.5150
31.7300,432.6375
31.7400,412.5700
31.7500,415.5800
31.7600,420.2925
31.7700,446.5425
31.7800,445.7500
31.7900,411.6325
31.8000,417.1050
31.8100,433.1325
31.8200,409.8175
31.8300,414.0900
31.8400,426.5200
31.8500,401.7600
31.8600,392.4425
31.8700,414.4150
31.8800,431.8950
31.8900,405.5850
31.9000,366.1650
31.9100,358.0975
31.9200,377.1400
31.9300,384.3175
31.9400,380.4100
31.9500,407.5950
31.9600,407.6625
31.9700,398.5850
31.9800,399.4925
31.9900,390.6425
32.0000,371.9250
32.0100,389.6650
32.0200,391.4300
32.0300,372.0600
32.0400,403.1100
32.0500,418.0600
32.0600,408.8675
32.0700,382.2225
32.0800,358.3475
32.0900,359.1200
32.1000,394.6200
32.1100,424.1350
32.1200,435.5025
32.1300,440.5875
32.1400,413.3675
32.1500,366.3200
32.1600,360.3200
32.1700,388.1775
32.1800,401.3600
32.1900,380.2550
32.2000,348.0225
32.2100,370.2850
32.2200,402.7000
32.2300,397.2375
32.2400,414.2550
32.2500,451.9500
32.2600,409.2000
32.2700,378.0350
32.2800,410.6725
32.2900,400.0400
32.3000,367.9725
32.3100,387.9575
32.3200,389.4125
32.3300,383.9000
32.3400,397.3625
32.3500,390.7025
32.3600,390.6050
32.3700,382.2525
32.3800,363.9225
32.3900,381.7475
32.4000,407.8150
32.4100,425.2000
32.4200,434.6300
32.4300,441.8450
32.4400,439.6625
32.4500,415.5975
32.4600,405.9075
32.4700,420.2750
32.4800,435.3850
32.4900,444.8450
32.5000,499.0750
32.5100,557.9400
32.5200,558.7300
32.5300,554.1300
32.5400,546.2025
32.5500,524.8400
32.5600,515.1300
32.5700,529.9350
32.5800,524.6350
32.5900,543.3325
32.6000,542.0825
32.6100,542.4950
32.6200,542.9300
32.6300,536.6675
32.6400,523.0275
32.6500,488.8625
32.6600,457.6525
32.6700,431.7375
32.6800,438.0875
32.6900,467.0150
32.7000,459.8650
32.7100,428.1150
32.7200,407.2375
32.7300,388.1500
32.7400,370.9050
32.7500,382.4150
32.7600,414.8350
32.7700,424.5400
32.7800,418.2425
32.7900,404.5350
32.8000,412.6575
32.8100,423.3325
32.8200,406.6275
32.8300,361.1900
32.8400,345.2125
32.8500,373.7800
32.8600,373.6550
32.8700,372.4250
32.8800,423.9325
32.8900,437.4575
32.9000,437.2175
32.9100,429.7600
32.9200,360.1575
32.9300,346.6275
32.9400,412.0800
32.9500,435.9425
32.9600,398.7050
32.9700,399.2350
32.9800,410.9075
32.9900,398.8500
33.0000,398.9600
33.0100,394.1825
33.0200,380.0900
33.0300,391.2225
33.0400,403.4075
33.0500,413.4000
33.0600,418.8700
33.0700,425.6950
33.0800,451.2150
33.0900,462.1725
33.1000,434.2825
33.1100,401.1400
33.1200,415.5775
33.1300,427.7800
33.1400,448.8750
33.1500,488.8825
33.1600,482.2825
33.1700,465.5125
33.1800,493.1675
33.1900,506.9125
33.2000,452.4350
33.2100,451.7325
33.2200,496.9250
33.2300,479.7850
33.2400,460.9575
33.2500,382.1650
33.2600,407.1750
33.2700,454.3075
33.2800,464.4075
33.2900,472.0250
33.3000,479.0575
33.3100,462.5350
33.3200,445.6025
33.3300,439.0875
33.3400,431.0575
33.3500,433.3325
33.3600,443.8700
33.3700,443.5450
33.3800,402.7700
33.3900,425.4250
33.4000,450.8650
33.4100,472.7300
33.4200,422.0775
33.4300,424.5950
33.4400,418.9675
33.4500,434.1850
33.4600,473.3325
33.4700,487.6875
33.4800,516.9325
33.4900,500.8175
33.5000,490.1750
33.5100,521.4525
33.5200,558.2250
33.5300,605.0500
33.5400,616.6675
33.5500,655.8525
33.5600,761.7000
33.5700,793.6675
33.5800,809.6000
33.5900,850.4050
33.6000,822.9750
33.6100,819.1175
33.6200,800.2400
33.6300,792.0600
33.6400,735.2975
33.6500,739.0200
33.6600,747.4100
33.6700,797.6850
33.6800,840.1525
33.6900,793.2175
33.7000,790.1950
33.7100,841.6450
33.7200,889.5500
33.7300,921.5925
33.7400,1032.0950
33.7500,1216.2700
33.7600,1436.1000
33.7700,1733.7075
33.7800,2223.8250
33.7900,2760.5575
33.8000,3484.1800
33.8100,4335.9200
33.8200,5206.7925
33.8300,6017.9725
33.8400,6356.4975
33.8500,6219.8850
33.8600,6015.0350
33.8700,5536.6550
33.8800,4707.3875
33.8900,4442.1275
33.9000,4293.1825
33.9100,4049.1225
33.9200,3880.9225
33.9300,3856.4475
33.9400,3588.4275
33.9500,3098.9950
33.9600,2544.7300
33.9700,2077.5600
33.9800,1736.2775
33.9900,1439.1350
34.0000,1275.0850
34.0100,1143.6675
34.0200,948.7650
34.0300,904.1150
34.0400,941.5750
34.0500,934.0350
34.0600,931.9150
34.0700,947.5375
34.0800,953.4775
34.0900,949.4625
34.1000,926.4250
34.1100,970.7475
34.1200,946.1450
34.1300,882.1000
34.1400,834.0200
34.1500,808.1500
34.1600,762.9525
34.1700,702.4875
34.1800,712.6625
34.1900,739.0600
34.2000,703.3100
34.2100,689.1500
34.2200,658.3175
34.2300,600.0075
34.2400,579.2225
34.2500,546.6675
34.2600,559.8500
34.2700,590.9650
34.2800,554.3250
34.2900,529.1150
34.3000,535.8525
34.3100,537.3900
34.3200,572.6450
34.3300,638.4950
34.3400,610.4750
34.3500,570.0000
34.3600,580.3825
34.3700,623.6825
34.3800,661.4275
34.3900,686.1600
34.4000,739.5350
34.4100,821.1925
34.4200,867.8200
34.4300,960.0950
34.4400,1060.0200
34.4500,1125.8025
34.4600,1110.1100
34.4700,1193.6275
34.4800,1254.6100
34.4900,1261.5750
34.5000,1222.6475
34.5100,1178.2975
34.5200,1146.2075
34.5300,1133.3325
34.5400,1122.0350
34.5500,1086.3375
34.5600,1101.1550
34.5700,1119.6500
34.5800,1136.6900
34.5900,1158.5175
34.6000,1148.9050
34.6100,1142.1625
34.6200,1158.6700
34.6300,1081.8225
34.6400,1000.6150
34.6500,1005.6225
34.6600,940.8475
34.6700,957.6600
34.6800,872.3575
34.6900,837.3450
34.7000,761.6750
34.7100,722.7250
34.7200,648.7900
34.7300,665.8400
34.7400,689.4525
34.7500,642.9950
34.7600,602.7050
34.7700,544.4350
34.7800,521.9475
34.7900,513.9050
34.8000,490.9475
34.8100,423.4500
34.8200,356.2300
34.8300,406.9450
34.8400,456.6100
34.8500,429.1450
34.8600,380.7375
34.8700,398.6000
34.8800,350.6600
34.8900,355.9750
34.9000,420.0000
34.9100,420.6600
34.9200,423.3325
34.9300,420.0550
34.9400,402.0950
34.9500,390.4900
34.9600,418.0550
34.9700,408.7075
34.9800,405.9050
34.9900,424.3550
35.0000,443.2650
35.0100,382.8525
35.0200,380.5975
35.0300,434.3225
35.0400,403.0900
35.0500,378.9650
35.0600,407.0725
35.0700,423.3325
35.0800,421.4775
35.0900,411.4850
35.1000,402.7200
35.1100,387.7825
35.1200,334.5500
35.1300,343.0300
35.1400,369.3400
35.1500,418.8550
35.1600,380.3400
35.1700,371.4350
35.1800,398.6750
35.1900,421.5600
35.2000,416.8650
35.2100,426.8850
35.2200,393.1650
35.2300,380.1525
35.2400,397.2450
35.2500,404.6100
35.2600,418.0600
35.2700,379.5225
35.2800,387.0775
35.2900,356.6675
35.3000,365.6875
35.3100,404.9475
35.3200,379.4400
35.3300,367.7625
35.3400,329.4275
35.3500,370.4775
35.3600,417.8425
35.3700,385.0800
35.3800,365.9850
35.3900,398.2925
35.4000,400.7350
35.4100,369.4625
35.4200,370.4075
35.4300,386.8100
35.4400,371.5875
35.4500,387.9025
35.4600,422.6575
35.4700,383.8550
35.4800,387.1850
35.4900,385.8625
35.5000,365.3925
35.5100,384.8600
35.5200,426.4325
35.5300,410.2175
35.5400,418.8950
35.5500,362.1925
35.5600,389.3350
35.5700,368.1600
35.5800,385.5750
35.5900,436.6675
35.6000,436.6675
35.6100,437.6425
35.6200,442.8475
35.6300,446.7575
35.6400,490.9900
35.6500,522.4000
35.6600,569.9775
35.6700,645.2700
35.6800,614.7850
35.6900,601.4625
35.7000,590.4650
35.7100,596.1125
35.7200,611.9525
35.7300,616.1650
35.7400,695.7550
35.7500,681.8400
35.7600,646.6825
35.7700,764.0975
35.7800,832.8875
35.7900,839.7600
35.8000,919.2150
35.8100,1046.1475
35.8200,1227.2050
35.8300,1446.9200
35.8400,1578.1200
35.8500,1700.8575
35.8600,1703.6800
35.8700,1666.3700
35.8800,1518.7950
35.8900,1286.5625
35.9000,1167.9150
35.9100,1146.7025
35.9200,1103.2950
35.9300,1138.9525
35.9400,1215.2675
35.9500,1123.6225
35.9600,1038.8525
35.9700,918.9400
35.9800,811.3475
35.9900,784.0275
36.0000,683.3275
36.0100,638.0150
36.0200,668.6800
36.0300,633.7175
36.0400,633.2200
36.0500,609.3300
36.0600,637.1825
36.0700,695.5875
36.0800,719.3050
36.0900,763.7000
36.1000,736.3175
36.1100,705.5700
36.1200,698.1200
36.1300,704.5850
36.1400,658.9250
36.1500,651.4250
36.1600,664.3950
36.1700,668.4125
36.1800,621.4325
36.1900,576.6675
36.2000,570.8150
36.2100,520.6825
36.2200,532.0975
36.2300,575.6200
36.2400,533.3200
36.2500,503.9975
36.2600,504.0650
36.2700,447.3825
36.2800,420.0850
36.2900,392.9025
36.3000,423.2025
36.3100,448.2500
36.3200,399.3700
36.3300,390.5175
36.3400,367.0600
36.3500,401.1775
36.3600,381.8350
36.3700,396.0575
36.3800,361.4825
36.3900,413.5825
36.4000,450.8875
36.4100,455.0075
36.4200,402.4600
36.4300,389.2875
36.4400,349.2450
36.4500,380.3600
36.4600,420.2825
36.4700,420.2600
36.4800,388.3275
36.4900,408.0400
36.5000,423.6050
36.5100,426.1275
36.5200,423.4775
36.5300,463.3325
36.5400,466.4850
36.5500,500.7300
36.5600,472.8375
36.5700,507.1775
36.5800,512.3200
36.5900,498.2450
36.6000,476.6675
36.6100,481.5850
36.6200,538.2175
36.6300,475.7450
36.6400,507.8600
36.6500,522.8600
36.6600,516.4325
36.6700,508.4675
36.6800,441.0400
36.6900,413.4050
36.7000,459.7750
36.7100,452.4450
36.7200,391.7950
36.7300,370.0000
36.7400,371.0750
36.7500,385.3900
36.7600,368.7700
36.7700,396.8800
36.7800,355.9625
36.7900,445.2450
36.8000,422.9325
36.8100,412.4975
36.8200,345.2925
36.8300,327.2100
36.8400,391.3400
36.8500,413.5225
36.8600,416.6675
36.8700,415.5600
36.8800,395.7575
36.8900,378.7425
36.9000,358.7925
36.9100,399.1150
36.9200,440.5725
36.9300,390.6800
36.9400,402.6625
36.9500,390.0000
36.9600,389.5100
36.9700,380.6425
36.9800,394.7600
36.9900,422.3975
37.0000,400.2600
37.0100,340.4500
37.0200,419.5525
37.0300,409.4125
37.0400,397.1000
37.0500,406.2400
37.0600,395.4100
37.0700,367.9025
37.0800,396.1275
37.0900,383.4650
37.1000,386.9275
37.1100,392.5650
37.1200,375.0900
37.1300,419.5075
37.1400,407.2700
37.1500,423.4525
37.1600,427.4800
37.1700,449.8850
37.1800,445.1050
37.1900,399.8900
37.2000,396.5600
37.2100,394.3775
37.2200,425.1350
37.2300,377.1650
37.2400,394.5025
37.2500,432.9525
37.2600,419.0725
37.2700,387.9350
37.2800,434.8325
37.2900,490.0850
37.3000,494.5850
37.3100,542.3600
37.3200,502.5450
37.3300,470.1525
37.3400,476.9625
37.3500,490.6475
37.3600,519.5825
37.3700,500.4025
37.3800,521.8175
37.3900,612.6450
37.4000,577.0275
37.4100,597.7100
37.4200,657.7250
37.4300,720.4800
37.4400,748.6725
37.4500,664.6000
37.4600,750.1850
37.4700,764.1275
37.4800,824.1275
37.4900,887.1800
37.5000,931.6350
37.5100,1079.6975
37.5200,1369.8200
37.5300,1693.2325
37.5400,2051.1025
37.5500,2580.5550
37.5600,3086.1050
37.5700,3481.1525
37.5800,3663.7075
37.5900,3729.0500
37.6000,3535.4425
37.6100,3245.6550
37.6200,2958.9025
37.6300,2573.0675
37.6400,2449.9325
37.6500,2403.4025
37.6600,2493.3250
37.6700,2396.7250
37.6800,2300.1250
37.6900,2233.4650
37.7000,2050.4900
37.7100,1863.9625
37.7200,1634.2650
37.7300,1547.0775
37.7400,1327.8600
37.7500,1121.2650
37.7600,1030.6125
37.7700,1053.1575
37.7800,957.4575
37.7900,943.4525
37.8000,1052.2825
37.8100,1089.6250
37.8200,1106.4850
37.8300,1264.8100
37.8400,1414.8225
37.8500,1554.8500
37.8600,1711.1925
37.8700,2143.7375
37.8800,2238.6475
37.8900,2279.3725
37.9000,2371.8025
37.9100,2448.6900
37.9200,2479.4675
37.9300,2424.3775
37.9400,2142.1500
37.9500,1885.0850
37.9600,1804.9050
37.9700,1835.9600
37.9800,1800.8025
37.9900,1738.0950
38.0000,1713.8750
38.0100,1583.1850
38.0200,1459.6975
38.0300,1492.4075
38.0400,1298.5200
38.0500,1108.3900
38.0600,947.7000
38.0700,875.2925
38.0800,828.0050
38.0900,787.8400
38.1000,702.6000
38.1100,664.4575
38.1200,679.4775
38.1300,673.5475
38.1400,618.5200
38.1500,677.8850
38.1600,715.4175
38.1700,661.9700
38.1800,650.3550
38.1900,666.0650
38.2000,711.6175
38.2100,716.5425
38.2200,745.5225
38.2300,756.2775
38.2400,846.3150
38.2500,990.7775
38.2600,1188.5025
38.2700,1279.7375
38.2800,1541.9475
38.2900,1881.9575
38.3000,2040.1400
38.3100,2323.8500
38.3200,2540.4300
38.3300,2623.1750
38.3400,2737.9425
38.3500,2730.6250
38.3600,2536.3350
38.3700,2314.1025
38.3800,2198.7125
38.3900,2031.7600
38.4000,1861.8725
38.4100,1875.4800
38.4200,1826.0850
38.4300,1798.0600
38.4400,1825.0800
38.4500,1776.1900
38.4600,1593.6400
38.4700,1425.8200
38.4800,1237.2275
38.4900,1041.0625
38.5000,875.9650
38.5100,769.2850
38.5200,741.3600
38.5300,686.6725
38.5400,614.3700
38.5500,613.1325
38.5600,619.5950
38.5700,601.2325
38.5800,593.7475
38.5900,587.0850
38.6000,571.0600
38.6100,570.0000
38.6200,492.0750
38.6300,477.3225
38.6400,507.7925
38.6500,534.8825
38.6600,493.1525
38.6700,440.3050
38.6800,495.6375
38.6900,503.1025
38.7000,472.3400
38.7100,457.6125
38.7200,441.1925
38.7300,514.2250
38.7400,489.0950
38.7500,461.9600
38.7600,487.7750
38.7700,486.9150
38.7800,495.9125
38.7900,521.3025
38.8000,480.2525
38.8100,535.0925
38.8200,552.2925
38.8300,571.7575
38.8400,634.7025
38.8500,725.8575
38.8600,773.1675
38.8700,889.9575
38.8800,936.7175
38.8900,1077.5900
38.9000,1297.7625
38.9100,1499.8550
38.9200,1550.2275
38.9300,1620.4075
38.9400,1705.8775
38.9500,1688.9775
38.9600,1586.2725
38.9700,1546.2650
38.9800,1418.7800
38.9900,1294.3450
39.0000,1243.8975
39.0100,1282.4400
39.0200,1223.0550
39.0300,1159.1550
39.0400,1156.3575
39.0500,1132.4850
39.0600,1117.9175
39.0700,995.9350
39.0800,907.9300
39.0900,821.6375
39.1000,722.9800
39.1100,722.3625
39.1200,666.1925
39.1300,608.9100
39.1400,609.3400
39.1500,603.9975
39.1600,609.3300
39.1700,604.0075
39.1800,597.3450
39.1900,656.5125
39.2000,714.1650
39.2100,869.4000
39.2200,1015.0575
39.2300,1194.1025
39.2400,1463.7800
39.2500,1502.2725
39.2600,1661.1250
39.2700,1736.5250
39.2800,1781.9800
39.2900,1670.8075
39.3000,1585.4200
39.3100,1404.6125
39.3200,1315.1550
39.3300,1371.8350
39.3400,1347.4400
39.3500,1287.1325
39.3600,1235.6650
39.3700,1306.7925
39.3800,1272.3950
39.3900,1125.1000
39.4000,1071.3000
39.4100,1057.8325
39.4200,927.1800
39.4300,798.2525
39.4400,786.2725
39.4500,769.0475
39.4600,669.8325
39.4700,653.7350
39.4800,659.1925
39.4900,730.2700
39.5000,792.6650
39.5100,820.4650
39.5200,946.0400
39.5300,1129.7425
39.5400,1313.7850
39.5500,1645.6775
39.5600,2042.4825
39.5700,2384.4275
39.5800,2636.1025
39.5900,2733.5200
39.6000,2693.9550
39.6100,2628.6175
39.6200,2434.3775
39.6300,2169.0125
39.6400,1866.8900
39.6500,1705.1175
39.6600,1706.9100
39.6700,1727.3375
39.6800,1738.6625
39.6900,1737.1150
39.7000,1644.3975
39.7100,1503.2200
39.7200,1443.0250
39.7300,1361.8625
39.7400,1180.3750
39.7500,980.9575
39.7600,844.2425
39.7700,680.3625
39.7800,579.2675
39.7900,569.5300
39.8000,524.2025
39.8100,539.5500
39.8200,537.6175
39.8300,456.6950
39.8400,426.2100
39.8500,463.2600
39.8600,489.9500
39.8700,444.9225
39.8800,453.7400
39.8900,468.0400
39.9000,433.0600
39.9100,466.4175
39.9200,444.9600
39.9300,442.8350
39.9400,460.3325
39.9500,437.8550
39.9600,467.2800
39.9700,439.4100
39.9800,410.7350
39.9900,395.3750
40.0000,370.7675
40.0100,346.9375
40.0200,399.6625
40.0300,426.8875
40.0400,438.4375
40.0500,440.0000
40.0600,417.5350
40.0700,418.9450
40.0800,431.2150
40.0900,416.5225
40.1000,430.1325
40.1100,382.9725
40.1200,370.5375
40.1300,395.1425
40.1400,413.9575
40.1500,419.4575
40.1600,403.2750
40.1700,388.8575
40.1800,378.3175
40.1900,398.9175
40.2000,403.3325
40.2100,370.0075
40.2200,366.1075
40.2300,413.8100
40.2400,409.4775
40.2500,373.4375
40.2600,391.5700
40.2700,391.1375
40.2800,392.7625
40.2900,396.0950
40.3000,435.2900
40.3100,424.0350
40.3200,439.2825
40.3300,418.5600
40.3400,446.3400
40.3500,486.3150
40.3600,457.6275
40.3700,450.0000
40.3800,496.6225
40.3900,498.4450
40.4000,518.5725
40.4100,506.9150
40.4200,478.7250
40.4300,437.8150
40.4400,446.3825
40.4500,463.6400
40.4600,461.2150
40.4700,495.4150
40.4800,506.0550
40.4900,522.9875
40.5000,518.5125
40.5100,546.5425
40.5200,509.9100
40.5300,513.5600
40.5400,541.0575
40.5500,581.8700
40.5600,568.3525
40.5700,579.5575
40.5800,607.6500
40.5900,661.9325
40.6000,665.2400
40.6100,682.2050
40.6200,743.2375
40.6300,853.5725
40.6400,995.0200
40.6500,1085.1525
40.6600,1129.5450
40.6700,1300.3775
40.6800,1605.4975
40.6900,2093.4075
40.7000,2413.5675
40.7100,2675.3775
40.7200,3175.8625
40.7300,3583.2350
40.7400,3835.5425
40.7500,4005.3850
40.7600,4081.9850
40.7700,3885.5575
40.7800,3521.9025
40.7900,3137.4550
40.8000,2815.4800
40.8100,2516.9650
40.8200,2485.8600
40.8300,2498.6375
40.8400,2494.7000
40.8500,2376.8275
40.8600,2370.4800
40.8700,2255.0475
40.8800,2093.8800
40.8900,1817.1250
40.9000,1531.7450
40.9100,1328.3550
40.9200,1155.6650
40.9300,935.7575
40.9400,810.3950
40.9500,713.7850
40.9600,664.4450
40.9700,648.7950
40.9800,644.0450
40.9900,567.3475
41.0000,510.0125
41.0100,510.4650
41.0200,552.5475
41.0300,576.3950
41.0400,488.6375
41.0500,458.1175
41.0600,459.2725
41.0700,470.4175
41.0800,460.3200
41.0900,477.4700
41.1000,480.7350
41.1100,492.9825
41.1200,496.6675
41.1300,449.9975
41.1400,421.1225
41.1500,445.1425
41.1600,427.4650
41.1700,404.4900
41.1800,423.2475
41.1900,445.4850
41.2000,465.4750
41.2100,431.3425
41.2200,391.6725
41.2300,398.7725
41.2400,403.3325
41.2500,367.3625
41.2600,377.2050
41.2700,411.5525
41.2800,391.8000
41.2900,378.2100
41.3000,412.5025
41.3100,423.3325
41.3200,431.0000
41.3300,423.1175
41.3400,435.3125
41.3500,442.5500
41.3600,453.5250
41.3700,443.9350
41.3800,429.8225
41.3900,424.1250
41.4000,408.0900
41.4100,466.7950
41.4200,537.3975
41.4300,500.1075
41.4400,501.0625
41.4500,468.7050
41.4600,436.4350
41.4700,409.7850
41.4800,441.2100
41.4900,453.3325
41.5000,428.1225
41.5100,442.6725
41.5200,439.9300
41.5300,444.2125
41.5400,481.8575
41.5500,498.3575
41.5600,484.9425
41.5700,464.9525
41.5800,457.4950
41.5900,481.7075
41.6000,454.9700
41.6100,423.3325
41.6200,409.1725
41.6300,414.1550
41.6400,449.0950
41.6500,427.5950
41.6600,411.6850
41.6700,452.3100
41.6800,439.3100
41.6900,420.0600
41.7000,431.5650
41.7100,449.0725
41.7200,440.9350
41.7300,409.4125
41.7400,392.5725
41.7500,409.7900
41.7600,480.9375
41.7700,508.2725
41.7800,468.0400
41.7900,495.2600
41.8000,527.2500
41.8100,525.9450
41.8200,506.1075
41.8300,519.6700
41.8400,597.9175
41.8500,689.6200
41.8600,786.9300
41.8700,872.1650
41.8800,986.4125
41.8900,1181.5400
41.9000,1482.1275
41.9100,1753.2900
41.9200,1944.5425
41.9300,2097.3650
41.9400,2270.7725
41.9500,2427.2025
41.9600,2413.1050
41.9700,2269.2650
41.9800,2031.2950
41.9900,1860.4100
42.0000,1738.3825
42.0100,1716.3675
42.0200,1642.4500
42.0300,1545.5275
42.0400,1558.7150
42.0500,1541.9000
42.0600,1575.9050
42.0700,1530.5625
42.0800,1371.5725
42.0900,1223.5775
42.1000,1056.5975
42.1100,936.8675
42.1200,854.6850
42.1300,778.0600
42.1400,689.4275
42.1500,608.1450
42.1600,560.2925
42.1700,528.4375
42.1800,493.6650
42.1900,473.7650
42.2000,470.0000
42.2100,477.1650
42.2200,470.4525
42.2300,473.8225
42.2400,448.0700
42.2500,434.2850
42.2600,466.6450
42.2700,489.5100
42.2800,533.7225
42.2900,533.3825
42.3000,540.9000
42.3100,534.8150
42.3200,579.7400
42.3300,649.7025
42.3400,655.8100
42.3500,704.3525
42.3600,724.3050
42.3700,709.1750
42.3800,670.3250
42.3900,607.1925
42.4000,603.1450
42.4100,602.9425
42.4200,607.0525
42.4300,656.9750
42.4400,655.5450
42.4500,634.9400
42.4600,627.6575
42.4700,650.0825
42.4800,685.7375
42.4900,689.6525
42.5000,677.3225
42.5100,792.3875
42.5200,827.0050
42.5300,852.6300
42.5400,841.0475
42.5500,841.6350
42.5600,893.1750
42.5700,885.4500
42.5800,833.8600
42.5900,812.0275
42.6000,798.4075
42.6100,756.2675
42.6200,723.7975
42.6300,725.9175
42.6400,676.8425
42.6500,660.2625
42.6600,714.1025
42.6700,681.3250
42.6800,658.9700
42.6900,669.2100
42.7000,620.4175
42.7100,589.7700
42.7200,561.3975
42.7300,527.0475
42.7400,489.1425
42.7500,465.2075
42.7600,460.0000
42.7700,418.8100
42.7800,388.5675
42.7900,376.4800
42.8000,368.7675
42.8100,378.0725
42.8200,383.3325
42.8300,385.6100
42.8400,418.5325
42.8500,460.6250
42.8600,425.6075
42.8700,369.2700
42.8800,376.0250
42.8900,393.4700
42.9000,419.3225
42.9100,414.1525
42.9200,404.4050
42.9300,430.4575
42.9400,454.6275
42.9500,478.0550
42.9600,486.6675
42.9700,504.6950
42.9800,526.8450
42.9900,533.3325
43.0000,537.8300
43.0100,515.2875
43.0200,469.6600
43.0300,478.0075
43.0400,481.0350
43.0500,452.0300
43.0600,457.9050
43.0700,464.4300
43.0800,467.8025
43.0900,458.8350
43.1000,466.7200
43.1100,475.5625
43.1200,469.9825
43.1300,417.6925
43.1400,371.0900
43.1500,395.5625
43.1600,402.2275
43.1700,372.2550
43.1800,340.0425
43.1900,361.0225
43.2000,389.9525
43.2100,383.3925
43.2200,381.0875
43.2300,374.4975
43.2400,376.6225
43.2500,404.2625
43.2600,432.0950
43.2700,479.6400
43.2800,508.8025
43.2900,519.9300
43.3000,547.5025
43.3100,549.0225
43.3200,587.2100
43.3300,592.4625
43.3400,585.5250
43.3500,562.5900
43.3600,504.0700
43.3700,480.0000
43.3800,482.1850
43.3900,465.8775
43.4000,458.8475
43.4100,473.0725
43.4200,490.8850
43.4300,472.7375
43.4400,460.0000
43.4500,446.9675
43.4600,442.1700
43.4700,465.0225
43.4800,476.6675
43.4900,465.8400
43.5000,496.7850
43.5100,533.9650
43.5200,543.3325
43.5300,577.8750
43.5400,555.6800
43.5500,539.8000
43.5600,607.9500
43.5700,628.2675
43.5800,609.2475
43.5900,601.1850
43.6000,597.8525
43.6100,609.5400
43.6200,627.3875
43.6300,626.9050
43.6400,627.6150
43.6500,597.9125
43.6600,565.0375
43.6700,616.4700
43.6800,679.8800
43.6900,658.2800
43.7000,672.8925
43.7100,650.7475
43.7200,592.6225
43.7300,590.3425
43.7400,631.8675
43.7500,599.0525
43.7600,544.5450
43.7700,530.0000
43.7800,515.1750
43.7900,536.2950
43.8000,576.5950
43.8100,573.0950
43.8200,584.4475
43.8300,588.2275
43.8400,558.0350
43.8500,547.5475
43.8600,568.9450
43.8700,607.3450
43.8800,612.8250
43.8900,562.5600
43.9000,534.5675
43.9100,564.7900
43.9200,598.0025
43.9300,623.4175
43.9400,696.1000
43.9500,754.2400
43.9600,850.2300
43.9700,954.2750
43.9800,1028.3850
43.9900,1086.6825
44.0000,1121.2450
44.0100,1207.0025
44.0200,1249.1750
44.0300,1238.3550
44.0400,1225.0275
44.0500,1188.8775
44.0600,1151.3400
44.0700,1106.8550
44.0800,1101.1575
44.0900,1112.0675
44.1000,1082.3300
44.1100,1032.3525
44.1200,1007.1425
44.1300,976.5250
44.1400,964.1200
44.1500,917.2500
44.1600,835.2300
44.1700,803.3325
44.1800,807.4425
44.1900,754.5750
44.2000,711.7950
44.2100,753.8100
44.2200,771.0450
44.2300,800.1725
44.2400,786.5225
44.2500,783.7675
44.2600,768.0800
44.2700,715.3150
44.2800,732.0700
44.2900,756.6675
44.3000,720.0225
44.3100,670.2225
44.3200,630.9750
44.3300,618.6975
44.3400,642.3250
44.3500,654.6375
44.3600,624.9625
44.3700,612.7425
44.3800,630.8300
44.3900,629.8900
44.4000,639.4950
44.4100,609.6225
44.4200,597.4550
44.4300,679.2350
44.4400,662.2100
44.4500,577.7325
44.4600,543.9675
44.4700,548.0375
44.4800,533.2525
44.4900,499.9325
44.5000,488.6725
44.5100,445.9200
44.5200,434.6850
44.5300,488.6775
44.5400,476.6850
44.5500,450.0000
44.5600,450.0000
44.5700,418.0875
44.5800,420.5825
44.5900,424.7175
44.6000,396.7675
44.6100,377.3675
44.6200,387.2425
44.6300,384.7525
44.6400,372.6975
44.6500,368.0175
44.6600,366.6675
44.6700,380.5225
44.6800,388.0225
44.6900,370.8550
44.7000,367.9000
44.7100,369.3850
44.7200,344.9725
44.7300,341.8250
44.7400,381.5075
44.7500,397.4300
44.7600,401.1975
44.7700,406.6675
44.7800,440.0425
44.7900,461.3725
44.8000,458.0400
44.8100,478.2125
44.8200,522.6925
44.8300,566.8050
44.8400,585.2875
44.8500,588.6200
44.8600,603.6600
44.8700,605.5325
44.8800,605.8450
44.8900,629.4700
44.9000,610.2575
44.9100,538.0625
44.9200,489.7350
44.9300,470.2925
44.9400,453.6350
44.9500,481.5575
44.9600,491.1725
44.9700,478.0650
44.9800,474.7325
44.9900,484.9300
45.0000,479.8150
45.0100,439.1250
45.0200,432.0925
45.0300,425.9925
45.0400,415.2575
45.0500,378.1875
45.0600,334.6200
45.0700,331.0175
45.0800,338.5875
45.0900,315.0625
45.1000,296.6675
45.1100,321.5675
45.1200,353.3975
45.1300,353.7700
45.1400,356.2225
45.1500,382.4300
45.1600,375.6750
45.1700,361.9075
45.1800,346.1850
45.1900,358.0850
45.2000,380.4725
45.2100,381.4325
45.2200,374.3000
45.2300,377.5925
45.2400,377.6425
45.2500,384.7075
45.2600,414.1700
45.2700,441.3575
45.2800,419.7375
45.2900,394.7775
45.3000,395.2225
45.3100,411.7650
45.3200,461.0475
45.3300,461.7350
45.3400,449.4150
45.3500,464.1925
45.3600,471.8800
45.3700,456.4250
45.3800,437.7000
45.3900,463.3500
45.4000,518.5350
45.4100,492.7550
45.4200,466.4375
45.4300,471.0550
45.4400,455.4525
45.4500,414.9150
45.4600,432.9275
45.4700,472.2625
45.4800,452.4400
45.4900,448.2325
45.5000,476.7475
45.5100,482.5625
45.5200,485.9575
45.5300,471.0525
45.5400,434.7775
45.5500,445.9575
45.5600,468.5200
45.5700,473.7025
45.5800,456.3175
45.5900,449.2425
45.6000,480.6825
45.6100,511.0750
45.6200,523.6900
45.6300,550.6300
45.6400,630.7850
45.6500,714.9725
45.6600,802.1900
45.6700,870.2175
45.6800,1006.0450
45.6900,1158.3900
45.7000,1208.8350
45.7100,1216.9975
45.7200,1152.2450
45.7300,1149.7350
45.7400,1202.4750
45.7500,1178.9375
45.7600,1155.1600
45.7700,1116.5250
45.7800,1021.3425
45.7900,966.3550
45.8000,950.5900
45.8100,969.1100
45.8200,973.3350
45.8300,942.1325
45.8400,922.7375
45.8500,931.1800
45.8600,936.0825
45.8700,899.2050
45.8800,846.1825
45.8900,810.6725
45.9000,765.6575
45.9100,714.9925
45.9200,680.4225
45.9300,616.1650
45.9400,551.7050
45.9500,515.3225
45.9600,514.3975
45.9700,539.2550
45.9800,524.8400
45.9900,492.5575
46.0000,481.5400
46.0100,490.7600
46.0200,508.9600
46.0300,493.3875
46.0400,462.5975
46.0500,439.0275
46.0600,419.5200
46.0700,409.7625
46.0800,381.6875
46.0900,365.3500
46.1000,371.7825
46.1100,367.9925
46.1200,350.8800
46.1300,350.6675
46.1400,361.7775
46.1500,350.9050
46.1600,341.7750
46.1700,313.1950
46.1800,295.5250
46.1900,312.1850
46.2000,328.8450
46.2100,356.1125
46.2200,369.8000
46.2300,343.7175
46.2400,333.9175
46.2500,348.6225
46.2600,348.0475
46.2700,331.0100
46.2800,346.3875
46.2900,362.9675
46.3000,375.9900
46.3100,382.8000
46.3200,371.5800
46.3300,382.2700
46.3400,393.3325
46.3500,372.3275
46.3600,362.0800
46.3700,376.9925
46.3800,388.5725
46.3900,419.5150
46.4000,434.6125
46.4100,435.3825
46.4200,483.3950
46.4300,537.4075
46.4400,556.8125
46.4500,596.5025
46.4600,631.7375
46.4700,610.7675
46.4800,590.0000
46.4900,614.2675
46.5000,579.5050
46.5100,492.0475
46.5200,475.5675
46.5300,503.8275
46.5400,489.0300
46.5500,494.4025
46.5600,537.1325
46.5700,558.6175
46.5800,523.6025
46.5900,502.2675
46.6000,509.6800
46.6100,482.8100
46.6200,454.6425
46.6300,441.6175
46.6400,441.7150
46.6500,438.1900
46.6600,409.3500
46.6700,396.9375
46.6800,425.4850
46.6900,407.4350
46.7000,376.7500
46.7100,407.3150
46.7200,409.4500
46.7300,391.7800
46.7400,410.2950
46.7500,397.7975
46.7600,400.5550
46.7700,426.6675
46.7800,387.5900
46.7900,353.3950
46.8000,366.8475
46.8100,369.8850
46.8200,341.3075
46.8300,336.9325
46.8400,346.5650
46.8500,331.5450
46.8600,341.9200
46.8700,354.9350
46.8800,358.4375
46.8900,359.9225
46.9000,348.2775
46.9100,385.4350
46.9200,411.5200
46.9300,376.4850
46.9400,378.5150
46.9500,393.2825
46.9600,415.1975
46.9700,419.8525
46.9800,376.5525
46.9900,376.7650
47.0000,391.6450
47.0100,408.4125
47.0200,408.2700
47.0300,401.7000
47.0400,426.6825
47.0500,426.6575
47.0600,404.9975
47.0700,413.3250
47.0800,441.6575
47.0900,435.0250
47.1000,413.3500
47.1100,444.8825
47.1200,506.5800
47.1300,505.1100
47.1400,509.8475
47.1500,556.5725
47.1600,588.2375
47.1700,590.0925
47.1800,606.4350
47.1900,664.7625
47.2000,661.9525
47.2100,658.0600
47.2200,666.8725
47.2300,641.7225
47.2400,611.9575
47.2500,593.2525
47.2600,593.4200
47.2700,570.2250
47.2800,538.5475
47.2900,511.8400
47.3000,506.5625
47.3100,516.6125
47.3200,529.8325
47.3300,526.9000
47.3400,519.8800
47.3500,521.7600
47.3600,485.6125
47.3700,458.2325
47.3800,458.4375
47.3900,440.2825
47.4000,447.8600
47.4100,440.6750
47.4200,437.6775
47.4300,427.6175
47.4400,388.2925
47.4500,391.6250
47.4600,396.5800
47.4700,385.3950
47.4800,365.1350
47.4900,351.8975
47.5000,362.7700
47.5100,409.2325
47.5200,414.0200
47.5300,391.6175
47.5400,403.0275
47.5500,435.9375
47.5600,482.5900
47.5700,506.6675
47.5800,524.3925
47.5900,541.7225
47.6000,548.0475
47.6100,587.2250
47.6200,597.4975
47.6300,576.5450
47.6400,578.3950
47.6500,578.2700
47.6600,610.4625
47.6700,628.9125
47.6800,618.1375
47.6900,640.9350
47.7000,642.4075
47.7100,618.5375
47.7200,629.3050
47.7300,637.0900
47.7400,601.1425
47.7500,538.2600
47.7600,522.3050
47.7700,532.3375
47.7800,488.0250
47.7900,470.9775
47.8000,494.6125
47.8100,492.2150
47.8200,468.8900
47.8300,461.4250
47.8400,455.5700
47.8500,430.6600
47.8600,383.4175
47.8700,376.7300
47.8800,389.4425
47.8900,369.8275
47.9000,373.3325
47.9100,365.4400
47.9200,347.2025
47.9300,344.5500
47.9400,353.3325
47.9500,358.0575
47.9600,347.5975
47.9700,341.0075
47.9800,351.7625
47.9900,382.9850
48.0000,391.7450
48.0100,330.1925
48.0200,329.5900
48.0300,365.1000
48.0400,383.6900
48.0500,389.4525
48.0600,346.5400
48.0700,337.1925
48.0800,348.8550
48.0900,327.5100
48.1000,346.0975
48.1100,395.8075
48.1200,433.3750
48.1300,450.6550
48.1400,422.8800
48.1500,426.6675
48.1600,459.5525
48.1700,493.0800
48.1800,559.0475
48.1900,601.5525
48.2000,620.3925
48.2100,635.3500
48.2200,634.6475
48.2300,582.7200
48.2400,516.6675
48.2500,501.2050
48.2600,481.7875
48.2700,476.9100
48.2800,477.9650
48.2900,491.0475
48.3000,532.3750
48.3100,599.2750
48.3200,674.9100
48.3300,729.4900
48.3400,716.6725
48.3500,736.3725
48.3600,772.8400
48.3700,801.1925
48.3800,865.6100
48.3900,875.4000
48.4000,831.6825
48.4100,797.3900
48.4200,788.5675
48.4300,714.3750
48.4400,638.3175
48.4500,645.7025
48.4600,664.7275
48.4700,625.2975
48.4800,583.2200
48.4900,572.4825
48.5000,574.1900
48.5100,563.3325
48.5200,593.7725
48.5300,619.3525
48.5400,599.0650
48.5500,579.3650
48.5600,542.3700
48.5700,502.7100
48.5800,471.7975
48.5900,437.8725
48.6000,411.2125
48.6100,386.0675
48.6200,376.3600
48.6300,389.0750
48.6400,393.9525
48.6500,373.0700
48.6600,353.6475
48.6700,354.5275
48.6800,382.6225
48.6900,390.4050
48.7000,350.0950
48.7100,331.5050
48.7200,351.3900
48.7300,352.2775
48.7400,316.1450
48.7500,307.8400
48.7600,335.8550
48.7700,357.3300
48.7800,333.5025
48.7900,325.3250
48.8000,351.9850
48.8100,362.1750
48.8200,353.6750
48.8300,364.9550
48.8400,371.3750
48.8500,377.5800
48.8600,388.4025
48.8700,378.9525
48.8800,407.8975
48.8900,462.7925
48.9000,512.2725
48.9100,518.8675
48.9200,543.0950
48.9300,568.1025
48.9400,534.0100
48.9500,526.3425
48.9600,545.1825
48.9700,532.9450
48.9800,542.2475
48.9900,535.9050
49.0000,491.8525
49.0100,510.7325
49.0200,523.3475
49.0300,518.5000
49.0400,531.8550
49.0500,541.8200
49.0600,567.0050
49.0700,569.6675
49.0800,555.1925
49.0900,556.2825
49.1000,536.4225
49.1100,500.7750
49.1200,485.9725
49.1300,497.2650
49.1400,565.9775
49.1500,618.5300
49.1600,632.8250
49.1700,687.1000
49.1800,707.9900
49.1900,671.2000
49.2000,670.2600
49.2100,651.1025
49.2200,604.1425
49.2300,589.3500
49.2400,541.9700
49.2500,490.4100
49.2600,473.5150
49.2700,465.4300
49.2800,479.5850
49.2900,490.6275
49.3000,501.4575
49.3100,500.4175
49.3200,486.4700
49.3300,484.9800
49.3400,475.2650
49.3500,421.5175
49.3600,393.3325
49.3700,406.4075
49.3800,427.6900
49.3900,418.8200
49.4000,395.6475
49.4100,387.1000
49.4200,402.1700
49.4300,413.6325
49.4400,351.7925
49.4500,317.9300
49.4600,355.7850
49.4700,361.8875
49.4800,354.2225
49.4900,348.1100
49.5000,348.5575
49.5100,361.0900
49.5200,362.7000
49.5300,335.6775
49.5400,345.8425
49.5500,368.1050
49.5600,367.1225
49.5700,364.7725
49.5800,386.7900
49.5900,419.0800
49.6000,428.1025
49.6100,430.0000
49.6200,425.6975
49.6300,432.9025
49.6400,451.4325
49.6500,441.8750
49.6600,425.2350
49.6700,420.4725
49.6800,413.8075
49.6900,407.1400
49.7000,390.4750
49.7100,381.9025
49.7200,384.7700
49.7300,357.6400
49.7400,352.3525
49.7500,381.8850
49.7600,399.0325
49.7700,402.3950
49.7800,392.3975
49.7900,376.7100
49.8000,370.4425
49.8100,395.6325
49.8200,401.0425
49.8300,371.4825
49.8400,361.4200
49.8500,346.3150
49.8600,320.4975
49.8700,323.7500
49.8800,341.8300
49.8900,356.1650
49.9000,365.6600
49.9100,367.6775
49.9200,355.7600
49.9300,368.3675
49.9400,380.6250
49.9500,346.3950
49.9600,327.5650
49.9700,334.7425
49.9800,336.6675
49.9900,336.6675
50.0000,336.6675
