#Intensity_unit=cps
#Attenuator_coefficient=1.0000
10.0000,983.9275
10.0100,983.3325
10.0200,1025.8100
10.0300,951.1425
10.0400,900.8875
10.0500,869.3900
10.0600,936.3450
10.0700,931.2200
10.0800,899.7275
10.0900,926.9275
10.1000,957.2225
10.1100,917.6700
10.1200,919.3775
10.1300,916.9775
10.1400,916.6675
10.1500,961.9500
10.1600,978.7375
10.1700,976.9825
10.1800,967.6200
10.1900,981.7375
10.2000,956.2175
10.2100,944.2975
10.2200,976.4500
10.2300,980.0000
10.2400,922.8450
10.2500,919.6725
10.2600,962.0800
10.2700,939.6250
10.2800,951.6825
10.2900,944.3275
10.3000,940.3325
10.3100,937.0000
10.3200,957.6575
10.3300,992.9700
10.3400,1005.6550
10.3500,997.6825
10.3600,954.7550
10.3700,920.0750
10.3800,982.4750
10.3900,998.9700
10.4000,949.1900
10.4100,934.3700
10.4200,906.4550
10.4300,906.3175
10.4400,918.6025
10.4500,884.2075
10.4600,915.7775
10.4700,949.8025
10.4800,989.0800
10.4900,945.6900
10.5000,931.0700
10.5100,897.2725
10.5200,958.7625
10.5300,895.3200
10.5400,955.0125
10.5500,957.3925
10.5600,944.7900
10.5700,993.7850
10.5800,949.5700
10.5900,836.5825
10.6000,864.8300
10.6100,958.8825
10.6200,904.8475
10.6300,893.7075
10.6400,914.0450
10.6500,881.1750
10.6600,923.9700
10.6700,971.3725
10.6800,923.4950
10.6900,898.9500
10.7000,867.1525
10.7100,928.2350
10.7200,886.5375
10.7300,897.6850
10.7400,908.8400
10.7500,924.7250
10.7600,941.3850
10.7700,928.6200
10.7800,932.5500
10.7900,939.2125
10.8000,869.4750
10.8100,827.6900
10.8200,914.3500
10.8300,953.0800
10.8400,918.5325
10.8500,913.3325
10.8600,875.2325
10.8700,893.4350
10.8800,952.3025
10.8900,939.5125
10.9000,916.1875
10.9100,986.4400
10.9200,999.5900
10.9300,967.8625
10.9400,957.4925
10.9500,909.9625
10.9600,879.9900
10.9700,899.9975
10.9800,900.4175
10.9900,911.6550
11.0000,939.5450
11.0100,922.9550
11.0200,896.7200
11.0300,951.5050
11.0400,960.0000
11.0500,925.1300
11.0600,899.6675
11.0700,899.5700
11.0800,850.6675
11.0900,910.0475
11.1000,911.3025
11.1100,921.5925
11.1200,937.8150
11.1300,908.1525
11.1400,836.7750
11.1500,846.9150
11.1600,876.0200
11.1700,911.7875
11.1800,850.2300
11.1900,868.8725
11.2000,887.7625
11.2100,878.4625
11.2200,911.2650
11.2300,933.9575
11.2400,933.7875
11.2500,910.3000
11.2600,926.8100
11.2700,932.8775
11.2800,953.4575
11.2900,945.1725
11.3000,926.1000
11.3100,929.0750
11.3200,829.5675
11.3300,899.3775
11.3400,881.8000
11.3500,862.3400
11.3600,923.0075
11.3700,924.7450
11.3800,940.5000
11.3900,911.8750
11.4000,892.3750
11.4100,870.0000
11.4200,906.6475
11.4300,887.6450
11.4400,837.6875
11.4500,858.5150
11.4600,886.1350
11.4700,870.0575
11.4800,880.9025
11.4900,869.1025
11.5000,872.3550
11.5100,887.5500
11.5200,929.7850
11.5300,919.6250
11.5400,908.1500
11.5500,813.0275
11.5600,839.2100
11.5700,869.3450
11.5800,805.3325
11.5900,832.9800
11.6000,837.1700
11.6100,870.6175
11.6200,890.8050
11.6300,870.7225
11.6400,903.3900
11.6500,977.7625
11.6600,956.1350
11.6700,916.1525
11.6800,963.5650
11.6900,911.3425
11.7000,902.8175
11.7100,878.0000
11.7200,932.4175
11.7300,867.4075
11.7400,873.0075
11.7500,896.3300
11.7600,919.6550
11.7700,914.9150
11.7800,834.7975
11.7900,864.8550
11.8000,817.2925
11.8100,854.2750
11.8200,860.5350
11.8300,865.5950
11.8400,835.9075
11.8500,838.3850
11.8600,876.3125
11.8700,880.5425
11.8800,835.3525
11.8900,848.9775
11.9000,844.9700
11.9100,848.9050
11.9200,822.1550
11.9300,780.4850
11.9400,840.0925
11.9500,883.9150
11.9600,892.7775
11.9700,865.5600
11.9800,868.3275
11.9900,875.5475
12.0000,884.9850
12.0100,861.7250
12.0200,826.1975
12.0300,842.1475
12.0400,846.6675
12.0500,849.4325
12.0600,877.6400
12.0700,825.3200
12.0800,805.0500
12.0900,817.1300
12.1000,880.6775
12.1100,948.4650
12.1200,913.1625
12.1300,842.7550
12.1400,802.4800
12.1500,832.4250
12.1600,785.0175
12.1700,839.2775
12.1800,913.7475
12.1900,866.2850
12.2000,858.8200
12.2100,881.9325
12.2200,856.5250
12.2300,847.2625
12.2400,860.3525
12.2500,860.5975
12.2600,884.6075
12.2700,890.0000
12.2800,881.8075
12.2900,882.7300
12.3000,866.9650
12.3100,844.2475
12.3200,889.0500
12.3300,861.8700
12.3400,847.8900
12.3500,854.8275
12.3600,889.2950
12.3700,866.7750
12.3800,819.2625
12.3900,877.8575
12.4000,906.8975
12.4100,904.5775
12.4200,895.2050
12.4300,882.5000
12.4400,947.6675
12.4500,917.3450
12.4600,866.1125
12.4700,891.7925
12.4800,908.1025
12.4900,918.0975
12.5000,901.1175
12.5100,912.8425
12.5200,973.2475
12.5300,1002.8225
12.5400,1044.3450
12.5500,1096.3675
12.5600,1069.0325
12.5700,1027.7600
12.5800,1017.3150
12.5900,1013.9825
12.6000,1037.4700
12.6100,1016.5300
12.6200,934.9925
12.6300,922.0200
12.6400,939.3875
12.6500,908.5700
12.6600,867.9300
12.6700,878.6975
12.6800,869.9875
12.6900,869.3350
12.7000,885.9975
12.7100,924.6400
12.7200,957.3025
12.7300,965.9950
12.7400,945.3875
12.7500,897.4650
12.7600,939.8025
12.7700,950.6775
12.7800,957.9600
12.7900,1002.4325
12.8000,1045.1400
12.8100,992.4100
12.8200,1000.4925
12.8300,998.7300
12.8400,970.2250
12.8500,936.9075
12.8600,914.1550
12.8700,965.4250
12.8800,927.2450
12.8900,921.2425
12.9000,933.8725
12.9100,936.6675
12.9200,878.7775
12.9300,871.2225
12.9400,857.5650
12.9500,853.3325
12.9600,858.5825
12.9700,862.6225
12.9800,813.5225
12.9900,831.4400
13.0000,853.0925
13.0100,806.9475
13.0200,798.5625
13.0300,820.9075
13.0400,821.4425
13.0500,775.6250
13.0600,838.9850
13.0700,841.7500
13.0800,815.8225
13.0900,794.3775
13.1000,776.9900
13.1100,757.7300
13.1200,748.1350
13.1300,783.0300
13.1400,759.5900
13.1500,750.0000
13.1600,801.8475
13.1700,816.6675
13.1800,839.9700
13.1900,844.0800
13.2000,781.2725
13.2100,796.9275
13.2200,811.8325
13.2300,756.5525
13.2400,765.7925
13.2500,755.2900
13.2600,744.8475
13.2700,776.8000
13.2800,755.7950
13.2900,749.2375
13.3000,788.5400
13.3100,782.0250
13.3200,789.4975
13.3300,757.4325
13.3400,746.6675
13.3500,774.8375
13.3600,780.7750
13.3700,772.3275
13.3800,762.3325
13.3900,790.6525
13.4000,797.4475
13.4100,783.9125
13.4200,810.5925
13.4300,832.7375
13.4400,806.1150
13.4500,847.5525
13.4600,863.3325
13.4700,812.5125
13.4800,766.1950
13.4900,771.8925
13.5000,822.3125
13.5100,791.0500
13.5200,776.6675
13.5300,776.6675
13.5400,756.4325
13.5500,701.9775
13.5600,739.7100
13.5700,779.3850
13.5800,799.2800
13.5900,833.5825
13.6000,777.8375
13.6100,731.4925
13.6200,718.3025
13.6300,741.8050
13.6400,755.0250
13.6500,766.7100
13.6600,780.0350
13.6700,768.2900
13.6800,705.7075
13.6900,726.7250
13.7000,757.5150
13.7100,730.8300
13.7200,754.9800
13.7300,761.6725
13.7400,715.0875
13.7500,744.8825
13.7600,814.8175
13.7700,798.4725
13.7800,759.2950
13.7900,752.4875
13.8000,733.4550
13.8100,714.2500
13.8200,707.5175
13.8300,741.3825
13.8400,792.9800
13.8500,791.8100
13.8600,737.1775
13.8700,764.5100
13.8800,809.6525
13.8900,815.0625
13.9000,768.9175
13.9100,726.2100
13.9200,758.5550
13.9300,768.4075
13.9400,754.3650
13.9500,715.5775
13.9600,722.9900
13.9700,712.8125
13.9800,750.8325
13.9900,732.3400
14.0000,712.6500
14.0100,732.0350
14.0200,740.0000
14.0300,752.2250
14.0400,734.6800
14.0500,707.1350
14.0600,695.1200
14.0700,744.5275
14.0800,758.4600
14.0900,771.2725
14.1000,774.2350
14.1100,744.1650
14.1200,772.1975
14.1300,796.3750
14.1400,778.1700
14.1500,774.8475
14.1600,815.4175
14.1700,813.0600
14.1800,794.5750
14.1900,741.6675
14.2000,759.5550
14.2100,807.1175
14.2200,783.8300
14.2300,818.1900
14.2400,810.1825
14.2500,807.2175
14.2600,829.2325
14.2700,812.6425
14.2800,800.9325
14.2900,826.3875
14.3000,788.7250
14.3100,798.7425
14.3200,786.0650
14.3300,791.0175
14.3400,815.7850
14.3500,787.5125
14.3600,773.3325
14.3700,761.4100
14.3800,704.2475
14.3900,707.1425
14.4000,783.2800
14.4100,788.6050
14.4200,763.3725
14.4300,799.3925
14.4400,814.2950
14.4500,768.3025
14.4600,785.5250
14.4700,783.4350
14.4800,783.7600
14.4900,729.9575
14.5000,690.1400
14.5100,688.0525
14.5200,694.7150
14.5300,713.1550
14.5400,722.3550
14.5500,732.7400
14.5600,767.2175
14.5700,768.2575
14.5800,735.1750
14.5900,753.8125
14.6000,740.8950
14.6100,692.5450
14.6200,721.1100
14.6300,704.9400
14.6400,678.3225
14.6500,673.3325
14.6600,708.3100
14.6700,760.6125
14.6800,772.0100
14.6900,716.4950
14.7000,693.3325
14.7100,728.1725
14.7200,741.0125
14.7300,686.6625
14.7400,693.4550
14.7500,755.2875
14.7600,730.3975
14.7700,765.4775
14.7800,773.8325
14.7900,729.7400
14.8000,722.5575
14.8100,775.0550
14.8200,817.3875
14.8300,877.2775
14.8400,842.5350
14.8500,738.5750
14.8600,703.3325
14.8700,717.0925
14.8800,750.8275
14.8900,706.1000
14.9000,750.9125
14.9100,749.0500
14.9200,728.7650
14.9300,795.1225
14.9400,840.3475
14.9500,780.6000
14.9600,761.3825
14.9700,762.1175
14.9800,848.6300
14.9900,867.2925
15.0000,827.1725
15.0100,849.6050
15.0200,841.7500
15.0300,782.4725
15.0400,782.6125
15.0500,840.7800
15.0600,856.5600
15.0700,860.1000
15.0800,845.3025
15.0900,838.9175
15.1000,882.7500
15.1100,862.8675
15.1200,868.0425
15.1300,823.8925
15.1400,763.0300
15.1500,789.2375
15.1600,805.5225
15.1700,832.4100
15.1800,842.1975
15.1900,813.2050
15.2000,784.3825
15.2100,734.3125
15.2200,711.1050
15.2300,758.9575
15.2400,769.9925
15.2500,754.4475
15.2600,703.3875
15.2700,715.4825
15.2800,731.1175
15.2900,712.2875
15.3000,694.4850
15.3100,716.5200
15.3200,734.4175
15.3300,705.7800
15.3400,731.8825
15.3500,766.5475
15.3600,733.7250
15.3700,730.9225
15.3800,707.0500
15.3900,672.4425
15.4000,680.8750
15.4100,736.0100
15.4200,709.6525
15.4300,698.6425
15.4400,691.3700
15.4500,676.7825
15.4600,719.1400
15.4700,725.8975
15.4800,697.0700
15.4900,671.4375
15.5000,693.7625
15.5100,670.9100
15.5200,667.3575
15.5300,700.5125
15.5400,683.0125
15.5500,722.9275
15.5600,733.8750
15.5700,716.8525
15.5800,683.1200
15.5900,711.9450
15.6000,723.7425
15.6100,708.0575
15.6200,737.7375
15.6300,765.2600
15.6400,754.9750
15.6500,731.6550
15.6600,721.1900
15.6700,692.1725
15.6800,691.6375
15.6900,717.0925
15.7000,690.3775
15.7100,680.6625
15.7200,697.3200
15.7300,688.4325
15.7400,658.7325
15.7500,674.2900
15.7600,694.2450
15.7700,722.1175
15.7800,683.6925
15.7900,653.3325
15.8000,682.9425
15.8100,721.1300
15.8200,716.4450
15.8300,689.7950
15.8400,677.8925
15.8500,697.7175
15.8600,678.4525
15.8700,641.0900
15.8800,667.7850
15.8900,698.3900
15.9000,688.6675
15.9100,659.0675
15.9200,657.1225
15.9300,673.7800
15.9400,702.9600
15.9500,691.6425
15.9600,670.4175
15.9700,679.1550
15.9800,719.9375
15.9900,727.5350
16.0000,726.2250
16.0100,723.7800
16.0200,724.1425
16.0300,732.8750
16.0400,715.9925
16.0500,645.5000
16.0600,636.8250
16.0700,663.6400
16.0800,665.8800
16.0900,667.4475
16.1000,659.7225
16.1100,653.3325
16.1200,682.0525
16.1300,704.1000
16.1400,694.3825
16.1500,717.3475
16.1600,714.1900
16.1700,708.1650
16.1800,680.7025
16.1900,666.1125
16.2000,667.9650
16.2100,691.0675
16.2200,704.6350
16.2300,709.4225
16.2400,729.5525
16.2500,729.8725
16.2600,735.4725
16.2700,729.1850
16.2800,717.9800
16.2900,706.5800
16.3000,734.2575
16.3100,736.5350
16.3200,665.0100
16.3300,644.7475
16.3400,674.7300
16.3500,680.6525
16.3600,694.6925
16.3700,710.6675
16.3800,727.3250
16.3900,702.7200
16.4000,658.0575
16.4100,689.1675
16.4200,676.2025
16.4300,668.5425
16.4400,663.4650
16.4500,669.8475
16.4600,645.6625
16.4700,643.7675
16.4800,677.8075
16.4900,670.2350
16.5000,678.3850
16.5100,699.2500
16.5200,695.4525
16.5300,670.3175
16.5400,652.7350
16.5500,632.3225
16.5600,684.7525
16.5700,731.9600
16.5800,700.0475
16.5900,688.4025
16.6000,684.9425
16.6100,655.1950
16.6200,641.9500
16.6300,674.4975
16.6400,638.2950
16.6500,618.0475
16.6600,644.9825
16.6700,645.5750
16.6800,628.3750
16.6900,678.0625
16.7000,708.4000
16.7100,659.4425
16.7200,631.9300
16.7300,673.8025
16.7400,705.2575
16.7500,687.4375
16.7600,694.4625
16.7700,706.1625
16.7800,697.5825
16.7900,700.9925
16.8000,702.8425
16.8100,675.1625
16.8200,679.5675
16.8300,671.8850
16.8400,638.1000
16.8500,666.6125
16.8600,683.3650
16.8700,692.3125
16.8800,714.2500
16.8900,704.8500
16.9000,663.0650
16.9100,647.5575
16.9200,675.9850
16.9300,697.1050
16.9400,707.5325
16.9500,679.4700
16.9600,640.1800
16.9700,661.9100
16.9800,692.2925
16.9900,677.9375
17.0000,695.1375
17.0100,734.9500
17.0200,729.8675
17.0300,653.2725
17.0400,590.2975
17.0500,628.3675
17.0600,636.9350
17.0700,643.0300
17.0800,644.4175
17.0900,593.3325
17.1000,627.7100
17.1100,695.1425
17.1200,673.0875
17.1300,645.1775
17.1400,630.0950
17.1500,624.0225
17.1600,652.0450
17.1700,649.8150
17.1800,629.6675
17.1900,654.1275
17.2000,658.3800
17.2100,619.5875
17.2200,620.0675
17.2300,676.7575
17.2400,677.2375
17.2500,666.3625
17.2600,630.9700
17.2700,609.9525
17.2800,617.6075
17.2900,655.2375
17.3000,660.8000
17.3100,651.3850
17.3200,664.8625
17.3300,648.9250
17.3400,649.2600
17.3500,663.5925
17.3600,693.5850
17.3700,705.9125
17.3800,673.3925
17.3900,674.7925
17.4000,664.7550
17.4100,654.2725
17.4200,679.1400
17.4300,659.7450
17.4400,628.0000
17.4500,641.0875
17.4600,661.9875
17.4700,650.7275
17.4800,633.1300
17.4900,651.2025
17.5000,654.1175
17.5100,685.8250
17.5200,707.3025
17.5300,695.2750
17.5400,694.7325
17.5500,686.4925
17.5600,693.8425
17.5700,691.0875
17.5800,686.9900
17.5900,703.8050
17.6000,716.8200
17.6100,711.2950
17.6200,677.2525
17.6300,656.8075
17.6400,665.2025
17.6500,697.7175
17.6600,702.5725
17.6700,705.7975
17.6800,695.6025
17.6900,654.6000
17.7000,672.5975
17.7100,712.0350
17.7200,704.4450
17.7300,683.2375
17.7400,676.5750
17.7500,681.8875
17.7600,691.7075
17.7700,693.3325
17.7800,684.8125
17.7900,649.4350
17.8000,625.0325
17.8100,618.1800
17.8200,623.5625
17.8300,645.1325
17.8400,660.0975
17.8500,653.1550
17.8600,668.6725
17.8700,662.9775
17.8800,646.8225
17.8900,643.1725
17.9000,635.0775
17.9100,623.2075
17.9200,618.4100
17.9300,631.6525
17.9400,661.7200
17.9500,713.3350
17.9600,701.7000
17.9700,694.9475
17.9800,666.8550
17.9900,618.3250
18.0000,634.9050
18.0100,646.6925
18.0200,628.4700
18.0300,619.9300
18.0400,657.9625
18.0500,693.2900
18.0600,706.5225
18.0700,693.6975
18.0800,635.5950
18.0900,631.0875
18.1000,637.1900
18.1100,644.2675
18.1200,688.1475
18.1300,672.2575
18.1400,612.5400
18.1500,592.8950
18.1600,629.4475
18.1700,671.0400
18.1800,712.7300
18.1900,733.3325
18.2000,684.9775
18.2100,634.9425
18.2200,639.8825
18.2300,652.9650
18.2400,682.5700
18.2500,704.9350
18.2600,706.6675
18.2700,708.2625
18.2800,759.4175
18.2900,781.4950
18.3000,743.4875
18.3100,714.6000
18.3200,742.1500
18.3300,827.0775
18.3400,889.6900
18.3500,980.5125
18.3600,1087.1075
18.3700,1258.2400
18.3800,1520.2725
18.3900,1815.9725
18.4000,2219.8075
18.4100,2662.1650
18.4200,2953.5675
18.4300,3180.3825
18.4400,3500.3450
18.4500,3915.6375
18.4600,4334.6950
18.4700,4632.2400
18.4800,4774.7000
18.4900,4777.3950
18.5000,4783.1000
18.5100,4849.2000
18.5200,4796.6125
18.5300,4620.7875
18.5400,4330.2225
18.5500,4051.6350
18.5600,3719.1000
18.5700,3203.7525
18.5800,2636.3650
18.5900,2239.5425
18.6000,1948.9825
18.6100,1598.5025
18.6200,1253.3775
18.6300,1043.0125
18.6400,953.3700
18.6500,869.5075
18.6600,789.5050
18.6700,734.0650
18.6800,690.1175
18.6900,663.9900
18.7000,683.6650
18.7100,730.1450
18.7200,733.2075
18.7300,701.7350
18.7400,687.8050
18.7500,681.4250
18.7600,677.0725
18.7700,694.4525
18.7800,682.2175
18.7900,668.8775
18.8000,666.7050
18.8100,648.5250
18.8200,654.0300
18.8300,673.6275
18.8400,680.7925
18.8500,680.6625
18.8600,679.7550
18.8700,672.5125
18.8800,693.1325
18.8900,691.0600
18.9000,655.0300
18.9100,645.8100
18.9200,641.7325
18.9300,629.5625
18.9400,643.4525
18.9500,626.3600
18.9600,590.9900
18.9700,615.3675
18.9800,670.1625
18.9900,715.7350
19.0000,698.9925
19.0100,648.0825
19.0200,620.4800
19.0300,632.3400
19.0400,649.0650
19.0500,629.1300
19.0600,592.9825
19.0700,554.4275
19.0800,582.8050
19.0900,652.8225
19.1000,632.7150
19.1100,619.6925
19.1200,646.6675
19.1300,635.4500
19.1400,613.0025
19.1500,597.7450
19.1600,601.1600
19.1700,616.6675
19.1800,630.5725
19.1900,625.0125
19.2000,614.9450
19.2100,658.3025
19.2200,654.8050
19.2300,633.3325
19.2400,652.6075
19.2500,653.8875
19.2600,608.4350
19.2700,591.1875
19.2800,599.7425
19.2900,634.2550
19.3000,639.0975
19.3100,627.4150
19.3200,640.1250
19.3300,655.4225
19.3400,657.9200
19.3500,625.6775
19.3600,610.2350
19.3700,626.5350
19.3800,610.7000
19.3900,620.6925
19.4000,623.9875
19.4100,599.9400
19.4200,603.3750
19.4300,634.6750
19.4400,580.0600
19.4500,543.9850
19.4600,550.0000
19.4700,587.0550
19.4800,649.9375
19.4900,675.8250
19.5000,692.1025
19.5100,661.6025
19.5200,618.9050
19.5300,594.0475
19.5400,586.0775
19.5500,561.7325
19.5600,560.6850
19.5700,607.2325
19.5800,604.2500
19.5900,597.7725
19.6000,591.8975
19.6100,571.0775
19.6200,578.1800
19.6300,582.8600
19.6400,613.6025
19.6500,614.6225
19.6600,574.6500
19.6700,564.0450
19.6800,609.6050
19.6900,633.9450
19.7000,603.1750
19.7100,584.1325
19.7200,598.9750
19.7300,623.6875
19.7400,596.9500
19.7500,576.2900
19.7600,585.4100
19.7700,582.0800
19.7800,568.7425
19.7900,562.4850
19.8000,597.0425
19.8100,622.4875
19.8200,624.1825
19.8300,590.2600
19.8400,556.0800
19.8500,598.1475
19.8600,620.8700
19.8700,616.6675
19.8800,616.6675
19.8900,624.0175
19.9000,646.4475
19.9100,668.2150
19.9200,679.1025
19.9300,711.2925
19.9400,770.9200
19.9500,765.7825
19.9600,722.1250
19.9700,706.7325
19.9800,683.3325
19.9900,688.1400
20.0000,712.2550
20.0100,750.7700
20.0200,772.3875
20.0300,767.1300
20.0400,758.3275
20.0500,748.4025
20.0600,708.0725
20.0700,730.8575
20.0800,725.9825
20.0900,648.8000
20.1000,620.5775
20.1100,650.5575
20.1200,657.1225
20.1300,639.1750
20.1400,636.0100
20.1500,599.5275
20.1600,595.0950
20.1700,612.9050
20.1800,579.4575
20.1900,572.9500
20.2000,622.6675
20.2100,647.8150
20.2200,640.8250
20.2300,605.0225
20.2400,554.0100
20.2500,542.7075
20.2600,583.4125
20.2700,588.8650
20.2800,599.1250
20.2900,610.9025
20.3000,596.8175
20.3100,622.2925
20.3200,627.7175
20.3300,623.3900
20.3400,625.4850
20.3500,591.0600
20.3600,570.0075
20.3700,597.7750
20.3800,631.1300
20.3900,618.8650
20.4000,631.1050
20.4100,624.5225
20.4200,611.0625
20.4300,629.8700
20.4400,671.8850
20.4500,711.2075
20.4600,707.6250
20.4700,755.9450
20.4800,856.9575
20.4900,949.3925
20.5000,1000.9850
20.5100,1052.0200
20.5200,1141.0750
20.5300,1160.4950
20.5400,1230.9125
20.5500,1334.3000
20.5600,1402.1300
20.5700,1418.3600
20.5800,1451.8175
20.5900,1450.9525
20.6000,1403.6650
20.6100,1359.4525
20.6200,1264.9575
20.6300,1195.9925
20.6400,1170.5850
20.6500,1115.5575
20.6600,999.3900
20.6700,885.0675
20.6800,822.7450
20.6900,809.7700
20.7000,806.3500
20.7100,775.1000
20.7200,734.0775
20.7300,707.9175
20.7400,775.5975
20.7500,815.5675
20.7600,878.9325
20.7700,990.4400
20.7800,1082.2700
20.7900,1125.2550
20.8000,1114.7250
20.8100,1167.5025
20.8200,1262.7075
20.8300,1307.0000
20.8400,1319.3425
20.8500,1318.9575
20.8600,1334.0425
20.8700,1330.8950
20.8800,1326.0375
20.8900,1237.5650
20.9000,1171.4900
20.9100,1075.8725
20.9200,979.6725
20.9300,888.1250
20.9400,848.2000
20.9500,851.2600
20.9600,790.2900
20.9700,675.9425
20.9800,642.0075
20.9900,662.3725
21.0000,659.0400
21.0100,642.3200
21.0200,604.7600
21.0300,592.3875
21.0400,584.7225
21.0500,595.3475
21.0600,547.1675
21.0700,538.1175
21.0800,559.6325
21.0900,613.5500
21.1000,587.4750
21.1100,614.1225
21.1200,621.2500
21.1300,590.0000
21.1400,581.6775
21.1500,570.1450
21.1600,606.7825
21.1700,640.6725
21.1800,663.6600
21.1900,672.4200
21.2000,671.8200
21.2100,666.6850
21.2200,651.7650
21.2300,692.3600
21.2400,715.7675
21.2500,732.1850
21.2600,788.7050
21.2700,809.5825
21.2800,853.3750
21.2900,904.4700
21.3000,856.6150
21.3100,910.1100
21.3200,987.4825
21.3300,1066.3100
21.3400,1052.7950
21.3500,1077.8575
21.3600,1126.9900
21.3700,1245.0050
21.3800,1388.4400
21.3900,1478.9925
21.4000,1547.9675
21.4100,1618.3250
21.4200,1767.6125
21.4300,1992.3475
21.4400,2150.6975
21.4500,2471.0275
21.4600,2904.4100
21.4700,3382.9100
21.4800,3800.2075
21.4900,4209.6225
21.5000,4491.0475
21.5100,4735.8525
21.5200,4897.4900
21.5300,4958.8925
21.5400,5114.9300
21.5500,5120.2300
21.5600,5035.3625
21.5700,4956.7250
21.5800,4860.1350
21.5900,4481.0200
21.6000,4022.1725
21.6100,3540.7700
21.6200,3001.3475
21.6300,2559.6050
21.6400,2233.7325
21.6500,1948.2025
21.6600,1669.7850
21.6700,1289.9750
21.6800,1099.1300
21.6900,947.1325
21.7000,770.3750
21.7100,752.3525
21.7200,758.4375
21.7300,739.3075
21.7400,678.5775
21.7500,650.9025
21.7600,713.8275
21.7700,692.5650
21.7800,674.6650
21.7900,637.0900
21.8000,705.4250
21.8100,781.5175
21.8200,789.6925
21.8300,815.0850
21.8400,873.4325
21.8500,915.4000
21.8600,1002.4050
21.8700,1123.1700
21.8800,1294.8450
21.8900,1409.1850
21.9000,1563.6150
21.9100,1651.9725
21.9200,1782.6075
21.9300,1950.1200
21.9400,2167.2175
21.9500,2105.8075
21.9600,2023.9925
21.9700,2093.1400
21.9800,2082.9750
21.9900,1927.8525
22.0000,1779.3900
22.0100,1636.8725
22.0200,1483.5475
22.0300,1269.8025
22.0400,1039.1175
22.0500,916.3400
22.0600,870.4875
22.0700,772.3650
22.0800,664.7800
22.0900,613.5600
22.1000,626.2625
22.1100,583.5975
22.1200,613.1050
22.1300,574.6925
22.1400,586.7675
22.1500,598.4975
22.1600,536.6400
22.1700,522.6650
22.1800,526.0000
22.1900,559.3000
22.2000,601.3000
22.2100,612.7475
22.2200,581.3625
22.2300,581.8375
22.2400,632.9600
22.2500,711.0375
22.2600,759.9000
22.2700,790.7250
22.2800,865.2575
22.2900,872.6950
22.3000,888.4625
22.3100,988.8600
22.3200,1061.8600
22.3300,975.6625
22.3400,993.1075
22.3500,973.9425
22.3600,1031.1875
22.3700,1055.2400
22.3800,947.2825
22.3900,936.4925
22.4000,864.4375
22.4100,798.4300
22.4200,743.0275
22.4300,727.2700
22.4400,720.3775
22.4500,679.0625
22.4600,681.0550
22.4700,626.9375
22.4800,563.1200
22.4900,543.1350
22.5000,524.3225
22.5100,499.9100
22.5200,437.2475
22.5300,445.7850
22.5400,463.5400
22.5500,429.8575
22.5600,485.3400
22.5700,454.6250
22.5800,489.9375
22.5900,473.3325
22.6000,463.7975
22.6100,421.1325
22.6200,445.5575
22.6300,459.4325
22.6400,471.6800
22.6500,462.7850
22.6600,457.8175
22.6700,444.4950
22.6800,435.4950
22.6900,450.4325
22.7000,467.8575
22.7100,451.3375
22.7200,429.7000
22.7300,455.9425
22.7400,416.6675
22.7500,419.2800
22.7600,440.6175
22.7700,476.8925
22.7800,464.6375
22.7900,484.3600
22.8000,450.7825
22.8100,434.6375
22.8200,419.7975
22.8300,406.0300
22.8400,439.0000
22.8500,432.3375
22.8600,430.6250
22.8700,450.8725
22.8800,439.6050
22.8900,456.6675
22.9000,450.8500
22.9100,419.0775
22.9200,431.4150
22.9300,415.7075
22.9400,394.7450
22.9500,425.6925
22.9600,443.7550
22.9700,465.7325
22.9800,462.3225
22.9900,478.0525
23.0000,486.2075
23.0100,482.8775
23.0200,478.6375
23.0300,464.1300
23.0400,424.8700
23.0500,422.7075
23.0600,482.4450
23.0700,471.3700
23.0800,431.8400
23.0900,406.1075
23.1000,449.2675
23.1100,461.9250
23.1200,429.5725
23.1300,432.2050
23.1400,470.4225
23.1500,475.8575
23.1600,491.2425
23.1700,477.9150
23.1800,484.1875
23.1900,465.0250
23.2000,455.7825
23.2100,463.6025
23.2200,395.7500
23.2300,412.5325
23.2400,406.6675
23.2500,407.4575
23.2600,414.9050
23.2700,423.9350
23.2800,406.4325
23.2900,438.0825
23.3000,504.9700
23.3100,540.2950
23.3200,507.6125
23.3300,437.4150
23.3400,447.4275
23.3500,481.1075
23.3600,492.9350
23.3700,516.3025
23.3800,507.9050
23.3900,460.1000
23.4000,438.3275
23.4100,485.3125
23.4200,528.5950
23.4300,515.6200
23.4400,515.3275
23.4500,593.4375
23.4600,628.1100
23.4700,679.4825
23.4800,782.1550
23.4900,968.3425
23.5000,1159.1475
23.5100,1421.2450
23.5200,1698.1675
23.5300,1924.7850
23.5400,2208.7900
23.5500,2451.0150
23.5600,2791.1775
23.5700,2941.2650
23.5800,3060.2400
23.5900,3162.1550
23.6000,3205.6100
23.6100,3432.1125
23.6200,3489.3675
23.6300,3503.8775
23.6400,3364.1925
23.6500,3226.4550
23.6600,2735.3875
23.6700,2312.8400
23.6800,2046.3450
23.6900,1882.8025
23.7000,1674.8800
23.7100,1427.2575
23.7200,1304.4175
23.7300,1082.2000
23.7400,946.9825
23.7500,824.6775
23.7600,685.8750
23.7700,676.4050
23.7800,673.0750
23.7900,666.9275
23.8000,635.5750
23.8100,707.8500
23.8200,758.8650
23.8300,703.8250
23.8400,712.9175
23.8500,754.3300
23.8600,807.8575
23.8700,774.3525
23.8800,701.1625
23.8900,719.1975
23.9000,750.3750
23.9100,710.4500
23.9200,712.4425
23.9300,651.3550
23.9400,623.9850
23.9500,632.0450
23.9600,609.9425
23.9700,556.2300
23.9800,498.7600
23.9900,481.8375
24.0000,511.2100
24.0100,525.4225
24.0200,453.1375
24.0300,451.9375
24.0400,482.9500
24.0500,476.2900
24.0600,466.8375
24.0700,414.2500
24.0800,435.4250
24.0900,526.9700
24.1000,470.8750
24.1100,427.3575
24.1200,439.6600
24.1300,431.9900
24.1400,407.1625
24.1500,417.3175
24.1600,429.5200
24.1700,419.8425
24.1800,416.9750
24.1900,421.9625
24.2000,392.5850
24.2100,377.2550
24.2200,390.7225
24.2300,408.3675
24.2400,445.2750
24.2500,409.7825
24.2600,326.2650
24.2700,320.0825
24.2800,404.2350
24.2900,426.0350
24.3000,409.6300
24.3100,399.8800
24.3200,394.4200
24.3300,334.2600
24.3400,362.3750
24.3500,428.6750
24.3600,388.8125
24.3700,354.0700
24.3800,376.9750
24.3900,386.0675
24.4000,367.2500
24.4100,386.5725
24.4200,383.2400
24.4300,380.0000
24.4400,379.7400
24.4500,370.6750
24.4600,397.2400
24.4700,418.3375
24.4800,350.6875
24.4900,379.4825
24.5000,357.0950
24.5100,376.8050
24.5200,383.0700
24.5300,369.9375
24.5400,366.1200
24.5500,336.7825
24.5600,343.5550
24.5700,357.0375
24.5800,380.3025
24.5900,399.7125
24.6000,379.6850
24.6100,356.3275
24.6200,330.0800
24.6300,337.4850
24.6400,410.0000
24.6500,409.6150
24.6600,370.1175
24.6700,383.4125
24.6800,393.2600
24.6900,383.2900
24.7000,376.8000
24.7100,400.1475
24.7200,430.0000
24.7300,429.8900
24.7400,396.6675
24.7500,396.6675
24.7600,396.6125
24.7700,340.0050
24.7800,373.3125
24.7900,409.9475
24.8000,393.3700
24.8100,373.3925
24.8200,343.4475
24.8300,379.8325
24.8400,363.4225
24.8500,379.8975
24.8600,336.9675
24.8700,346.5900
24.8800,363.1925
24.8900,386.4500
24.9000,403.1650
24.9100,386.8475
24.9200,386.6675
24.9300,383.3750
24.9400,432.6700
24.9500,416.9000
24.9600,410.1000
24.9700,400.1550
24.9800,367.2125
24.9900,347.0100
25.0000,372.8550
25.0100,366.7925
25.0200,363.3975
25.0300,373.1300
25.0400,386.3850
25.0500,402.9675
25.0600,396.8175
25.0700,351.0975
25.0800,376.0175
25.0900,422.1625
25.1000,420.0875
25.1100,361.6000
25.1200,389.1750
25.1300,386.7600
25.1400,422.2675
25.1500,410.3975
25.1600,397.0750
25.1700,441.8675
25.1800,440.1075
25.1900,385.2025
25.2000,383.3325
25.2100,438.0400
25.2200,433.5700
25.2300,484.7375
25.2400,493.0875
25.2500,486.9175
25.2600,470.6425
25.2700,537.2475
25.2800,578.3950
25.2900,621.5600
25.3000,607.3625
25.3100,638.5825
25.3200,662.3225
25.3300,660.1475
25.3400,675.9175
25.3500,727.5650
25.3600,736.3575
25.3700,882.7550
25.3800,785.2850
25.3900,741.9525
25.4000,698.8175
25.4100,718.8225
25.4200,644.0975
25.4300,614.7200
25.4400,581.7600
25.4500,557.9175
25.4600,540.9075
25.4700,451.8175
25.4800,440.3725
25.4900,452.5775
25.5000,487.8900
25.5100,430.3625
25.5200,420.3950
25.5300,435.6675
25.5400,399.0975
25.5500,415.4350
25.5600,385.4100
25.5700,430.1775
25.5800,411.4925
25.5900,419.3525
25.6000,444.9200
25.6100,415.5425
25.6200,360.4700
25.6300,443.6625
25.6400,406.5400
25.6500,387.8250
25.6600,389.7650
25.6700,442.6400
25.6800,446.6675
25.6900,437.3925
25.7000,458.2850
25.7100,475.4300
25.7200,405.7550
25.7300,418.4825
25.7400,410.7675
25.7500,406.9250
25.7600,379.0150
25.7700,401.2250
25.7800,424.8050
25.7900,399.0850
25.8000,372.1725
25.8100,397.5325
25.8200,375.5475
25.8300,330.5775
25.8400,329.7175
25.8500,311.7075
25.8600,297.8150
25.8700,302.7525
25.8800,336.7800
25.8900,364.3050
25.9000,351.4900
25.9100,362.1300
25.9200,342.1225
25.9300,352.1100
25.9400,350.3075
25.9500,334.8900
25.9600,399.7600
25.9700,355.3825
25.9800,313.8300
25.9900,370.2300
26.0000,388.7025
26.0100,365.9500
26.0200,357.3275
26.0300,374.6725
26.0400,373.6675
26.0500,385.3150
26.0600,371.7025
26.0700,328.1375
26.0800,332.2950
26.0900,336.3175
26.1000,327.7200
26.1100,308.7900
26.1200,333.4575
26.1300,360.4600
26.1400,407.9075
26.1500,368.8000
26.1600,333.6700
26.1700,353.7075
26.1800,386.2750
26.1900,416.6250
26.2000,422.9550
26.2100,420.3800
26.2200,387.5475
26.2300,412.8100
26.2400,425.5025
26.2500,411.9550
26.2600,433.5175
26.2700,474.8475
26.2800,465.3275
26.2900,475.0600
26.3000,491.3125
26.3100,510.8900
26.3200,522.1050
26.3300,526.2550
26.3400,611.2975
26.3500,570.8525
26.3600,534.2025
26.3700,547.4625
26.3800,605.2450
26.3900,563.9500
26.4000,545.0575
26.4100,621.6225
26.4200,584.0850
26.4300,536.1475
26.4400,512.6500
26.4500,501.3325
26.4600,511.5450
26.4700,501.8000
26.4800,511.5250
26.4900,521.9675
26.5000,468.6950
26.5100,405.4125
26.5200,431.1100
26.5300,430.9325
26.5400,409.9450
26.5500,360.8700
26.5600,370.4900
26.5700,393.3325
26.5800,382.3950
26.5900,385.7025
26.6000,395.2125
26.6100,359.6650
26.6200,347.6450
26.6300,377.9175
26.6400,377.6575
26.6500,370.9950
26.6600,341.6700
26.6700,353.6475
26.6800,348.1850
26.6900,374.9150
26.7000,323.5550
26.7100,307.6950
26.7200,348.9200
26.7300,359.4800
26.7400,337.5075
26.7500,341.7600
26.7600,354.5575
26.7700,376.2925
26.7800,385.6025
26.7900,397.8600
26.8000,380.4325
26.8100,379.4600
26.8200,388.3700
26.8300,392.7875
26.8400,365.4850
26.8500,357.2175
26.8600,376.1225
26.8700,346.6775
26.8800,364.9675
26.8900,381.0850
26.9000,377.7950
26.9100,379.4325
26.9200,346.8375
26.9300,345.5225
26.9400,330.1175
26.9500,321.1550
26.9600,366.7975
26.9700,343.6650
26.9800,339.4150
26.9900,364.7025
27.0000,353.5475
27.0100,360.9575
27.0200,401.6475
27.0300,404.5325
27.0400,340.5125
27.0500,329.3950
27.0600,343.6300
27.0700,352.1125
27.0800,369.6575
27.0900,343.4350
27.1000,342.0975
27.1100,386.7350
27.1200,383.1175
27.1300,355.6350
27.1400,350.0000
27.1500,368.9125
27.1600,340.9425
27.1700,330.6375
27.1800,370.4075
27.1900,390.7650
27.2000,358.3825
27.2100,336.5700
27.2200,373.5800
27.2300,335.0850
27.2400,366.1775
27.2500,379.3425
27.2600,438.7950
27.2700,405.2775
27.2800,390.6650
27.2900,413.9800
27.3000,438.6325
27.3100,443.3325
27.3200,408.8000
27.3300,429.1900
27.3400,489.6875
27.3500,535.1125
27.3600,590.9550
27.3700,619.1900
27.3800,678.7800
27.3900,690.6950
27.4000,716.3500
27.4100,744.3925
27.4200,831.5175
27.4300,840.2000
27.4400,897.0225
27.4500,881.8750
27.4600,881.1900
27.4700,851.9400
27.4800,825.0400
27.4900,820.0000
27.5000,723.5000
27.5100,686.2450
27.5200,743.1975
27.5300,681.9975
27.5400,623.6350
27.5500,626.3075
27.5600,580.7500
27.5700,507.1100
27.5800,497.7600
27.5900,458.6550
27.6000,444.0850
27.6100,453.6475
27.6200,456.6675
27.6300,451.5200
27.6400,432.0050
27.6500,418.9625
27.6600,401.2750
27.6700,391.5425
27.6800,402.8000
27.6900,337.6225
27.7000,324.3300
27.7100,372.6000
27.7200,373.9200
27.7300,372.5475
27.7400,378.4200
27.7500,372.3775
27.7600,364.9225
27.7700,381.0825
27.7800,389.2000
27.7900,372.2875
27.8000,391.9425
27.8100,407.5750
27.8200,410.0000
27.8300,412.5200
27.8400,398.2325
27.8500,410.9325
27.8600,404.1075
27.8700,384.9475
27.8800,392.5300
27.8900,384.1500
27.9000,385.0025
27.9100,384.1675
27.9200,388.3250
27.9300,382.5225
27.9400,427.3125
27.9500,453.2825
27.9600,397.0325
27.9700,394.0400
27.9800,404.9600
27.9900,376.9450
28.0000,341.9275
28.0100,362.9900
28.0200,378.2700
28.0300,377.5350
28.0400,411.1525
28.0500,408.5700
28.0600,403.3325
28.0700,430.3400
28.0800,403.2125
28.0900,397.3500
28.1000,414.6825
28.1100,410.2225
28.1200,399.3400
28.1300,425.9375
28.1400,400.1200
28.1500,396.4025
28.1600,402.4300
28.1700,403.3325
28.1800,410.6100
28.1900,425.4475
28.2000,432.4200
28.2100,428.4975
28.2200,460.4775
28.2300,437.1500
28.2400,452.2475
28.2500,482.5875
28.2600,461.1500
28.2700,440.3950
28.2800,491.8400
28.2900,520.5225
28.3000,508.9725
28.3100,508.1150
28.3200,519.5525
28.3300,513.7925
28.3400,524.2975
28.3500,544.2800
28.3600,533.3575
28.3700,538.5400
28.3800,612.1225
28.3900,658.9550
28.4000,678.5000
28.4100,666.7850
28.4200,636.3875
28.4300,685.6325
28.4400,785.3900
28.4500,873.1450
28.4600,927.2250
28.4700,961.1300
28.4800,1021.5950
28.4900,1071.4425
28.5000,1165.2275
28.5100,1267.7775
28.5200,1327.0150
28.5300,1395.9625
28.5400,1499.1900
28.5500,1593.8200
28.5600,1703.6550
28.5700,1763.2100
28.5800,1761.7425
28.5900,1844.6625
28.6000,1904.1500
28.6100,1927.1950
28.6200,1956.4100
28.6300,2056.5600
28.6400,2165.7350
28.6500,2267.9525
28.6600,2325.2650
28.6700,2361.9025
28.6800,2446.6625
28.6900,2463.9775
28.7000,2447.5225
28.7100,2486.7200
28.7200,2458.7700
28.7300,2299.9825
28.7400,2175.2300
28.7500,2035.3025
28.7600,2008.3025
28.7700,2004.1275
28.7800,2037.4300
28.7900,2126.7875
28.8000,2320.4100
28.8100,2599.7625
28.8200,2897.2675
28.8300,3132.9100
28.8400,3413.6150
28.8500,3521.1575
28.8600,3417.9025
28.8700,3310.6525
28.8800,3439.9825
28.8900,3677.5975
28.9000,3861.5925
28.9100,4056.0400
28.9200,4113.3050
28.9300,4002.1200
28.9400,3905.5650
28.9500,3637.0175
28.9600,3387.0000
28.9700,3172.8025
28.9800,2990.5375
28.9900,2991.8750
29.0000,3044.2625
29.0100,3021.4200
29.0200,2930.7250
29.0300,2750.4900
29.0400,2459.3700
29.0500,2188.8250
29.0600,2008.1375
29.0700,1971.9750
29.0800,1927.5800
29.0900,1838.9175
29.1000,1739.1225
29.1100,1746.8550
29.1200,1852.5900
29.1300,2048.6200
29.1400,2240.5725
29.1500,2520.8725
29.1600,2856.2725
29.1700,3368.6225
29.1800,4172.2925
29.1900,5032.0025
29.2000,5974.4175
29.2100,7198.3250
29.2200,8528.8825
29.2300,9814.7025
29.2400,11086.7750
29.2500,12326.0600
29.2600,13436.1450
29.2700,14525.8325
29.2800,15303.7750
29.2900,15965.6475
29.3000,16645.0375
29.3100,17215.6550
29.3200,17265.5450
29.3300,16570.5775
29.3400,15844.5200
29.3500,14888.7625
29.3600,13745.0125
29.3700,12363.1500
29.3800,10920.6325
29.3900,9599.8575
29.4000,8465.6750
29.4100,7571.6000
29.4200,6647.5175
29.4300,5540.8625
29.4400,4493.7325
29.4500,3612.9225
29.4600,2920.1875
29.4700,2373.8950
29.4800,1979.7925
29.4900,1657.5375
29.5000,1412.3700
29.5100,1291.1500
29.5200,1199.2800
29.5300,1143.4925
29.5400,1102.4200
29.5500,1003.0625
29.5600,928.6675
29.5700,880.4875
29.5800,855.9000
29.5900,836.9525
29.6000,838.9350
29.6100,842.5825
29.6200,797.1725
29.6300,765.9275
29.6400,775.5375
29.6500,748.8000
29.6600,742.8975
29.6700,745.2300
29.6800,691.4375
29.6900,678.1875
29.7000,653.6750
29.7100,623.9550
29.7200,668.3050
29.7300,651.7600
29.7400,573.8325
29.7500,573.4025
29.7600,605.3450
29.7700,593.3400
29.7800,587.9875
29.7900,593.3325
29.8000,617.2275
29.8100,603.5050
29.8200,591.2775
29.8300,562.9525
29.8400,534.0575
29.8500,543.8450
29.8600,569.1350
29.8700,595.7800
29.8800,606.6675
29.8900,592.8950
29.9000,626.5525
29.9100,654.7050
29.9200,676.8425
29.9300,726.5950
29.9400,744.1375
29.9500,741.9500
29.9600,788.1475
29.9700,788.8675
29.9800,809.4150
29.9900,902.0950
30.0000,971.8575
30.0100,1048.0550
30.0200,1202.0825
30.0300,1406.8400
30.0400,1600.7300
30.0500,1774.8125
30.0600,1900.4750
30.0700,2007.1675
30.0800,2190.8150
30.0900,2381.8600
30.1000,2488.2225
30.1100,2697.9650
30.1200,2919.0925
30.1300,3011.8800
30.1400,2997.2250
30.1500,2863.7275
30.1600,2663.9450
30.1700,2467.3600
30.1800,2394.2250
30.1900,2379.2425
30.2000,2336.9525
30.2100,2318.5475
30.2200,2284.2975
30.2300,2157.2200
30.2400,1963.8300
30.2500,1785.3950
30.2600,1679.3000
30.2700,1584.7000
30.2800,1483.0325
30.2900,1407.9875
30.3000,1394.8625
30.3100,1351.0150
30.3200,1271.4725
30.3300,1267.3800
30.3400,1277.4325
30.3500,1282.9100
30.3600,1326.4825
30.3700,1443.4450
30.3800,1577.2650
30.3900,1755.0250
30.4000,1911.2675
30.4100,2015.4975
30.4200,2212.7200
30.4300,2479.1750
30.4400,2754.7300
30.4500,3096.0025
30.4600,3442.1300
30.4700,3721.0725
30.4800,3979.6325
30.4900,4289.7375
30.5000,4489.6950
30.5100,4519.7300
30.5200,4464.4950
30.5300,4270.9025
30.5400,4030.3300
30.5500,3892.1400
30.5600,3638.4850
30.5700,3262.5000
30.5800,2989.4500
30.5900,2717.0750
30.6000,2414.0050
30.6100,2235.4075
30.6200,2071.0375
30.6300,1881.9250
30.6400,1650.9625
30.6500,1414.7225
30.6600,1248.9600
30.6700,1113.3400
30.6800,1044.3725
30.6900,975.4600
30.7000,902.3200
30.7100,876.3400
30.7200,821.1175
30.7300,755.7500
30.7400,747.1100
30.7500,737.5500
30.7600,713.0600
30.7700,692.8075
30.7800,669.6200
30.7900,653.0925
30.8000,634.5950
30.8100,631.9425
30.8200,640.0000
30.8300,641.7175
30.8400,663.9000
30.8500,693.6000
30.8600,679.4125
30.8700,624.2550
30.8800,634.2125
30.8900,680.1350
30.9000,678.1775
30.9100,673.3900
30.9200,659.7400
30.9300,641.6425
30.9400,631.5625
30.9500,626.7025
30.9600,638.4100
30.9700,628.1925
30.9800,556.3450
30.9900,488.2675
31.0000,469.9900
31.0100,486.6925
31.0200,488.3400
31.0300,479.9800
31.0400,511.5900
31.0500,503.4875
31.0600,474.9900
31.0700,455.1800
31.0800,449.8350
31.0900,438.6600
31.1000,414.9350
31.1100,431.4950
31.1200,438.4150
31.1300,428.4225
31.1400,444.5800
31.1500,455.2450
31.1600,423.7850
31.1700,439.1125
31.1800,452.3125
31.1900,381.2775
31.2000,343.0425
31.2100,384.0325
31.2200,398.9225
31.2300,383.2200
31.2400,391.4900
31.2500,383.8250
31.2600,389.2300
31.2700,400.4000
31.2800,391.5975
31.2900,409.2775
31.3000,412.3400
31.3100,406.2025
31.3200,416.6675
31.3300,419.8350
31.3400,428.0775
31.3500,425.4400
31.3600,396.1775
31.3700,385.9200
31.3800,420.4200
31.3900,394.7225
31.4000,349.3925
31.4100,400.6325
31.4200,432.6250
31.4300,405.7650
31.4400,380.8950
31.4500,374.4275
31.4600,387.9825
31.4700,402.6150
31.4800,411.7900
31.4900,406.9175
31.5000,411.0275
31.5100,398.4900
31.5200,376.4000
31.5300,378.4700
31.5400,395.0075
31.5500,405.9850
31.5600,373.5325
31.5700,359.1225
31.5800,388.2150
31.5900,408.4850
31.6000,409.6925
31.6100,411.8225
31.6200,408.4925
31.6300,396.1325
31.6400,390.8425
31.6500,400.0000
31.6600,401.4975
31.6700,395.8625
31.6800,377.7175
31.6900,386.0225
31.7000,420.4050
31.7100,411.0800
31.7200,378.8900
31.7300,371.8550
31.7400,400.9900
31.7500,416.4300
31.7600,398.4300
31.7700,405.9950
31.7800,387.8750
31.7900,388.3675
31.8000,401.8725
31.8100,400.0000
31.8200,372.3625
31.8300,333.7625
31.8400,361.8875
31.8500,427.9275
31.8600,432.5625
31.8700,393.7825
31.8800,395.7550
31.8900,377.4800
31.9000,339.0325
31.9100,359.0900
31.9200,399.0475
31.9300,400.9650
31.9400,391.9100
31.9500,385.7375
31.9600,368.6575
31.9700,351.9175
31.9800,355.6500
31.9900,376.0225
32.0000,400.3700
32.0100,391.7400
32.0200,363.8625
32.0300,361.4000
32.0400,360.5400
32.0500,355.2725
32.0600,350.5500
32.0700,346.6675
32.0800,346.6675
32.0900,357.7375
32.1000,371.9525
32.1100,368.6225
32.1200,380.4250
32.1300,410.9850
32.1400,392.4025
32.1500,333.7575
32.1600,329.5575
32.1700,347.4225
32.1800,358.7750
32.1900,373.4550
32.2000,371.1400
32.2100,346.5725
32.2200,344.7650
32.2300,366.0950
32.2400,382.6900
32.2500,383.9825
32.2600,380.0000
32.2700,398.7125
32.2800,415.9950
32.2900,381.3625
32.3000,353.3325
32.3100,362.6150
32.3200,355.4900
32.3300,351.0725
32.3400,401.2425
32.3500,387.0200
32.3600,354.5450
32.3700,367.9775
32.3800,368.6925
32.3900,365.3625
32.4000,372.4525
32.4100,386.6675
32.4200,390.5575
32.4300,392.7825
32.4400,372.4525
32.4500,348.7100
32.4600,367.2575
32.4700,398.7150
32.4800,388.9775
32.4900,389.4575
32.5000,430.4225
32.5100,449.3200
32.5200,433.0225
32.5300,429.3775
32.5400,400.3375
32.5500,403.8975
32.5600,414.0575
32.5700,399.6250
32.5800,412.5100
32.5900,427.9425
32.6000,422.9100
32.6100,394.5625
32.6200,418.3150
32.6300,424.1825
32.6400,416.2800
32.6500,411.2375
32.6600,408.3950
32.6700,400.0000
32.6800,409.8375
32.6900,429.1200
32.7000,433.3325
32.7100,417.4500
32.7200,369.2750
32.7300,334.5500
32.7400,359.7325
32.7500,409.6900
32.7600,425.4575
32.7700,412.4775
32.7800,381.2975
32.7900,375.6125
32.8000,410.5225
32.8100,416.1575
32.8200,402.1400
32.8300,396.4275
32.8400,379.3075
32.8500,369.4825
32.8600,387.8500
32.8700,387.6400
32.8800,384.5100
32.8900,384.3175
32.9000,370.6200
32.9100,339.2950
32.9200,336.6775
32.9300,388.1525
32.9400,409.1425
32.9500,421.1600
32.9600,407.1375
32.9700,367.4325
32.9800,348.8475
32.9900,362.7550
33.0000,405.9450
33.0100,416.2725
33.0200,391.1425
33.0300,392.1950
33.0400,403.6350
33.0500,423.1975
33.0600,394.1650
33.0700,371.2325
33.0800,379.9125
33.0900,363.2975
33.1000,370.1150
33.1100,392.1950
33.1200,376.6400
33.1300,363.3325
33.1400,367.7750
33.1500,392.1750
33.1600,435.4900
33.1700,437.9475
33.1800,393.3325
33.1900,398.8200
33.2000,406.7150
33.2100,401.0925
33.2200,418.5875
33.2300,445.6525
33.2400,430.1600
33.2500,414.5025
33.2600,418.6350
33.2700,433.4375
33.2800,420.2225
33.2900,416.3100
33.3000,437.7350
33.3100,440.0000
33.3200,432.5525
33.3300,420.9125
33.3400,434.2350
33.3500,431.7150
33.3600,401.3975
33.3700,391.0500
33.3800,388.0900
33.3900,376.6675
33.4000,385.0125
33.4100,416.8625
33.4200,440.4375
33.4300,423.5600
33.4400,424.9300
33.4500,447.4550
33.4600,453.5825
33.4700,443.5900
33.4800,458.1450
33.4900,499.5250
33.5000,471.1225
33.5100,451.4525
33.5200,465.9500
33.5300,453.6375
33.5400,444.6525
33.5500,470.1425
33.5600,550.0225
33.5700,579.3300
33.5800,605.2975
33.5900,610.4600
33.6000,565.5950
33.6100,588.6450
33.6200,592.3475
33.6300,576.2200
33.6400,567.8750
33.6500,627.6450
33.6600,642.6950
33.6700,683.0725
33.6800,706.6675
33.6900,719.2625
33.7000,759.6625
33.7100,822.8500
33.7200,990.1700
33.7300,1212.2275
33.7400,1386.8775
33.7500,1610.5900
33.7600,1961.2500
33.7700,2375.7675
33.7800,2750.6275
33.7900,3213.6400
33.8000,3802.2475
33.8100,4330.2950
33.8200,4686.6100
33.8300,5003.5800
33.8400,5337.0025
33.8500,5525.7775
33.8600,5492.6275
33.8700,5217.8575
33.8800,4936.1450
33.8900,4655.3650
33.9000,4325.9975
33.9100,4103.0100
33.9200,3770.7625
33.9300,3376.1825
33.9400,3110.2625
33.9500,2874.1850
33.9600,2546.6975
33.9700,2132.5600
33.9800,1833.6850
33.9900,1546.1675
34.0000,1299.9425
34.0100,1136.4750
34.0200,1035.1450
34.0300,854.2200
34.0400,767.1750
34.0500,736.8425
34.0600,703.4975
34.0700,708.1000
34.0800,689.8550
34.0900,683.4675
34.1000,680.3675
34.1100,630.4050
34.1200,602.7875
34.1300,642.8525
34.1400,670.6025
34.1500,636.5200
34.1600,606.4750
34.1700,571.5875
34.1800,558.3550
34.1900,570.0675
34.2000,593.3575
34.2100,594.1300
34.2200,564.1650
34.2300,551.6775
34.2400,528.3775
34.2500,519.8625
34.2600,570.0000
34.2700,553.5725
34.2800,506.6075
34.2900,512.5850
34.3000,504.8825
34.3100,512.6975
34.3200,499.7050
34.3300,542.0925
34.3400,563.1225
34.3500,518.0125
34.3600,549.7225
34.3700,554.8750
34.3800,499.5250
34.3900,484.5775
34.4000,514.7300
34.4100,541.0050
34.4200,582.9350
34.4300,611.9250
34.4400,636.1075
34.4500,635.7475
34.4600,668.9325
34.4700,647.9575
34.4800,677.9325
34.4900,732.7925
34.5000,740.3575
34.5100,714.1650
34.5200,777.8825
34.5300,799.3800
34.5400,823.0125
34.5500,839.3400
34.5600,862.2450
34.5700,862.5425
34.5800,858.2200
34.5900,939.2600
34.6000,962.2150
34.6100,961.9075
34.6200,934.0675
34.6300,935.2050
34.6400,934.3700
34.6500,934.0350
34.6600,887.5150
34.6700,907.9300
34.6800,846.4625
34.6900,852.1100
34.7000,778.8225
34.7100,768.4750
34.7200,814.7150
34.7300,705.8150
34.7400,592.7875
34.7500,551.2325
34.7600,547.5225
34.7700,561.9425
34.7800,548.3500
34.7900,507.6900
34.8000,470.5800
34.8100,462.7425
34.8200,471.9675
34.8300,451.6925
34.8400,392.6550
34.8500,397.4325
34.8600,429.3600
34.8700,432.6225
34.8800,407.3425
34.8900,421.3375
34.9000,403.3875
34.9100,358.0475
34.9200,346.5400
34.9300,384.7000
34.9400,372.7475
34.9500,358.6175
34.9600,364.0750
34.9700,356.5625
34.9800,373.8600
34.9900,391.2825
35.0000,398.5825
35.0100,394.5875
35.0200,347.1325
35.0300,363.3325
35.0400,375.2700
35.0500,418.5325
35.0600,375.8525
35.0700,350.7825
35.0800,385.1875
35.0900,390.2550
35.1000,381.5725
35.1100,396.6125
35.1200,363.0150
35.1300,352.1200
35.1400,374.2525
35.1500,363.3325
35.1600,368.1200
35.1700,387.6150
35.1800,380.8225
35.1900,396.4525
35.2000,378.2350
35.2100,369.4150
35.2200,364.9150
35.2300,357.8300
35.2400,366.8050
35.2500,386.7900
35.2600,403.9075
35.2700,403.2400
35.2800,391.2175
35.2900,407.1050
35.3000,374.4125
35.3100,366.7025
35.3200,378.8625
35.3300,365.5700
35.3400,408.3375
35.3500,387.3150
35.3600,322.2350
35.3700,322.6800
35.3800,354.4225
35.3900,356.7500
35.4000,340.5400
35.4100,346.0175
35.4200,365.3425
35.4300,392.2700
35.4400,383.4900
35.4500,370.8825
35.4600,384.4175
35.4700,336.1450
35.4800,333.8525
35.4900,342.8700
35.5000,378.2100
35.5100,394.8600
35.5200,431.3350
35.5300,374.7100
35.5400,334.7425
35.5500,388.5400
35.5600,438.6650
35.5700,440.0525
35.5800,382.8375
35.5900,393.7900
35.6000,473.8225
35.6100,477.6425
35.6200,486.2450
35.6300,507.6775
35.6400,531.8925
35.6500,533.8450
35.6600,603.7975
35.6700,639.1000
35.6800,594.7450
35.6900,610.8225
35.7000,663.1850
35.7100,712.5950
35.7200,758.4825
35.7300,683.0000
35.7400,673.2175
35.7500,774.8000
35.7600,885.9425
35.7700,862.2425
35.7800,898.0750
35.7900,1054.8550
35.8000,1167.1575
35.8100,1146.4100
35.8200,1291.0650
35.8300,1384.4975
35.8400,1376.4700
35.8500,1422.5750
35.8600,1438.7200
35.8700,1432.1200
35.8800,1447.5100
35.8900,1452.9150
35.9000,1462.0875
35.9100,1526.3625
35.9200,1371.3875
35.9300,1264.9625
35.9400,1099.0075
35.9500,1011.0975
35.9600,951.4925
35.9700,987.8650
35.9800,991.5000
35.9900,946.2250
36.0000,883.5200
36.0100,804.9275
36.0200,757.7500
36.0300,683.8350
36.0400,644.3225
36.0500,702.1925
36.0600,686.9075
36.0700,646.8075
36.0800,736.3700
36.0900,809.2550
36.1000,776.2975
36.1100,769.3075
36.1200,742.1200
36.1300,780.1675
36.1400,724.8725
36.1500,707.5050
36.1600,685.9600
36.1700,678.5950
36.1800,665.6200
36.1900,658.0525
36.2000,668.6225
36.2100,652.5650
36.2200,614.6300
36.2300,591.2750
36.2400,543.3325
36.2500,539.6800
36.2600,500.0725
36.2700,437.3825
36.2800,413.6575
36.2900,417.6350
36.3000,426.3475
36.3100,419.2025
36.3200,383.1525
36.3300,412.7075
36.3400,409.4625
36.3500,436.6675
36.3600,433.9150
36.3700,406.9700
36.3800,406.6900
36.3900,371.2425
36.4000,350.8875
36.4100,362.3500
36.4200,391.3275
36.4300,438.5550
36.4400,420.4675
36.4500,388.8625
36.4600,376.1025
36.4700,370.5600
36.4800,379.7125
36.4900,416.6275
36.5000,451.9725
36.5100,435.5875
36.5200,416.1125
36.5300,336.2500
36.5400,373.4150
36.5500,410.4700
36.5600,378.7300
36.5700,403.3325
36.5800,401.8150
36.5900,385.0875
36.6000,407.1625
36.6100,412.8425
36.6200,407.3975
36.6300,418.1150
36.6400,435.2325
36.6500,415.0125
36.6600,394.7375
36.6700,413.3325
36.6800,411.7275
36.6900,391.3625
36.7000,407.9800
36.7100,378.0000
36.7200,350.8800
36.7300,365.9425
36.7400,403.3325
36.7500,403.1200
36.7600,397.4750
36.7700,362.0800
36.7800,391.2775
36.7900,359.3900
36.8000,348.5950
36.8100,328.2550
36.8200,354.3150
36.8300,370.9700
36.8400,385.1350
36.8500,358.4875
36.8600,333.3325
36.8700,334.8075
36.8800,358.7250
36.8900,335.2300
36.9000,312.3050
36.9100,354.9075
36.9200,381.7800
36.9300,353.8450
36.9400,362.6625
36.9500,353.1450
36.9600,413.4975
36.9700,415.0600
36.9800,383.0175
36.9900,378.8525
37.0000,421.0275
37.0100,371.9700
37.0200,345.2700
37.0300,387.8400
37.0400,413.1900
37.0500,409.7150
37.0600,405.2875
37.0700,448.9025
37.0800,421.9850
37.0900,390.3975
37.1000,402.0825
37.1100,453.7175
37.1200,461.5750
37.1300,416.6675
37.1400,416.5450
37.1500,413.0975
37.1600,405.9700
37.1700,388.2600
37.1800,433.5575
37.1900,439.4550
37.2000,423.2275
37.2100,419.7900
37.2200,414.0475
37.2300,435.7675
37.2400,407.1550
37.2500,424.5700
37.2600,466.6675
37.2700,466.1225
37.2800,447.9900
37.2900,496.2375
37.3000,479.0825
37.3100,443.2525
37.3200,441.4975
37.3300,503.5625
37.3400,512.8875
37.3500,493.3325
37.3600,493.7500
37.3700,514.0725
37.3800,551.4925
37.3900,626.4800
37.4000,617.0275
37.4100,637.4200
37.4200,679.8875
37.4300,673.5475
37.4400,688.4525
37.4500,803.8200
37.4600,837.6400
37.4700,909.0025
37.4800,1084.9625
37.4900,1215.3050
37.5000,1383.2300
37.5100,1673.8300
37.5200,2040.5675
37.5300,2440.1400
37.5400,2822.5100
37.5500,3122.6600
37.5600,3467.4350
37.5700,3577.8200
37.5800,3763.9200
37.5900,4461.0150
37.6000,4665.4150
37.6100,4371.4225
37.6200,4773.0025
37.6300,4657.0600
37.6400,4839.8450
37.6500,4733.1650
37.6600,4513.2900
37.6700,3967.0000
37.6800,3340.8150
37.6900,3027.2900
37.7000,2910.3125
37.7100,2853.5250
37.7200,2620.9450
37.7300,2447.4875
37.7400,2307.4275
37.7500,2068.1350
37.7600,1914.3775
37.7700,1579.1875
37.7800,1477.4850
37.7900,1354.4275
37.8000,1330.2225
37.8100,1330.0000
37.8200,1422.3150
37.8300,1558.4150
37.8400,1724.6175
37.8500,1789.1775
37.8600,1845.8925
37.8700,1849.9525
37.8800,1978.0475
37.8900,1930.7850
37.9000,1848.0325
37.9100,1958.0650
37.9200,2074.5950
37.9300,1913.0750
37.9400,1854.4175
37.9500,1833.7300
37.9600,1849.6575
37.9700,1801.0575
37.9800,1692.4050
37.9900,1491.2475
38.0000,1447.5950
38.0100,1368.5775
38.0200,1155.3250
38.0300,1107.7600
38.0400,1116.4075
38.0500,999.8600
38.0600,944.7900
38.0700,836.4100
38.0800,833.3325
38.0900,807.4500
38.1000,742.0000
38.1100,668.9175
38.1200,711.8700
38.1300,661.7100
38.1400,627.7575
38.1500,642.7775
38.1600,636.8950
38.1700,610.9275
38.1800,626.0750
38.1900,694.1400
38.2000,738.4075
38.2100,723.9575
38.2200,781.0450
38.2300,837.8000
38.2400,932.8500
38.2500,1083.8425
38.2600,1224.2850
38.2700,1386.5550
38.2800,1584.9000
38.2900,1816.6700
38.3000,1928.6925
38.3100,1962.0075
38.3200,2046.1125
38.3300,1964.0975
38.3400,1966.3575
38.3500,2068.3325
38.3600,2143.1800
38.3700,2400.4750
38.3800,2489.4225
38.3900,2163.8475
38.4000,2083.3500
38.4100,2048.3625
38.4200,1825.3675
38.4300,1566.9175
38.4400,1464.9375
38.4500,1387.4400
38.4600,1361.2650
38.4700,1262.3425
38.4800,1288.1475
38.4900,1189.3325
38.5000,1026.1525
38.5100,988.3950
38.5200,948.9975
38.5300,767.8625
38.5400,706.5125
38.5500,681.4050
38.5600,573.5700
38.5700,541.6425
38.5800,533.7475
38.5900,570.8175
38.6000,520.2700
38.6100,488.5950
38.6200,489.7825
38.6300,461.9675
38.6400,463.1125
38.6500,457.1125
38.6600,459.7750
38.6700,466.2125
38.6800,472.8750
38.6900,457.8250
38.7000,441.1700
38.7100,412.1275
38.7200,422.3800
38.7300,460.4450
38.7400,466.4250
38.7500,454.3125
38.7600,440.9900
38.7700,418.4125
38.7800,462.8925
38.7900,488.2225
38.8000,474.6125
38.8100,467.1825
38.8200,491.2500
38.8300,468.7675
38.8400,466.6675
38.8500,503.4625
38.8600,521.9875
38.8700,535.5800
38.8800,631.5175
38.8900,627.7700
38.9000,693.8850
38.9100,733.5850
38.9200,721.4125
38.9300,701.7075
38.9400,696.9525
38.9500,766.6875
38.9600,758.1225
38.9700,759.7075
38.9800,741.7725
38.9900,743.0350
39.0000,700.8650
39.0100,723.9475
39.0200,684.2575
39.0300,683.0275
39.0400,659.1350
39.0500,596.2150
39.0600,671.5525
39.0700,670.9450
39.0800,642.8550
39.0900,594.7900
39.1000,586.9875
39.1100,586.6675
39.1200,541.5550
39.1300,533.6625
39.1400,572.3750
39.1500,660.6925
39.1600,646.0100
39.1700,688.2825
39.1800,750.2275
39.1900,858.4050
39.2000,962.6950
39.2100,1039.0700
39.2200,1210.8875
39.2300,1286.6900
39.2400,1326.1300
39.2500,1431.2975
39.2600,1589.2175
39.2700,1737.5700
39.2800,1875.2225
39.2900,2071.2175
39.3000,2155.6750
39.3100,2044.6750
39.3200,1929.2125
39.3300,1875.1975
39.3400,1724.9600
39.3500,1543.9825
39.3600,1434.6625
39.3700,1405.6125
39.3800,1373.8200
39.3900,1358.2025
39.4000,1318.3525
39.4100,1242.6525
39.4200,1195.0750
39.4300,1125.3025
39.4400,1043.2000
39.4500,1003.9675
39.4600,900.2325
39.4700,833.8875
39.4800,858.8975
39.4900,904.3250
39.5000,948.0350
39.5100,994.2650
39.5200,1099.3325
39.5300,1259.3050
39.5400,1469.6250
39.5500,1619.1050
39.5600,1712.4075
39.5700,1854.3250
39.5800,1928.6000
39.5900,1983.1750
39.6000,2074.2325
39.6100,2147.6175
39.6200,2153.7675
39.6300,2118.5550
39.6400,2023.5525
39.6500,1963.6950
39.6600,1780.2625
39.6700,1591.5050
39.6800,1465.5975
39.6900,1403.8300
39.7000,1255.3775
39.7100,1267.9100
39.7200,1209.9900
39.7300,1223.0175
39.7400,1206.5425
39.7500,1013.7200
39.7600,891.4675
39.7700,782.0000
39.7800,683.5350
39.7900,584.0650
39.8000,527.0650
39.8100,514.2800
39.8200,481.8925
39.8300,493.8025
39.8400,468.1275
39.8500,457.6300
39.8600,468.0650
39.8700,438.6750
39.8800,436.1800
39.8900,396.8575
39.9000,387.1575
39.9100,398.0250
39.9200,448.2350
39.9300,433.9850
39.9400,410.1675
39.9500,386.8500
39.9600,403.1350
39.9700,406.6675
39.9800,381.2425
39.9900,419.0075
40.0000,412.5625
40.0100,401.5450
40.0200,391.5500
40.0300,401.2575
40.0400,400.5200
40.0500,363.4675
40.0600,379.1325
40.0700,360.8850
40.0800,367.8825
40.0900,409.2275
40.1000,411.0675
40.1100,423.9900
40.1200,423.8700
40.1300,442.8900
40.1400,463.4175
40.1500,438.7700
40.1600,430.5450
40.1700,404.9300
40.1800,411.1325
40.1900,441.1475
40.2000,416.0950
40.2100,398.8900
40.2200,382.7900
40.2300,374.4550
40.2400,376.1050
40.2500,373.8975
40.2600,370.5675
40.2700,367.2350
40.2800,352.8525
40.2900,374.8475
40.3000,399.3125
40.3100,348.2000
40.3200,361.4600
40.3300,391.4400
40.3400,443.4275
40.3500,445.0875
40.3600,415.8675
40.3700,407.2550
40.3800,464.2575
40.3900,457.4850
40.4000,461.5475
40.4100,441.4425
40.4200,433.9325
40.4300,466.1200
40.4400,462.4125
40.4500,446.3600
40.4600,446.0600
40.4700,449.3900
40.4800,447.2775
40.4900,511.9500
40.5000,542.9750
40.5100,516.7900
40.5200,499.1450
40.5300,496.6675
40.5400,545.4450
40.5500,562.0825
40.5600,533.5675
40.5700,551.0025
40.5800,583.6850
40.5900,592.7000
40.6000,687.7600
40.6100,777.3975
40.6200,917.2500
40.6300,1040.8800
40.6400,1119.8200
40.6500,1286.5400
40.6600,1393.1650
40.6700,1546.8750
40.6800,1722.1350
40.6900,1906.7350
40.7000,2307.5125
40.7100,2530.4550
40.7200,2555.3125
40.7300,2844.5575
40.7400,3314.4650
40.7500,3266.6050
40.7600,3232.6650
40.7700,3299.9275
40.7800,3234.1500
40.7900,2952.6725
40.8000,2732.5125
40.8100,2565.8525
40.8200,2485.5650
40.8300,2369.9100
40.8400,2242.6375
40.8500,2200.7800
40.8600,2119.9350
40.8700,1962.5175
40.8800,1836.8400
40.8900,1728.8550
40.9000,1543.1125
40.9100,1283.8500
40.9200,1102.8675
40.9300,954.1900
40.9400,870.7325
40.9500,772.5675
40.9600,679.0950
40.9700,633.7575
40.9800,608.3125
40.9900,582.3725
41.0000,550.4850
41.0100,483.1600
41.0200,498.0375
41.0300,519.7275
41.0400,523.3325
41.0500,481.6000
41.0600,467.3925
41.0700,456.2500
41.0800,435.1150
41.0900,450.8050
41.1000,469.6600
41.1100,408.4175
41.1200,384.8100
41.1300,414.4450
41.1400,402.6075
41.1500,396.6675
41.1600,396.6675
41.1700,430.2700
41.1800,460.6625
41.1900,443.4375
41.2000,408.2975
41.2100,425.7700
41.2200,438.4825
41.2300,388.5350
41.2400,432.4725
41.2500,393.4750
41.2600,397.2050
41.2700,385.3750
41.2800,341.5475
41.2900,345.3700
41.3000,396.0750
41.3100,397.2125
41.3200,383.1100
41.3300,392.7700
41.3400,391.5625
41.3500,367.0500
41.3600,367.6450
41.3700,375.0925
41.3800,386.8425
41.3900,387.4575
41.4000,419.6925
41.4100,427.4625
41.4200,413.9850
41.4300,384.6550
41.4400,379.2000
41.4500,357.2225
41.4600,382.8750
41.4700,436.2925
41.4800,434.8500
41.4900,397.2000
41.5000,391.7100
41.5100,398.3725
41.5200,432.7250
41.5300,443.3325
41.5400,433.2800
41.5500,430.0000
41.5600,440.0400
41.5700,455.8725
41.5800,429.9275
41.5900,399.9675
41.6000,375.8175
41.6100,387.5025
41.6200,365.8525
41.6300,379.1350
41.6400,384.1725
41.6500,395.7975
41.6600,429.8900
41.6700,415.1100
41.6800,421.5875
41.6900,406.7850
41.7000,387.5850
41.7100,353.5575
41.7200,397.8825
41.7300,461.2625
41.7400,471.7150
41.7500,470.0000
41.7600,465.0550
41.7700,495.4450
41.7800,514.0700
41.7900,499.4025
41.8000,525.3700
41.8100,595.7675
41.8200,665.8800
41.8300,685.7925
41.8400,807.0550
41.8500,911.3775
41.8600,1021.6475
41.8700,1180.8025
41.8800,1331.9925
41.8900,1494.8275
41.9000,1691.6350
41.9100,1881.0800
41.9200,2044.7750
41.9300,2223.3150
41.9400,2375.7400
41.9500,2442.5700
41.9600,2484.9825
41.9700,2474.7725
41.9800,2554.1775
41.9900,2491.9350
42.0000,2364.4350
42.0100,2300.8975
42.0200,2195.4850
42.0300,2089.7725
42.0400,2017.3575
42.0500,1912.9550
42.0600,1880.0000
42.0700,1730.3175
42.0800,1543.0650
42.0900,1435.4800
42.1000,1410.9250
42.1100,1323.3525
42.1200,1232.2800
42.1300,1077.8250
42.1400,918.6050
42.1500,766.2875
42.1600,670.5850
42.1700,621.2500
42.1800,583.6650
42.1900,549.4125
42.2000,530.4375
42.2100,517.1125
42.2200,503.7875
42.2300,490.4600
42.2400,446.1550
42.2500,430.0000
42.2600,406.2050
42.2700,410.9325
42.2800,447.5525
42.2900,474.2450
42.3000,463.3950
42.3100,435.3325
42.3200,421.9300
42.3300,422.3675
42.3400,430.4275
42.3500,466.4175
42.3600,456.3875
42.3700,467.9025
42.3800,486.0975
42.3900,485.2875
42.4000,462.1475
42.4100,462.7425
42.4200,480.7700
42.4300,498.4100
42.4400,508.0275
42.4500,517.0350
42.4600,484.8500
42.4700,509.8050
42.4800,540.7050
42.4900,544.3275
42.5000,578.3750
42.5100,612.0075
42.5200,624.6650
42.5300,635.9900
42.5400,623.6975
42.5500,628.3025
42.5600,631.0075
42.5700,613.7350
42.5800,571.8375
42.5900,565.9475
42.6000,588.5475
42.6100,619.8325
42.6200,639.2600
42.6300,610.9500
42.6400,596.6675
42.6500,575.8825
42.6600,543.5900
42.6700,494.1325
42.6800,476.6675
42.6900,453.6425
42.7000,436.4325
42.7100,435.6325
42.7200,438.9650
42.7300,414.7500
42.7400,398.7450
42.7500,447.0875
42.7600,458.5500
42.7700,432.7375
42.7800,386.7475
42.7900,374.5700
42.8000,365.2500
42.8100,369.1250
42.8200,366.4950
42.8300,356.5000
42.8400,369.2650
42.8500,378.9400
42.8600,384.5450
42.8700,388.9375
42.8800,355.9625
42.8900,405.7550
42.9000,425.3375
42.9100,404.1525
42.9200,410.2400
42.9300,434.7500
42.9400,479.4725
42.9500,483.1250
42.9600,508.2400
42.9700,480.5175
42.9800,471.2600
42.9900,474.4175
43.0000,468.8375
43.0100,484.6400
43.0200,520.2725
43.0300,519.8750
43.0400,475.2275
43.0500,440.9875
43.0600,440.0475
43.0700,476.8775
43.0800,482.1600
43.0900,494.5300
43.1000,503.3325
43.1100,443.1375
43.1200,388.8275
43.1300,369.9875
43.1400,368.8900
43.1500,367.7775
43.1600,353.3400
43.1700,368.8600
43.1800,406.6100
43.1900,402.2725
43.2000,406.6175
43.2100,400.0575
43.2200,375.6475
43.2300,326.9025
43.2400,315.4950
43.2500,331.0275
43.2600,334.4625
43.2700,359.7600
43.2800,393.1400
43.2900,407.7300
43.3000,392.4225
43.3100,381.1375
43.3200,404.1325
43.3300,407.8975
43.3400,374.8575
43.3500,414.7200
43.3600,410.5250
43.3700,408.6325
43.3800,416.6675
43.3900,429.7600
43.4000,419.2225
43.4100,383.8550
43.4200,393.9475
43.4300,413.1925
43.4400,392.7550
43.4500,384.3450
43.4600,404.0300
43.4700,406.8275
43.4800,412.0025
43.4900,425.3275
43.5000,421.3450
43.5100,410.1800
43.5200,421.7900
43.5300,434.3175
43.5400,479.8100
43.5500,494.7100
43.5600,479.2300
43.5700,477.6375
43.5800,462.7950
43.5900,481.2700
43.6000,479.4875
43.6100,437.8150
43.6200,447.8725
43.6300,504.0400
43.6400,496.6950
43.6500,514.2250
43.6600,541.8825
43.6700,523.1725
43.6800,524.9400
43.6900,552.5275
43.7000,561.2025
43.7100,557.8700
43.7200,556.6675
43.7300,550.2875
43.7400,574.2850
43.7500,556.0350
43.7600,536.6675
43.7700,551.5050
43.7800,579.0625
43.7900,598.4650
43.8000,594.8750
43.8100,558.3025
43.8200,540.0000
43.8300,558.9900
43.8400,593.1900
43.8500,612.9875
43.8600,622.9825
43.8700,647.7025
43.8800,653.6950
43.8900,633.1975
43.9000,638.0250
43.9100,676.0250
43.9200,735.2425
43.9300,806.0650
43.9400,891.9175
43.9500,960.1175
43.9600,1036.4050
43.9700,1072.0875
43.9800,1062.9050
43.9900,1117.1125
44.0000,1186.6575
44.0100,1262.8575
44.0200,1309.1450
44.0300,1356.1475
44.0400,1411.1450
44.0500,1415.4775
44.0600,1396.3000
44.0700,1392.0725
44.0800,1339.5125
44.0900,1244.6125
44.1000,1171.5300
44.1100,1102.4975
44.1200,1075.3975
44.1300,1053.9825
44.1400,1021.4550
44.1500,896.7525
44.1600,880.1625
44.1700,905.1100
44.1800,902.0550
44.1900,847.9075
44.2000,837.9475
44.2100,871.7800
44.2200,819.8425
44.2300,743.1625
44.2400,740.4500
44.2500,736.9850
44.2600,683.7875
44.2700,693.3925
44.2800,761.5200
44.2900,806.2975
44.3000,820.7375
44.3100,815.1975
44.3200,807.9675
44.3300,755.8900
44.3400,705.0675
44.3500,658.8575
44.3600,606.2700
44.3700,572.4925
44.3800,561.3100
44.3900,566.0650
44.4000,578.0825
44.4100,571.2200
44.4200,577.4550
44.4300,584.6500
44.4400,543.0475
44.4500,508.6150
44.4600,471.1550
44.4700,423.8750
44.4800,420.7225
44.4900,427.9925
44.5000,464.7650
44.5100,477.9775
44.5200,447.9775
44.5300,437.3350
44.5400,430.0050
44.5500,417.3400
44.5600,391.3775
44.5700,388.6350
44.5800,368.7650
44.5900,355.9750
44.6000,346.0700
44.6100,342.6325
44.6200,336.7325
44.6300,373.6825
44.6400,373.5725
44.6500,371.1750
44.6600,369.4650
44.6700,363.9600
44.6800,358.7550
44.6900,363.2150
44.7000,368.0250
44.7100,356.7975
44.7200,351.9725
44.7300,375.0100
44.7400,390.0000
44.7500,393.9350
44.7600,424.1925
44.7700,435.4750
44.7800,428.0375
44.7900,428.6275
44.8000,457.4450
44.8100,531.5125
44.8200,618.9325
44.8300,696.3625
44.8400,781.3900
44.8500,825.8600
44.8600,800.7275
44.8700,766.3500
44.8800,735.2325
44.8900,694.6875
44.9000,633.8625
44.9100,566.3950
44.9200,534.1725
44.9300,541.6475
44.9400,559.7000
44.9500,593.8050
44.9600,609.4600
44.9700,610.5375
44.9800,553.3775
44.9900,502.2700
45.0000,514.0475
45.0100,517.0175
45.0200,475.2925
45.0300,421.0975
45.0400,392.2975
45.0500,403.9825
45.0600,380.1400
45.0700,341.8075
45.0800,346.7700
45.0900,341.3200
45.1000,335.7500
45.1100,340.0000
45.1200,340.0000
45.1300,359.1250
45.1400,382.8900
45.1500,376.6325
45.1600,355.2175
45.1700,354.2950
45.1800,365.7175
45.1900,360.4800
45.2000,357.1375
45.2100,335.2850
45.2200,320.4650
45.2300,330.9275
45.2400,348.0475
45.2500,347.1900
45.2600,355.1525
45.2700,345.8475
45.2800,328.1075
45.2900,347.4550
45.3000,378.4425
45.3100,410.7575
45.3200,409.6950
45.3300,391.0125
45.3400,382.9000
45.3500,372.4725
45.3600,374.1875
45.3700,387.5150
45.3800,398.9650
45.3900,392.0775
45.4000,373.9600
45.4100,351.6800
45.4200,332.5125
45.4300,371.5600
45.4400,393.5825
45.4500,385.2000
45.4600,371.7350
45.4700,350.6750
45.4800,365.6975
45.4900,387.0575
45.5000,358.3650
45.5100,342.6300
45.5200,364.8650
45.5300,352.5275
45.5400,337.0450
45.5500,343.7075
45.5600,367.0475
45.5700,379.6300
45.5800,372.9675
45.5900,386.6375
45.6000,381.5275
45.6100,375.8975
45.6200,392.5575
45.6300,411.0600
45.6400,445.7875
45.6500,453.7825
45.6600,465.4050
45.6700,492.5225
45.6800,500.0000
45.6900,518.3525
45.7000,514.9950
45.7100,521.9900
45.7200,574.7925
45.7300,621.6325
45.7400,622.0375
45.7500,602.6900
45.7600,589.3625
45.7700,601.5800
45.7800,618.4900
45.7900,596.3150
45.8000,554.8200
45.8100,542.1250
45.8200,546.6675
45.8300,523.0500
45.8400,534.1950
45.8500,594.4675
45.8600,592.5175
45.8700,553.9875
45.8800,537.9025
45.8900,562.2750
45.9000,572.2075
45.9100,556.3875
45.9200,565.9675
45.9300,571.2550
45.9400,555.8525
45.9500,528.6575
45.9600,506.1350
45.9700,467.6275
45.9800,416.6375
45.9900,418.2175
46.0000,429.4875
46.0100,416.1600
46.0200,411.7925
46.0300,422.2875
46.0400,428.2100
46.0500,428.4550
46.0600,444.2950
46.0700,403.1000
46.0800,369.1575
46.0900,406.7450
46.1000,389.0200
46.1100,335.5275
46.1200,339.5700
46.1300,356.6675
46.1400,344.2300
46.1500,328.0075
46.1600,330.4300
46.1700,341.9850
46.1800,343.1225
46.1900,341.7700
46.2000,334.4875
46.2100,323.1300
46.2200,325.3000
46.2300,331.7650
46.2400,324.5125
46.2500,327.2425
46.2600,331.3825
46.2700,326.6675
46.2800,338.9800
46.2900,351.7575
46.3000,319.9575
46.3100,279.4675
46.3200,275.2625
46.3300,313.3050
46.3400,348.5875
46.3500,342.8300
46.3600,326.3375
46.3700,339.2275
46.3800,368.8950
46.3900,383.4900
46.4000,400.6200
46.4100,408.1050
46.4200,399.8500
46.4300,412.3325
46.4400,430.1450
46.4500,431.5950
46.4600,428.2625
46.4700,409.3100
46.4800,379.4575
46.4900,373.6000
46.5000,385.1975
46.5100,431.5425
46.5200,425.0275
46.5300,397.1625
46.5400,411.7275
46.5500,418.5125
46.5600,394.0100
46.5700,363.2200
46.5800,380.6700
46.5900,432.7050
46.6000,444.4125
46.6100,416.3525
46.6200,418.6900
46.6300,428.2825
46.6400,424.9525
46.6500,407.9050
46.6600,381.3425
46.6700,363.1525
46.6800,366.9300
46.6900,386.9225
46.7000,381.2925
46.7100,364.9600
46.7200,376.9800
46.7300,374.6575
46.7400,358.2975
46.7500,377.0975
46.7600,379.6525
46.7700,349.7325
46.7800,351.9575
46.7900,349.6875
46.8000,314.6700
46.8100,313.6225
46.8200,341.8600
46.8300,353.3325
46.8400,348.2575
46.8500,339.9525
46.8600,356.9425
46.8700,373.2900
46.8800,341.3125
46.8900,309.9600
46.9000,299.9250
46.9100,321.9625
46.9200,375.2425
46.9300,363.0025
46.9400,313.2225
46.9500,330.2300
46.9600,339.8600
46.9700,309.9375
46.9800,316.7600
46.9900,350.0825
47.0000,346.5800
47.0100,326.6675
47.0200,351.7400
47.0300,368.3150
47.0400,341.6375
47.0500,343.3525
47.0600,390.0075
47.0700,410.0025
47.0800,390.0150
47.0900,373.3400
47.1000,403.2525
47.1100,463.2525
47.1200,494.9825
47.1300,511.6150
47.1400,548.2075
47.1500,570.0200
47.1600,573.2900
47.1700,609.7900
47.1800,625.1150
47.1900,638.0975
47.2000,676.5775
47.2100,648.7025
47.2200,634.7425
47.2300,650.1100
47.2400,641.6475
47.2500,668.0275
47.2600,708.1400
47.2700,685.5200
47.2800,607.2350
47.2900,573.2350
47.3000,601.3300
47.3100,597.0975
47.3200,561.8075
47.3300,543.5075
47.3400,533.3325
47.3500,516.9775
47.3600,495.0975
47.3700,511.2350
47.3800,523.5400
47.3900,508.4400
47.4000,459.3175
47.4100,442.6575
47.4200,440.7725
47.4300,388.7700
47.4400,361.8700
47.4500,358.2075
47.4600,360.0850
47.4700,361.5350
47.4800,363.4225
47.4900,342.1725
47.5000,336.2900
47.5100,341.9075
47.5200,331.7150
47.5300,336.4675
47.5400,351.4100
47.5500,361.6150
47.5600,363.3325
47.5700,369.7825
47.5800,392.7800
47.5900,410.0000
47.6000,418.0475
47.6100,400.9325
47.6200,371.7250
47.6300,374.8200
47.6400,360.7375
47.6500,346.4175
47.6600,370.9700
47.6700,390.0000
47.6800,407.6125
47.6900,434.6675
47.7000,440.1350
47.7100,436.6675
47.7200,431.8750
47.7300,407.5125
47.7400,386.6675
47.7500,386.6675
47.7600,372.3275
47.7700,377.3650
47.7800,379.3150
47.7900,375.7500
47.8000,401.4350
47.8100,408.2550
47.8200,408.4125
47.8300,408.2525
47.8400,395.7325
47.8500,375.2475
47.8600,363.6675
47.8700,347.1725
47.8800,349.3175
47.8900,363.3325
47.9000,360.1750
47.9100,344.0400
47.9200,326.8450
47.9300,323.3325
47.9400,342.2400
47.9500,372.7800
47.9600,380.1850
47.9700,373.5225
47.9800,371.5725
47.9900,351.3425
48.0000,321.9575
48.0100,318.2350
48.0200,302.7550
48.0300,289.6000
48.0400,327.9850
48.0500,352.3775
48.0600,333.7450
48.0700,334.4825
48.0800,358.9550
48.0900,384.4725
48.1000,401.1350
48.1100,408.4400
48.1200,383.2925
48.1300,373.7975
48.1400,421.3500
48.1500,440.8900
48.1600,429.7750
48.1700,458.1925
48.1800,506.8525
48.1900,509.8275
48.2000,486.6675
48.2100,509.9150
48.2200,532.0200
48.2300,556.0800
48.2400,554.4150
48.2500,536.5275
48.2600,549.4250
48.2700,530.2450
48.2800,514.3175
48.2900,515.4250
48.3000,541.0425
48.3100,553.0825
48.3200,570.5250
48.3300,634.3750
48.3400,708.4575
48.3500,716.1650
48.3600,732.2600
48.3700,793.0300
48.3800,786.2425
48.3900,778.8700
48.4000,798.2750
48.4100,770.5400
48.4200,766.3950
48.4300,760.8200
48.4400,742.3550
48.4500,701.2400
48.4600,645.0050
48.4700,629.4400
48.4800,629.0400
48.4900,594.0800
48.5000,545.0475
48.5100,527.9025
48.5200,531.8125
48.5300,520.8725
48.5400,522.1625
48.5500,547.3025
48.5600,540.2600
48.5700,518.1850
48.5800,492.6975
48.5900,438.7775
48.6000,416.3625
48.6100,395.7725
48.6200,365.1525
48.6300,396.6075
48.6400,400.3875
48.6500,370.2625
48.6600,357.9800
48.6700,323.3325
48.6800,327.8575
48.6900,346.9000
48.7000,363.3325
48.7100,339.2425
48.7200,319.0275
48.7300,345.0400
48.7400,354.3150
48.7500,338.8275
48.7600,339.3400
48.7700,340.6650
48.7800,327.3350
48.7900,336.4875
48.8000,338.6900
48.8100,322.6550
48.8200,332.9925
48.8300,336.6675
48.8400,353.1075
48.8500,383.7900
48.8600,378.7500
48.8700,383.5275
48.8800,419.6500
48.8900,439.7300
48.9000,488.3050
48.9100,506.9550
48.9200,485.1775
48.9300,505.6425
48.9400,525.9000
48.9500,530.0375
48.9600,558.5450
48.9700,571.8500
48.9800,535.8850
48.9900,506.6750
49.0000,530.7425
49.0100,523.7100
49.0200,513.6925
49.0300,529.6250
49.0400,536.2900
49.0500,542.9550
49.0600,539.2825
49.0700,513.7625
49.0800,509.5600
49.0900,546.2200
49.1000,532.7725
49.1100,532.7125
49.1200,577.8350
49.1300,550.4825
49.1400,544.7050
49.1500,560.3950
49.1600,558.1350
49.1700,579.0850
49.1800,604.8000
49.1900,609.6000
49.2000,594.2775
49.2100,577.3250
49.2200,585.2025
49.2300,565.7725
49.2400,530.1700
49.2500,523.5675
49.2600,498.6750
49.2700,438.3175
49.2800,430.6325
49.2900,450.2125
49.3000,474.9975
49.3100,479.7975
49.3200,476.8625
49.3300,472.5300
49.3400,471.8250
49.3500,469.4600
49.3600,421.2775
49.3700,410.0000
49.3800,407.0950
49.3900,407.6875
49.4000,413.3325
49.4100,395.9350
49.4200,366.0875
49.4300,361.0125
49.4400,385.4850
49.4500,412.8925
49.4600,380.5150
49.4700,334.7775
49.4800,342.4450
49.4900,365.8825
49.5000,375.1225
49.5100,351.3450
49.5200,351.5325
49.5300,358.0200
49.5400,353.8675
49.5500,363.3325
49.5600,340.3125
49.5700,299.9350
49.5800,289.5425
49.5900,309.1350
49.6000,334.3075
49.6100,350.0450
49.6200,354.7275
49.6300,327.5625
49.6400,333.8925
49.6500,381.4575
49.6600,396.6675
49.6700,376.6350
49.6800,350.0000
49.6900,364.2950
49.7000,366.1875
49.7100,346.1900
49.7200,347.1450
49.7300,339.0525
49.7400,347.5925
49.7500,389.4700
49.7600,408.6050
49.7700,376.2475
49.7800,324.8700
49.7900,285.2450
49.8000,297.5500
49.8100,328.0350
49.8200,343.3325
49.8300,353.2700
49.8400,360.9900
49.8500,344.8225
49.8600,339.0025
49.8700,341.0000
49.8800,326.2525
49.8900,323.7450
49.9000,344.6525
49.9100,362.8275
49.9200,334.1550
49.9300,287.1750
49.9400,315.8125
49.9500,352.9425
49.9600,337.6900
49.9700,359.6125
49.9800,400.0000
49.9900,400.0000
50.0000,400.0000
