#Intensity_unit=cps
#Attenuator_coefficient=1.0000
10.0000,953.8325
10.0100,999.7575
10.0200,1000.3000
10.0300,905.9775
10.0400,914.8575
10.0500,886.3600
10.0600,904.5400
10.0700,964.2050
10.0800,997.2450
10.0900,927.3775
10.1000,892.7775
10.1100,859.7650
10.1200,917.1150
10.1300,947.5025
10.1400,883.5575
10.1500,900.8175
10.1600,915.4050
10.1700,862.3700
10.1800,889.8350
10.1900,911.4175
10.2000,871.1525
10.2100,866.6675
10.2200,848.6025
10.2300,867.7325
10.2400,912.1150
10.2500,949.7425
10.2600,893.2175
10.2700,862.6300
10.2800,908.0550
10.2900,892.3175
10.3000,868.9925
10.3100,854.6675
10.3200,928.2975
10.3300,912.6875
10.3400,856.0700
10.3500,864.9750
10.3600,890.6150
10.3700,902.3100
10.3800,966.1500
10.3900,970.3425
10.4000,901.2575
10.4100,878.3950
10.4200,864.7200
10.4300,890.2000
10.4400,875.4300
10.4500,927.0225
10.4600,843.8900
10.4700,886.9775
10.4800,893.3325
10.4900,917.1550
10.5000,866.4225
10.5100,871.9000
10.5200,870.3600
10.5300,840.2725
10.5400,866.3825
10.5500,858.1200
10.5600,862.6050
10.5700,845.5275
10.5800,837.4000
10.5900,898.9375
10.6000,957.0550
10.6100,910.0025
10.6200,935.9100
10.6300,898.5575
10.6400,813.4400
10.6500,850.6575
10.6600,862.5800
10.6700,931.3025
10.6800,922.2775
10.6900,905.2375
10.7000,870.8675
10.7100,884.3675
10.7200,892.5650
10.7300,881.5425
10.7400,900.6250
10.7500,915.1125
10.7600,931.3850
10.7700,892.1400
10.7800,869.0200
10.7900,896.0650
10.8000,929.3850
10.8100,877.5250
10.8200,914.0400
10.8300,917.0650
10.8400,907.8675
10.8500,853.8875
10.8600,890.6300
10.8700,808.7800
10.8800,878.6575
10.8900,904.6350
10.9000,918.3700
10.9100,841.0425
10.9200,897.2300
10.9300,880.3725
10.9400,867.9050
10.9500,922.1300
10.9600,871.6450
10.9700,854.5850
10.9800,870.8250
10.9900,817.9700
11.0000,897.3750
11.0100,927.4675
11.0200,924.1800
11.0300,900.0650
11.0400,928.6450
11.0500,912.9925
11.0600,828.6725
11.0700,836.9900
11.0800,900.9400
11.0900,936.1050
11.1000,913.9075
11.1100,927.3875
11.1200,927.1025
11.1300,889.0300
11.1400,897.8025
11.1500,891.3225
11.1600,858.1975
11.1700,893.7900
11.1800,920.2200
11.1900,946.4300
11.2000,863.4250
11.2100,867.3075
11.2200,919.0125
11.2300,900.7300
11.2400,879.3850
11.2500,902.5775
11.2600,843.3575
11.2700,787.3125
11.2800,846.1250
11.2900,862.4150
11.3000,840.3550
11.3100,825.1825
11.3200,903.6800
11.3300,948.2150
11.3400,870.1975
11.3500,888.1850
11.3600,939.1575
11.3700,909.4525
11.3800,854.6925
11.3900,792.3300
11.4000,823.3525
11.4100,892.8550
11.4200,874.7750
11.4300,878.5625
11.4400,888.5600
11.4500,855.7825
11.4600,872.8025
11.4700,922.2475
11.4800,932.8475
11.4900,879.2600
11.5000,787.5075
11.5100,844.4125
11.5200,839.6150
11.5300,828.1450
11.5400,812.4725
11.5500,855.4025
11.5600,891.6950
11.5700,848.4750
11.5800,811.6675
11.5900,897.2900
11.6000,893.5200
11.6100,844.7350
11.6200,845.1500
11.6300,880.5825
11.6400,883.8425
11.6500,891.8025
11.6600,910.2650
11.6700,882.3075
11.6800,842.8375
11.6900,819.7600
11.7000,839.1975
11.7100,905.2625
11.7200,874.4650
11.7300,877.9150
11.7400,854.7050
11.7500,796.6250
11.7600,873.7075
11.7700,951.7400
11.7800,904.4300
11.7900,859.6925
11.8000,791.6900
11.8100,785.6000
11.8200,811.8575
11.8300,791.4875
11.8400,772.6850
11.8500,828.6900
11.8600,859.5525
11.8700,863.3325
11.8800,799.1525
11.8900,803.4000
11.9000,848.4800
11.9100,853.8800
11.9200,814.3500
11.9300,887.3775
11.9400,847.7000
11.9500,786.6225
11.9600,798.8975
11.9700,856.1025
11.9800,869.4425
11.9900,828.3850
12.0000,803.3625
12.0100,855.4275
12.0200,905.4450
12.0300,877.3425
12.0400,825.7275
12.0500,816.6675
12.0600,855.3625
12.0700,846.7575
12.0800,812.9625
12.0900,872.8950
12.1000,867.3600
12.1100,846.7950
12.1200,881.9050
12.1300,862.4650
12.1400,842.9050
12.1500,812.4950
12.1600,872.6450
12.1700,870.1800
12.1800,877.6500
12.1900,934.8925
12.2000,823.2250
12.2100,848.7575
12.2200,843.5600
12.2300,842.7375
12.2400,824.1725
12.2500,792.6450
12.2600,783.9325
12.2700,794.2625
12.2800,791.2050
12.2900,773.6225
12.3000,824.5600
12.3100,902.1025
12.3200,845.8175
12.3300,840.8950
12.3400,821.5575
12.3500,822.1075
12.3600,836.9275
12.3700,782.9350
12.3800,753.7050
12.3900,801.5725
12.4000,837.7475
12.4100,846.0450
12.4200,833.1175
12.4300,848.9575
12.4400,910.1725
12.4500,917.9225
12.4600,943.7025
12.4700,939.1925
12.4800,969.0725
12.4900,1046.8400
12.5000,1047.1475
12.5100,1129.6025
12.5200,1139.2225
12.5300,1125.8950
12.5400,1150.2450
12.5500,1145.9075
12.5600,1159.4625
12.5700,1187.5125
12.5800,1257.7750
12.5900,1163.3100
12.6000,1136.6675
12.6100,1117.9050
12.6200,1105.2975
12.6300,1084.5925
12.6400,1061.2700
12.6500,1075.3850
12.6600,983.7875
12.6700,951.9875
12.6800,931.3150
12.6900,972.0200
12.7000,922.0100
12.7100,848.0425
12.7200,878.6050
12.7300,945.8925
12.7400,997.2400
12.7500,1038.5675
12.7600,1028.0700
12.7700,1036.6100
12.7800,1071.8425
12.7900,1080.0000
12.8000,1090.6025
12.8100,1090.6850
12.8200,1097.9425
12.8300,1123.8100
12.8400,1029.5250
12.8500,1050.8975
12.8600,1060.6925
12.8700,1041.5250
12.8800,1049.8550
12.8900,1032.2450
12.9000,950.2650
12.9100,869.4425
12.9200,874.3850
12.9300,830.0350
12.9400,819.2950
12.9500,867.2775
12.9600,819.6275
12.9700,850.5525
12.9800,881.6850
12.9900,834.2650
13.0000,843.5650
13.0100,886.6350
13.0200,839.1325
13.0300,810.2650
13.0400,751.8150
13.0500,723.6150
13.0600,774.7825
13.0700,758.7150
13.0800,773.4500
13.0900,780.0000
13.1000,772.1925
13.1100,796.0050
13.1200,766.9475
13.1300,683.9425
13.1400,717.8425
13.1500,803.3725
13.1600,792.2250
13.1700,767.7875
13.1800,729.6750
13.1900,828.6750
13.2000,808.2825
13.2100,775.2450
13.2200,788.0775
13.2300,795.9150
13.2400,750.2400
13.2500,765.0200
13.2600,830.0050
13.2700,797.7550
13.2800,765.3250
13.2900,752.2875
13.3000,809.0950
13.3100,816.3950
13.3200,769.7100
13.3300,756.6675
13.3400,748.9775
13.3500,738.9825
13.3600,754.5825
13.3700,823.9425
13.3800,856.1125
13.3900,826.7925
13.4000,773.2700
13.4100,747.2450
13.4200,705.0925
13.4300,703.5250
13.4400,739.7650
13.4500,732.1900
13.4600,769.8925
13.4700,798.5800
13.4800,783.0200
13.4900,733.5275
13.5000,697.1775
13.5100,717.8775
13.5200,731.7325
13.5300,723.2100
13.5400,725.0575
13.5500,719.0850
13.5600,754.5550
13.5700,751.5225
13.5800,691.1725
13.5900,706.1025
13.6000,767.0475
13.6100,725.4350
13.6200,724.2750
13.6300,745.0825
13.6400,760.0500
13.6500,750.7800
13.6600,711.5425
13.6700,717.5500
13.6800,725.8400
13.6900,749.2000
13.7000,746.6575
13.7100,740.8325
13.7200,732.5050
13.7300,692.5475
13.7400,689.9800
13.7500,753.1750
13.7600,805.7250
13.7700,764.3775
13.7800,719.2950
13.7900,719.9450
13.8000,745.6975
13.8100,740.9175
13.8200,684.5575
13.8300,686.5050
13.8400,762.7150
13.8500,766.8575
13.8600,757.5250
13.8700,781.3950
13.8800,802.3550
13.8900,742.4650
13.9000,710.1300
13.9100,686.9400
13.9200,744.0650
13.9300,727.2700
13.9400,728.0975
13.9500,701.3675
13.9600,694.9150
13.9700,743.3175
13.9800,782.0825
13.9900,748.3175
14.0000,728.4325
14.0100,770.7375
14.0200,781.7725
14.0300,753.1075
14.0400,726.2325
14.0500,744.4125
14.0600,787.4875
14.0700,782.9350
14.0800,727.9450
14.0900,719.7375
14.1000,776.8500
14.1100,767.4975
14.1200,722.6600
14.1300,707.5725
14.1400,747.9000
14.1500,789.9950
14.1600,763.6700
14.1700,747.5800
14.1800,722.4825
14.1900,723.0000
14.2000,726.6675
14.2100,719.4275
14.2200,789.0050
14.2300,768.4750
14.2400,716.2925
14.2500,761.0775
14.2600,780.9300
14.2700,755.9750
14.2800,746.6675
14.2900,756.2625
14.3000,755.2050
14.3100,794.0525
14.3200,764.5250
14.3300,729.9250
14.3400,735.2825
14.3500,716.1200
14.3600,735.3025
14.3700,772.8950
14.3800,752.3575
14.3900,697.1450
14.4000,699.0325
14.4100,732.8175
14.4200,762.3375
14.4300,710.6575
14.4400,684.2950
14.4500,730.7350
14.4600,738.1575
14.4700,702.5700
14.4800,687.6350
14.4900,693.7550
14.5000,710.8325
14.5100,700.1525
14.5200,705.1200
14.5300,719.4225
14.5400,749.2250
14.5500,703.5525
14.5600,717.6025
14.5700,747.4225
14.5800,699.3650
14.5900,681.3550
14.6000,690.3625
14.6100,688.6525
14.6200,679.6500
14.6300,686.0150
14.6400,664.3100
14.6500,672.0025
14.6600,726.6375
14.6700,751.3275
14.6800,760.3175
14.6900,709.8275
14.7000,684.3425
14.7100,685.6550
14.7200,672.7425
14.7300,715.3650
14.7400,722.7650
14.7500,698.1450
14.7600,696.9400
14.7700,741.6100
14.7800,736.9025
14.7900,678.2000
14.8000,693.5625
14.8100,728.4325
14.8200,720.5500
14.8300,715.6350
14.8400,730.4575
14.8500,771.1175
14.8600,788.9625
14.8700,812.9300
14.8800,811.8775
14.8900,802.0875
14.9000,861.7625
14.9100,896.8575
14.9200,934.2575
14.9300,959.1275
14.9400,1015.7750
14.9500,1026.3300
14.9600,1035.9350
14.9700,1029.6875
14.9800,1096.0550
14.9900,1102.7525
15.0000,1080.9250
15.0100,1106.1375
15.0200,1070.1700
15.0300,1044.4025
15.0400,1065.9450
15.0500,1072.1475
15.0600,1101.6050
15.0700,1152.7575
15.0800,1217.3300
15.0900,1237.7475
15.1000,1241.1675
15.1100,1308.5275
15.1200,1297.3225
15.1300,1285.6450
15.1400,1276.5450
15.1500,1270.0000
15.1600,1236.4200
15.1700,1173.0275
15.1800,1123.1825
15.1900,1060.8750
15.2000,1043.3600
15.2100,993.1675
15.2200,951.0750
15.2300,898.8275
15.2400,852.2075
15.2500,844.4425
15.2600,857.7650
15.2700,816.7600
15.2800,773.3900
15.2900,805.3975
15.3000,791.2750
15.3100,718.0800
15.3200,692.2075
15.3300,702.1575
15.3400,719.8925
15.3500,709.0475
15.3600,708.8025
15.3700,713.3325
15.3800,686.9725
15.3900,653.5800
15.4000,665.2625
15.4100,711.7225
15.4200,699.3550
15.4300,668.0250
15.4400,625.0375
15.4500,624.1325
15.4600,626.7900
15.4700,634.2300
15.4800,648.7100
15.4900,688.1400
15.5000,693.6250
15.5100,701.8675
15.5200,714.3400
15.5300,710.1625
15.5400,717.4950
15.5500,693.0400
15.5600,659.3700
15.5700,641.3600
15.5800,660.4050
15.5900,660.3975
15.6000,653.3325
15.6100,685.6175
15.6200,724.8350
15.6300,747.4075
15.6400,723.2850
15.6500,691.6550
15.6600,689.7600
15.6700,654.8050
15.6800,626.9175
15.6900,666.0650
15.7000,681.4625
15.7100,676.6675
15.7200,672.4050
15.7300,648.7125
15.7400,694.0900
15.7500,652.2975
15.7600,665.1950
15.7700,677.5775
15.7800,681.5000
15.7900,709.0525
15.8000,690.3900
15.8100,683.8975
15.8200,706.8875
15.8300,695.5750
15.8400,683.3325
15.8500,681.2275
15.8600,677.8975
15.8700,689.2750
15.8800,639.9875
15.8900,615.0550
15.9000,651.4300
15.9100,670.0000
15.9200,655.3600
15.9300,648.7550
15.9400,660.4375
15.9500,662.4950
15.9600,657.9175
15.9700,648.3400
15.9800,668.2850
15.9900,695.7975
16.0000,657.6750
16.0100,636.2200
16.0200,625.5000
16.0300,647.7075
16.0400,666.6675
16.0500,681.1250
16.0600,663.1750
16.0700,617.8075
16.0800,643.2475
16.0900,690.5750
16.1000,676.6125
16.1100,645.6250
16.1200,653.0775
16.1300,657.1850
16.1400,665.6175
16.1500,638.5625
16.1600,620.7525
16.1700,625.3750
16.1800,638.9025
16.1900,662.9650
16.2000,669.2625
16.2100,691.0675
16.2200,657.9150
16.2300,608.4025
16.2400,576.3925
16.2500,579.5350
16.2600,630.4650
16.2700,674.8575
16.2800,684.6475
16.2900,663.1625
16.3000,633.8775
16.3100,625.3475
16.3200,652.8100
16.3300,661.9625
16.3400,654.6600
16.3500,667.3675
16.3600,656.6375
16.3700,637.3300
16.3800,643.3275
16.3900,705.9125
16.4000,691.4675
16.4100,642.7175
16.4200,625.3700
16.4300,629.9450
16.4400,640.6400
16.4500,647.3025
16.4600,685.6875
16.4700,694.1550
16.4800,653.6550
16.4900,625.4275
16.5000,596.3075
16.5100,615.5025
16.5200,624.2375
16.5300,617.2700
16.5400,637.6975
16.5500,681.4275
16.5600,720.9925
16.5700,696.0900
16.5800,652.3775
16.5900,679.1200
16.6000,710.5750
16.6100,672.3425
16.6200,643.3325
16.6300,649.1775
16.6400,663.0625
16.6500,654.4500
16.6600,668.5750
16.6700,688.6050
16.6800,662.8750
16.6900,658.8175
16.7000,681.6000
16.7100,662.9625
16.7200,645.2625
16.7300,611.9775
16.7400,611.6925
16.7500,653.0750
16.7600,662.3175
16.7700,658.5850
16.7800,640.8325
16.7900,651.5575
16.8000,677.6500
16.8100,694.7975
16.8200,688.0650
16.8300,665.2275
16.8400,637.6250
16.8500,648.0625
16.8600,670.4675
16.8700,675.2325
16.8800,665.2900
16.8900,654.7725
16.9000,659.0075
16.9100,625.5400
16.9200,628.7550
16.9300,666.5325
16.9400,661.6000
16.9500,640.5925
16.9600,659.6425
16.9700,670.6150
16.9800,680.2075
16.9900,678.3500
17.0000,625.5075
17.0100,636.3150
17.0200,705.4650
17.0300,737.0625
17.0400,689.7150
17.0500,664.8825
17.0600,684.1000
17.0700,678.8625
17.0800,651.4600
17.0900,647.7775
17.1000,625.2200
17.1100,622.1725
17.1200,649.2275
17.1300,651.1375
17.1400,657.7150
17.1500,664.8275
17.1600,659.6600
17.1700,645.6575
17.1800,631.1675
17.1900,628.4975
17.2000,639.1425
17.2100,617.4425
17.2200,582.3875
17.2300,613.4250
17.2400,613.9025
17.2500,610.3025
17.2600,657.2400
17.2700,685.4425
17.2800,686.3775
17.2900,632.6650
17.3000,626.1475
17.3100,649.4450
17.3200,632.5150
17.3300,639.5425
17.3400,628.1500
17.3500,601.2775
17.3600,578.7200
17.3700,593.8050
17.3800,621.7900
17.3900,609.0275
17.4000,607.3825
17.4100,629.1550
17.4200,625.7450
17.4300,625.7900
17.4400,640.2225
17.4500,620.2525
17.4600,617.7325
17.4700,640.4175
17.4800,614.8250
17.4900,590.2000
17.5000,591.5675
17.5100,586.4750
17.5200,611.4975
17.5300,617.3275
17.5400,654.4375
17.5500,668.2550
17.5600,633.1625
17.5700,616.0025
17.5800,645.2725
17.5900,674.6075
17.6000,631.8050
17.6100,617.4100
17.6200,645.5050
17.6300,646.2475
17.6400,619.3225
17.6500,601.6000
17.6600,603.4600
17.6700,613.5775
17.6800,614.8225
17.6900,618.6175
17.7000,607.7300
17.7100,593.4375
17.7200,627.5750
17.7300,663.5275
17.7400,661.4350
17.7500,637.9375
17.7600,626.7500
17.7700,636.8250
17.7800,614.3650
17.7900,593.4750
17.8000,601.7000
17.8100,594.8450
17.8200,620.5750
17.8300,666.8800
17.8400,663.0900
17.8500,631.4675
17.8600,591.3675
17.8700,583.5125
17.8800,588.2250
17.8900,606.9075
17.9000,626.6000
17.9100,583.1525
17.9200,581.7975
17.9300,609.9900
17.9400,604.9975
17.9500,600.0000
17.9600,599.9950
17.9700,643.2350
17.9800,660.0875
17.9900,631.6925
18.0000,596.8600
18.0100,581.5500
18.0200,614.8350
18.0300,644.8800
18.0400,643.4900
18.0500,610.2600
18.0600,616.2850
18.0700,649.8950
18.0800,646.8375
18.0900,646.4825
18.1000,668.1050
18.1100,647.3650
18.1200,610.0750
18.1300,616.4300
18.1400,629.9175
18.1500,615.4800
18.1600,609.6325
18.1700,626.5700
18.1800,613.8375
18.1900,578.9125
18.2000,553.5525
18.2100,575.6400
18.2200,616.3100
18.2300,612.2200
18.2400,596.6675
18.2500,622.2800
18.2600,656.3950
18.2700,629.8100
18.2800,614.0575
18.2900,617.5650
18.3000,607.7950
18.3100,631.1125
18.3200,622.7250
18.3300,607.9150
18.3400,621.4100
18.3500,639.2950
18.3600,676.9775
18.3700,723.7950
18.3800,745.0950
18.3900,774.7250
18.4000,822.5400
18.4100,863.2750
18.4200,952.7225
18.4300,1091.7900
18.4400,1187.3600
18.4500,1271.8050
18.4600,1430.8050
18.4700,1577.6425
18.4800,1647.7475
18.4900,1648.9300
18.5000,1633.8200
18.5100,1716.1450
18.5200,1744.5150
18.5300,1624.3625
18.5400,1574.3775
18.5500,1549.2625
18.5600,1441.7125
18.5700,1294.8275
18.5800,1176.9825
18.5900,1034.8250
18.6000,941.3600
18.6100,854.6850
18.6200,757.1975
18.6300,685.7475
18.6400,653.6400
18.6500,651.5125
18.6600,647.2975
18.6700,652.0550
18.6800,674.1900
18.6900,660.8000
18.7000,639.3325
18.7100,649.6625
18.7200,623.4250
18.7300,591.1450
18.7400,623.5025
18.7500,614.9850
18.7600,584.1425
18.7700,605.5475
18.7800,573.3275
18.7900,550.3575
18.8000,572.1975
18.8100,573.0075
18.8200,592.4000
18.8300,631.8625
18.8400,610.9125
18.8500,596.9275
18.8600,624.6375
18.8700,638.9500
18.8800,634.7925
18.8900,633.7525
18.9000,634.3625
18.9100,632.7375
18.9200,618.9825
18.9300,590.1700
18.9400,606.2550
18.9500,629.1450
18.9600,571.3550
18.9700,575.8250
18.9800,580.8675
18.9900,591.5500
19.0000,619.0150
19.0100,575.7000
19.0200,549.0425
19.0300,552.3925
19.0400,555.2025
19.0500,573.7675
19.0600,563.4800
19.0700,555.0725
19.0800,589.8950
19.0900,613.2125
19.1000,606.9425
19.1100,558.9025
19.1200,545.4475
19.1300,573.6775
19.1400,548.3425
19.1500,527.9475
19.1600,593.1725
19.1700,602.1450
19.1800,568.8950
19.1900,562.7850
19.2000,547.4900
19.2100,572.7025
19.2200,598.6175
19.2300,585.6350
19.2400,579.6375
19.2500,593.3325
19.2600,587.8450
19.2700,570.4125
19.2800,549.8300
19.2900,542.7300
19.3000,548.0300
19.3100,562.2450
19.3200,577.2825
19.3300,569.2650
19.3400,563.3325
19.3500,552.5225
19.3600,559.5975
19.3700,590.6400
19.3800,605.4875
19.3900,622.5975
19.4000,582.5525
19.4100,553.3525
19.4200,545.9775
19.4300,537.3250
19.4400,580.6275
19.4500,589.4025
19.4600,573.9400
19.4700,605.8800
19.4800,615.4675
19.4900,594.6525
19.5000,616.4125
19.5100,625.6400
19.5200,580.2150
19.5300,567.8575
19.5400,573.4650
19.5500,575.0775
19.5600,581.6125
19.5700,551.6325
19.5800,535.9300
19.5900,549.0675
19.6000,563.3325
19.6100,554.2975
19.6200,537.4225
19.6300,566.7725
19.6400,634.1225
19.6500,637.4450
19.6600,578.5275
19.6700,539.7175
19.6800,553.8225
19.6900,571.4475
19.7000,576.0325
19.7100,550.7975
19.7200,566.9075
19.7300,636.6175
19.7400,675.2400
19.7500,621.1300
19.7600,601.3000
19.7700,603.7075
19.7800,552.9000
19.7900,525.8200
19.8000,562.8675
19.8100,590.0000
19.8200,592.4825
19.8300,587.9925
19.8400,590.6500
19.8500,623.7025
19.8600,611.5175
19.8700,578.7700
19.8800,581.5775
19.8900,596.1250
19.9000,614.0025
19.9100,624.2250
19.9200,616.3450
19.9300,645.2525
19.9400,717.5850
19.9500,763.3075
19.9600,831.7525
19.9700,871.2050
19.9800,898.6125
19.9900,955.3475
20.0000,977.8650
20.0100,1006.3275
20.0200,1036.6125
20.0300,960.1800
20.0400,882.6150
20.0500,913.5150
20.0600,948.8150
20.0700,918.2875
20.0800,843.0650
20.0900,792.9325
20.1000,760.0175
20.1100,708.0850
20.1200,667.1225
20.1300,631.6500
20.1400,612.3325
20.1500,615.5025
20.1600,627.2675
20.1700,645.2225
20.1800,619.5925
20.1900,587.3075
20.2000,554.1200
20.2100,543.5625
20.2200,545.1975
20.2300,538.2100
20.2400,570.0925
20.2500,570.9675
20.2600,569.0975
20.2700,592.3400
20.2800,598.8025
20.2900,600.1700
20.3000,596.3175
20.3100,556.7525
20.3200,568.8775
20.3300,563.3050
20.3400,552.1950
20.3500,545.5650
20.3600,570.0400
20.3700,591.1125
20.3800,543.3550
20.3900,512.2700
20.4000,517.5950
20.4100,564.5225
20.4200,552.1625
20.4300,564.4300
20.4400,600.5875
20.4500,654.7150
20.4600,626.6025
20.4700,647.4650
20.4800,673.4125
20.4900,689.3925
20.5000,761.5025
20.5100,833.8050
20.5200,884.1925
20.5300,911.8000
20.5400,959.1400
20.5500,1000.2600
20.5600,1020.7600
20.5700,1095.4600
20.5800,1090.4550
20.5900,1080.5825
20.6000,1090.6650
20.6100,1072.8125
20.6200,1073.3650
20.6300,1023.7100
20.6400,979.6625
20.6500,921.6825
20.6600,901.4725
20.6700,824.9775
20.6800,806.0200
20.6900,720.2300
20.7000,707.1425
20.7100,688.1875
20.7200,690.0150
20.7300,738.4375
20.7400,773.8675
20.7500,749.8050
20.7600,732.7700
20.7700,760.8725
20.7800,794.3450
20.7900,820.9025
20.8000,923.0075
20.8100,1035.0250
20.8200,1058.6975
20.8300,1099.6675
20.8400,1165.9175
20.8500,1266.9200
20.8600,1311.6300
20.8700,1309.4675
20.8800,1280.6175
20.8900,1286.0575
20.9000,1264.8700
20.9100,1261.1850
20.9200,1275.9775
20.9300,1125.1100
20.9400,994.2775
20.9500,922.5225
20.9600,868.3775
20.9700,808.1175
20.9800,720.3625
20.9900,676.4800
21.0000,621.8725
21.0100,608.0875
21.0200,604.2875
21.0300,604.7625
21.0400,600.0000
21.0500,608.5200
21.0600,620.5575
21.0700,586.3075
21.0800,558.1225
21.0900,562.7025
21.1000,591.3375
21.1100,594.0150
21.1200,586.7300
21.1300,619.8025
21.1400,610.9000
21.1500,647.4450
21.1600,619.6550
21.1700,611.8350
21.1800,623.9850
21.1900,663.4050
21.2000,706.6575
21.2100,674.5550
21.2200,661.8100
21.2300,686.5225
21.2400,767.0025
21.2500,864.2375
21.2600,943.4275
21.2700,1015.7100
21.2800,1126.6875
21.2900,1229.9225
21.3000,1482.3925
21.3100,1726.3100
21.3200,1919.9975
21.3300,2100.0475
21.3400,2284.6525
21.3500,2507.7850
21.3600,2843.4075
21.3700,3052.4000
21.3800,3155.5425
21.3900,3198.0775
21.4000,3450.4750
21.4100,3633.8925
21.4200,3615.2250
21.4300,3630.6125
21.4400,3588.0175
21.4500,3506.8500
21.4600,3386.4650
21.4700,3358.4750
21.4800,3409.3125
21.4900,3459.1825
21.5000,3475.0275
21.5100,3521.6750
21.5200,3551.7575
21.5300,3448.3250
21.5400,3485.5575
21.5500,3560.2675
21.5600,3454.6850
21.5700,3286.0750
21.5800,3034.6925
21.5900,2817.8700
21.6000,2772.4350
21.6100,2717.7150
21.6200,2450.7550
21.6300,2182.3325
21.6400,1991.6200
21.6500,1729.5500
21.6600,1478.4350
21.6700,1333.6400
21.6800,1259.2075
21.6900,1203.0100
21.7000,1004.0425
21.7100,911.3750
21.7200,870.8275
21.7300,819.0925
21.7400,749.9375
21.7500,642.3225
21.7600,667.7500
21.7700,708.2050
21.7800,640.5325
21.7900,626.1150
21.8000,652.0000
21.8100,671.5175
21.8200,678.9375
21.8300,710.0500
21.8400,797.5175
21.8500,834.5725
21.8600,891.2575
21.8700,957.0550
21.8800,1007.8325
21.8900,1157.0050
21.9000,1236.5625
21.9100,1346.3200
21.9200,1510.8175
21.9300,1578.4325
21.9400,1514.0600
21.9500,1523.9100
21.9600,1551.4425
21.9700,1569.6150
21.9800,1586.5575
21.9900,1458.8075
22.0000,1359.1625
22.0100,1212.0525
22.0200,1124.1450
22.0300,1065.3475
22.0400,955.7875
22.0500,883.7050
22.0600,846.7600
22.0700,778.6125
22.0800,703.0825
22.0900,672.5300
22.1000,658.7275
22.1100,654.3475
22.1200,594.3925
22.1300,555.4975
22.1400,602.8600
22.1500,658.0525
22.1600,657.8550
22.1700,577.9800
22.1800,568.6675
22.1900,616.0025
22.2000,610.6875
22.2100,610.5475
22.2200,663.8400
22.2300,723.6775
22.2400,813.5375
22.2500,907.0550
22.2600,960.9925
22.2700,1035.6550
22.2800,1181.0500
22.2900,1308.9000
22.3000,1419.8500
22.3100,1442.2100
22.3200,1495.7900
22.3300,1576.5450
22.3400,1641.4775
22.3500,1685.4025
22.3600,1702.2025
22.3700,1581.5275
22.3800,1472.0775
22.3900,1538.7725
22.4000,1507.0425
22.4100,1366.2525
22.4200,1228.4675
22.4300,1073.9850
22.4400,1008.2475
22.4500,959.8200
22.4600,913.9300
22.4700,901.2300
22.4800,809.8975
22.4900,699.5950
22.5000,599.4825
22.5100,508.5850
22.5200,540.3075
22.5300,564.0750
22.5400,524.0325
22.5500,538.1725
22.5600,519.0425
22.5700,544.3925
22.5800,531.6350
22.5900,518.8250
22.6000,495.5450
22.6100,480.5075
22.6200,440.5600
22.6300,476.6675
22.6400,476.6675
22.6500,479.9550
22.6600,499.9400
22.6700,506.8900
22.6800,460.4500
22.6900,484.3050
22.7000,498.6325
22.7100,463.0625
22.7200,494.0150
22.7300,478.9450
22.7400,468.6050
22.7500,445.4250
22.7600,451.4625
22.7700,426.9575
22.7800,443.5750
22.7900,427.1800
22.8000,443.2625
22.8100,511.5900
22.8200,475.2525
22.8300,433.5175
22.8400,451.8325
22.8500,449.3025
22.8600,486.7975
22.8700,500.2675
22.8800,462.3550
22.8900,462.0250
22.9000,497.6950
22.9100,512.7275
22.9200,450.4800
22.9300,453.3325
22.9400,444.7925
22.9500,398.0525
22.9600,424.7900
22.9700,416.6000
22.9800,436.6675
22.9900,435.2825
23.0000,434.4725
23.0100,481.0500
23.0200,459.4025
23.0300,414.2375
23.0400,421.3475
23.0500,431.3400
23.0600,443.5500
23.0700,462.2550
23.0800,433.3325
23.0900,433.3325
23.1000,434.6350
23.1100,439.8850
23.1200,414.9525
23.1300,406.3150
23.1400,427.9375
23.1500,436.2450
23.1600,430.8250
23.1700,412.0850
23.1800,402.9200
23.1900,405.7475
23.2000,448.2975
23.2100,465.6775
23.2200,499.4150
23.2300,441.8625
23.2400,409.4500
23.2500,430.0000
23.2600,436.6750
23.2700,486.2775
23.2800,482.5575
23.2900,475.1275
23.3000,463.3325
23.3100,461.4350
23.3200,447.4200
23.3300,451.0850
23.3400,429.9850
23.3500,407.3975
23.3600,442.2025
23.3700,460.0000
23.3800,462.1700
23.3900,483.2325
23.4000,506.0775
23.4100,469.4375
23.4200,445.4550
23.4300,521.0475
23.4400,527.2300
23.4500,503.6775
23.4600,517.5850
23.4700,619.4300
23.4800,681.7350
23.4900,764.3375
23.5000,849.2175
23.5100,1010.7375
23.5200,1192.8050
23.5300,1434.0375
23.5400,1735.7100
23.5500,1908.1400
23.5600,2162.2625
23.5700,2374.9350
23.5800,2686.5175
23.5900,2765.0800
23.6000,2931.9475
23.6100,3108.1950
23.6200,3015.2325
23.6300,2930.9550
23.6400,2884.8500
23.6500,2650.9400
23.6600,2543.3425
23.6700,2389.2675
23.6800,2223.5000
23.6900,2034.2625
23.7000,1875.4200
23.7100,1591.7225
23.7200,1418.7150
23.7300,1317.7800
23.7400,1161.9775
23.7500,949.4750
23.7600,859.2800
23.7700,767.3250
23.7800,692.5275
23.7900,646.9175
23.8000,690.7600
23.8100,697.9925
23.8200,669.1125
23.8300,620.8425
23.8400,671.1450
23.8500,641.1675
23.8600,609.5275
23.8700,565.6475
23.8800,636.0425
23.8900,585.4050
23.9000,612.8775
23.9100,604.8675
23.9200,580.6675
23.9300,588.6825
23.9400,572.8225
23.9500,612.2600
23.9600,593.0625
23.9700,538.1150
23.9800,511.2400
23.9900,532.6550
24.0000,569.5025
24.0100,507.8100
24.0200,476.8675
24.0300,535.0775
24.0400,561.0400
24.0500,526.7275
24.0600,581.1000
24.0700,546.2675
24.0800,592.3275
24.0900,516.6675
24.1000,520.3550
24.1100,587.3575
24.1200,596.2500
24.1300,528.0100
24.1400,552.8375
24.1500,541.2200
24.1600,499.8400
24.1700,496.1950
24.1800,484.0350
24.1900,433.1950
24.2000,499.7000
24.2100,493.3325
24.2200,492.0350
24.2300,464.3250
24.2400,484.9975
24.2500,445.0275
24.2600,407.2025
24.2700,420.5250
24.2800,432.6900
24.2900,415.7850
24.3000,392.8400
24.3100,379.0325
24.3200,353.0975
24.3300,347.2450
24.3400,363.6725
24.3500,373.5550
24.3600,381.9425
24.3700,439.8950
24.3800,435.7425
24.3900,406.7675
24.4000,410.0000
24.4100,409.0525
24.4200,376.7600
24.4300,379.8200
24.4400,374.1150
24.4500,403.0800
24.4600,393.0875
24.4700,382.2250
24.4800,336.6675
24.4900,336.2225
24.5000,317.8075
24.5100,370.3425
24.5200,387.0625
24.5300,406.2850
24.5400,386.4225
24.5500,372.8675
24.5600,346.8325
24.5700,357.3025
24.5800,396.9675
24.5900,417.0000
24.6000,439.6400
24.6100,412.6525
24.6200,359.8000
24.6300,343.7800
24.6400,383.4725
24.6500,396.4750
24.6600,376.9300
24.6700,406.9600
24.6800,442.8275
24.6900,373.2050
24.7000,353.4850
24.7100,380.1300
24.7200,406.3800
24.7300,336.8875
24.7400,403.2825
24.7500,383.3100
24.7600,369.9775
24.7700,346.6700
24.7800,363.3225
24.7900,386.6325
24.8000,396.6450
24.8100,373.4025
24.8200,386.6150
24.8300,423.1650
24.8400,429.9650
24.8500,420.0625
24.8600,386.8975
24.8700,337.0525
24.8800,333.3625
24.8900,389.4725
24.9000,406.4975
24.9100,380.2900
24.9200,389.8825
24.9300,393.2925
24.9400,409.7800
24.9500,406.7125
24.9600,419.8025
24.9700,387.1875
24.9800,396.5025
24.9900,416.3225
25.0000,410.1200
25.0100,390.3750
25.0200,406.3400
25.0300,455.6500
25.0400,482.7700
25.0500,450.7300
25.0600,410.9100
25.0700,458.8250
25.0800,499.0275
25.0900,509.7500
25.1000,497.0125
25.1100,535.6000
25.1200,526.9425
25.1300,468.3625
25.1400,495.7950
25.1500,486.9650
25.1600,499.5925
25.1700,464.4850
25.1800,456.8825
25.1900,485.6775
25.2000,525.3150
25.2100,488.0500
25.2200,470.5900
25.2300,521.4050
25.2400,597.1675
25.2500,657.7350
25.2600,637.5650
25.2700,668.6900
25.2800,721.1925
25.2900,768.0900
25.3000,843.4700
25.3100,961.5675
25.3200,1024.0700
25.3300,1112.7000
25.3400,1199.4450
25.3500,1295.5850
25.3600,1239.6100
25.3700,1135.0400
25.3800,1237.8875
25.3900,1217.9700
25.4000,1184.9875
25.4100,1151.6800
25.4200,1061.4475
25.4300,971.3475
25.4400,931.9375
25.4500,904.7625
25.4600,827.6850
25.4700,826.4825
25.4800,782.6125
25.4900,698.2550
25.5000,595.9500
25.5100,552.3350
25.5200,531.1825
25.5300,495.5325
25.5400,462.0250
25.5500,485.0250
25.5600,386.6500
25.5700,383.1225
25.5800,358.3725
25.5900,406.5475
25.6000,447.3800
25.6100,356.6300
25.6200,368.6575
25.6300,388.6425
25.6400,390.0000
25.6500,390.0000
25.6600,355.9100
25.6700,368.8150
25.6800,407.1250
25.6900,403.8175
25.7000,397.1575
25.7100,378.1525
25.7200,361.2500
25.7300,369.2425
25.7400,419.2450
25.7500,417.1825
25.7600,398.2325
25.7700,430.4350
25.7800,393.4600
25.7900,417.5800
25.8000,386.3200
25.8100,383.3325
25.8200,389.4475
25.8300,356.4075
25.8400,365.5375
25.8500,400.2025
25.8600,400.2875
25.8700,351.3075
25.8800,340.5850
25.8900,361.2650
25.9000,411.9000
25.9100,401.5025
25.9200,403.0300
25.9300,376.0875
25.9400,355.1850
25.9500,359.3775
25.9600,399.2525
25.9700,385.2325
25.9800,407.4475
25.9900,406.9875
26.0000,385.6050
26.0100,392.3525
26.0200,348.2800
26.0300,361.3375
26.0400,402.3100
26.0500,391.6900
26.0600,404.9650
26.0700,364.8050
26.0800,374.9375
26.0900,406.5150
26.1000,398.0700
26.1100,363.8925
26.1200,383.8150
26.1300,392.6150
26.1400,363.6175
26.1500,398.5950
26.1600,421.1300
26.1700,438.1500
26.1800,469.6100
26.1900,476.2925
26.2000,488.4900
26.2100,463.4225
26.2200,442.2975
26.2300,469.4750
26.2400,511.6175
26.2500,493.1275
26.2600,522.3350
26.2700,547.2250
26.2800,558.8025
26.2900,618.6325
26.3000,661.8150
26.3100,693.0025
26.3200,623.5750
26.3300,657.1475
26.3400,660.4150
26.3500,645.4225
26.3600,622.9425
26.3700,643.2825
26.3800,620.4975
26.3900,654.4325
26.4000,639.6850
26.4100,572.8750
26.4200,592.3025
26.4300,556.1475
26.4400,616.5075
26.4500,580.4425
26.4600,570.4475
26.4700,572.8825
26.4800,553.1675
26.4900,475.1650
26.5000,411.5725
26.5100,443.5550
26.5200,444.2600
26.5300,420.3925
26.5400,445.3175
26.5500,395.6175
26.5600,392.3850
26.5700,390.4775
26.5800,418.5425
26.5900,400.5200
26.6000,373.8750
26.6100,398.4625
26.6200,383.4275
26.6300,368.6350
26.6400,358.1525
26.6500,404.8725
26.6600,402.0025
26.6700,343.3950
26.6800,336.1600
26.6900,370.5650
26.7000,382.3100
26.7100,400.2500
26.7200,372.3475
26.7300,358.2250
26.7400,387.5950
26.7500,354.0100
26.7600,357.8925
26.7700,404.8575
26.7800,385.3250
26.7900,332.4300
26.8000,393.2225
26.8100,401.0800
26.8200,425.1125
26.8300,346.3750
26.8400,318.8600
26.8500,330.5775
26.8600,363.9075
26.8700,381.1075
26.8800,375.0100
26.8900,370.5625
26.9000,392.1500
26.9100,371.7725
26.9200,341.7950
26.9300,364.2750
26.9400,350.6925
26.9500,343.9100
26.9600,387.3775
26.9700,382.9175
26.9800,410.2225
26.9900,413.9225
27.0000,407.8500
27.0100,384.7525
27.0200,341.6875
27.0300,382.5450
27.0400,376.9450
27.0500,354.2325
27.0600,369.0825
27.0700,400.5675
27.0800,442.0350
27.0900,452.7175
27.1000,399.0275
27.1100,397.5175
27.1200,383.7400
27.1300,363.7575
27.1400,373.5225
27.1500,419.8975
27.1600,389.5125
27.1700,423.1450
27.1800,441.4150
27.1900,384.1275
27.2000,402.2625
27.2100,423.4300
27.2200,423.9825
27.2300,444.7775
27.2400,439.2900
27.2500,412.5900
27.2600,428.0450
27.2700,444.0125
27.2800,484.0050
27.2900,506.6550
27.3000,491.3675
27.3100,481.3475
27.3200,525.1575
27.3300,587.0875
27.3400,626.5100
27.3500,651.8725
27.3600,733.3900
27.3700,822.0500
27.3800,916.5675
27.3900,1010.5200
27.4000,1053.7150
27.4100,1128.4375
27.4200,1194.0000
27.4300,1335.3850
27.4400,1417.2350
27.4500,1293.6800
27.4600,1398.0850
27.4700,1491.6075
27.4800,1402.1275
27.4900,1383.7775
27.5000,1303.2075
27.5100,1230.4975
27.5200,1151.5975
27.5300,1057.9300
27.5400,1005.4975
27.5500,877.3100
27.5600,853.7025
27.5700,810.0575
27.5800,703.5450
27.5900,653.4100
27.6000,587.2950
27.6100,562.2650
27.6200,578.0325
27.6300,544.7350
27.6400,456.2150
27.6500,428.1975
27.6600,447.1875
27.6700,443.0825
27.6800,452.8000
27.6900,459.2250
27.7000,442.1175
27.7100,413.7000
27.7200,383.7250
27.7300,381.7600
27.7400,373.1575
27.7500,395.4100
27.7600,446.4875
27.7700,442.2500
27.7800,406.2700
27.7900,396.6675
27.8000,404.2500
27.8100,394.0425
27.8200,395.0450
27.8300,436.9800
27.8400,447.4825
27.8500,413.9800
27.8600,405.8450
27.8700,409.1750
27.8800,404.9875
27.8900,395.8225
27.9000,425.8450
27.9100,451.6550
27.9200,426.7200
27.9300,429.1300
27.9400,455.7450
27.9500,475.7700
27.9600,442.7275
27.9700,425.0350
27.9800,391.1025
27.9900,397.3375
28.0000,415.7025
28.0100,420.0000
28.0200,427.4050
28.0300,447.2625
28.0400,441.0175
28.0500,404.6800
28.0600,412.9975
28.0700,400.3575
28.0800,395.7850
28.0900,438.3150
28.1000,426.4150
28.1100,416.6675
28.1200,399.5750
28.1300,437.2375
28.1400,441.1500
28.1500,424.4975
28.1600,456.4650
28.1700,474.8575
28.1800,462.1125
28.1900,439.7050
28.2000,445.4350
28.2100,442.7475
28.2200,456.9050
28.2300,456.0975
28.2400,450.9225
28.2500,435.5575
28.2600,456.4475
28.2700,457.0600
28.2800,472.5250
28.2900,456.0375
28.3000,465.8150
28.3100,473.3325
28.3200,501.9900
28.3300,539.5725
28.3400,547.6175
28.3500,532.3850
28.3600,552.8175
28.3700,558.5850
28.3800,594.6200
28.3900,681.0800
28.4000,724.2000
28.4100,739.4550
28.4200,738.6100
28.4300,823.9350
28.4400,1008.4225
28.4500,1102.9450
28.4600,1187.1825
28.4700,1282.4075
28.4800,1387.3900
28.4900,1539.4675
28.5000,1866.1000
28.5100,2123.5625
28.5200,2204.3425
28.5300,2369.5625
28.5400,2441.3250
28.5500,2489.8625
28.5600,2489.0875
28.5700,2531.0625
28.5800,2639.1125
28.5900,2739.1900
28.6000,2706.5300
28.6100,2601.4500
28.6200,2601.2800
28.6300,2609.7525
28.6400,2509.9725
28.6500,2487.3625
28.6600,2448.4325
28.6700,2495.4925
28.6800,2462.5050
28.6900,2382.9800
28.7000,2321.1350
28.7100,2209.7125
28.7200,2123.3325
28.7300,1993.9850
28.7400,1886.4475
28.7500,1796.3650
28.7600,1709.9150
28.7700,1710.5425
28.7800,1732.3925
28.7900,1621.3050
28.8000,1611.8525
28.8100,1705.5450
28.8200,1800.8575
28.8300,1904.2925
28.8400,2034.4400
28.8500,2154.1150
28.8600,2237.1075
28.8700,2318.2525
28.8800,2416.0400
28.8900,2525.9950
28.9000,2683.8875
28.9100,2622.9250
28.9200,2627.9200
28.9300,2733.4050
28.9400,2678.9100
28.9500,2746.5050
28.9600,2887.5550
28.9700,2883.5125
28.9800,2780.4050
28.9900,2662.7075
29.0000,2570.3975
29.0100,2543.3325
29.0200,2457.5225
29.0300,2404.5425
29.0400,2329.7625
29.0500,2157.4150
29.0600,1964.0525
29.0700,1851.8900
29.0800,1752.4050
29.0900,1684.9750
29.1000,1639.4975
29.1100,1612.4525
29.1200,1630.5750
29.1300,1569.5275
29.1400,1551.6800
29.1500,1641.2875
29.1600,1789.3075
29.1700,2036.7500
29.1800,2463.6050
29.1900,2973.9750
29.2000,3602.1300
29.2100,4203.4525
29.2200,4977.4450
29.2300,5824.0800
29.2400,6752.6250
29.2500,8000.6000
29.2600,9100.1925
29.2700,9848.3800
29.2800,10589.2025
29.2900,11272.4500
29.3000,11787.8175
29.3100,11942.7200
29.3200,11858.2325
29.3300,11679.9525
29.3400,11372.8575
29.3500,11018.2625
29.3600,10390.1425
29.3700,9583.9250
29.3800,8759.5000
29.3900,7888.1450
29.4000,7048.8575
29.4100,6347.6250
29.4200,5477.9050
29.4300,4574.4750
29.4400,3834.1150
29.4500,3248.4875
29.4600,2806.3700
29.4700,2460.3550
29.4800,2069.9950
29.4900,1709.6100
29.5000,1478.1350
29.5100,1310.6925
29.5200,1121.8925
29.5300,985.5525
29.5400,943.8175
29.5500,909.1275
29.5600,853.0000
29.5700,803.3125
29.5800,807.1675
29.5900,824.0950
29.6000,814.3975
29.6100,759.6975
29.6200,697.3675
29.6300,666.4825
29.6400,637.6250
29.6500,619.2700
29.6600,632.8975
29.6700,681.8275
29.6800,694.5275
29.6900,642.2100
29.7000,623.4225
29.7100,625.9700
29.7200,641.4475
29.7300,629.2125
29.7400,651.4725
29.7500,640.5825
29.7600,618.6675
29.7700,590.0100
29.7800,571.9975
29.7900,561.3700
29.8000,573.2450
29.8100,582.6900
29.8200,581.9850
29.8300,593.2500
29.8400,605.9425
29.8500,625.8225
29.8600,628.7650
29.8700,613.4700
29.8800,594.8475
29.8900,596.5025
29.9000,636.7300
29.9100,640.3825
29.9200,581.6050
29.9300,569.5650
29.9400,602.8725
29.9500,628.3725
29.9600,648.3575
29.9700,631.3700
29.9800,658.0250
29.9900,722.9875
30.0000,750.5425
30.0100,759.1375
30.0200,840.6325
30.0300,944.9100
30.0400,1030.1050
30.0500,1110.9275
30.0600,1174.0825
30.0700,1202.4250
30.0800,1266.0750
30.0900,1371.2400
30.1000,1460.6225
30.1100,1617.3800
30.1200,1811.0050
30.1300,1953.2750
30.1400,2054.6450
30.1500,2245.1525
30.1600,2447.1725
30.1700,2560.6425
30.1800,2781.8575
30.1900,3008.2500
30.2000,3109.1375
30.2100,3172.4200
30.2200,3248.8550
30.2300,3301.6775
30.2400,3399.5225
30.2500,3462.9250
30.2600,3486.1575
30.2700,3484.2775
30.2800,3386.5575
30.2900,3341.9375
30.3000,3360.3825
30.3100,3292.8425
30.3200,3158.8675
30.3300,3011.5825
30.3400,2834.3600
30.3500,2735.6000
30.3600,2680.6250
30.3700,2639.6550
30.3800,2616.4675
30.3900,2506.4825
30.4000,2549.0150
30.4100,2661.2925
30.4200,2669.6825
30.4300,2805.2150
30.4400,3045.6050
30.4500,3339.0400
30.4600,3611.0125
30.4700,3867.9675
30.4800,4124.5825
30.4900,4318.8250
30.5000,4441.7750
30.5100,4566.4825
30.5200,4602.2200
30.5300,4534.0725
30.5400,4549.9700
30.5500,4498.6575
30.5600,4368.1375
30.5700,4201.9050
30.5800,4046.7400
30.5900,4062.0850
30.6000,3996.0025
30.6100,3905.7600
30.6200,3751.8325
30.6300,3438.5425
30.6400,3203.4125
30.6500,3114.3150
30.6600,3001.1525
30.6700,2853.7100
30.6800,2666.3325
30.6900,2441.6150
30.7000,2299.2175
30.7100,2146.6775
30.7200,1988.8975
30.7300,1842.6900
30.7400,1627.7250
30.7500,1475.3850
30.7600,1384.2000
30.7700,1238.3100
30.7800,1144.5575
30.7900,1069.4275
30.8000,973.7850
30.8100,929.6700
30.8200,880.4575
30.8300,869.0825
30.8400,862.4825
30.8500,869.2700
30.8600,903.3325
30.8700,903.3325
30.8800,879.4875
30.8900,863.4700
30.9000,880.1875
30.9100,890.0000
30.9200,901.8475
30.9300,887.9825
30.9400,853.2100
30.9500,836.5950
30.9600,816.5450
30.9700,805.0125
30.9800,779.8400
30.9900,741.6150
31.0000,723.3150
31.0100,714.9975
31.0200,678.3450
31.0300,643.3325
31.0400,608.4575
31.0500,570.0175
31.0600,546.8000
31.0700,521.7075
31.0800,498.5150
31.0900,488.2375
31.1000,514.7600
31.1100,513.6275
31.1200,472.0200
31.1300,420.5350
31.1400,430.8575
31.1500,468.4375
31.1600,466.5925
31.1700,470.0000
31.1800,463.5050
31.1900,450.1825
31.2000,435.2425
31.2100,446.0550
31.2200,453.7625
31.2300,443.2200
31.2400,428.9800
31.2500,384.3175
31.2600,364.6800
31.2700,394.1300
31.2800,405.4875
31.2900,423.6300
31.3000,431.1975
31.3100,409.6900
31.3200,427.7725
31.3300,462.1750
31.3400,461.3650
31.3500,423.8625
31.3600,440.1250
31.3700,471.5725
31.3800,438.7775
31.3900,406.2725
31.4000,441.5125
31.4100,473.3325
31.4200,460.8525
31.4300,410.8450
31.4400,399.5425
31.4500,447.3025
31.4600,429.2425
31.4700,390.0000
31.4800,411.6200
31.4900,459.7925
31.5000,497.4400
31.5100,503.8550
31.5200,462.9250
31.5300,426.3950
31.5400,443.7550
31.5500,479.8350
31.5600,495.7175
31.5700,460.8175
31.5800,434.5525
31.5900,440.0000
31.6000,441.5125
31.6100,443.3325
31.6200,432.7825
31.6300,429.0275
31.6400,471.5425
31.6500,481.5100
31.6600,430.2025
31.6700,423.4475
31.6800,456.4075
31.6900,463.2675
31.7000,449.6400
31.7100,442.9475
31.7200,458.1375
31.7300,474.1150
31.7400,435.2425
31.7500,437.2900
31.7600,447.1575
31.7700,425.2000
31.7800,436.5200
31.7900,451.8700
31.8000,423.7225
31.8100,410.4025
31.8200,458.4875
31.8300,461.9825
31.8400,405.3600
31.8500,384.9075
31.8600,402.8875
31.8700,405.2250
31.8800,393.2600
31.8900,375.6925
31.9000,382.9025
31.9100,411.4475
31.9200,419.5250
31.9300,401.4450
31.9400,382.8850
31.9500,386.1175
31.9600,399.0800
31.9700,415.9775
31.9800,435.3650
31.9900,412.9500
32.0000,396.2975
32.0100,390.8800
32.0200,396.6675
32.0300,392.4675
32.0400,369.9050
32.0500,341.0900
32.0600,348.6400
32.0700,381.1125
32.0800,410.5300
32.0900,431.3825
32.1000,413.9975
32.1100,388.0450
32.1200,376.2425
32.1300,366.2800
32.1400,388.2225
32.1500,398.6325
32.1600,398.0325
32.1700,380.9225
32.1800,360.1350
32.1900,374.0725
32.2000,381.3550
32.2100,377.9250
32.2200,365.9500
32.2300,368.0825
32.2400,369.2450
32.2500,343.9400
32.2600,347.4100
32.2700,382.6900
32.2800,394.0000
32.2900,378.0175
32.3000,371.9575
32.3100,391.3250
32.3200,395.9800
32.3300,385.4700
32.3400,371.2425
32.3500,396.4900
32.3600,411.4150
32.3700,404.6425
32.3800,398.8200
32.3900,391.8875
32.4000,394.7900
32.4100,380.1675
32.4200,390.7575
32.4300,429.8075
32.4400,419.3250
32.4500,403.4300
32.4600,440.2950
32.4700,460.5200
32.4800,465.3850
32.4900,454.3800
32.5000,432.3400
32.5100,413.6300
32.5200,417.3175
32.5300,447.6125
32.5400,452.4050
32.5500,450.1075
32.5600,486.8400
32.5700,493.5775
32.5800,443.7225
32.5900,437.0925
32.6000,455.8375
32.6100,489.1450
32.6200,487.5875
32.6300,459.9400
32.6400,472.9475
32.6500,466.6675
32.6600,440.7375
32.6700,400.3625
32.6800,410.3550
32.6900,420.3475
32.7000,431.5650
32.7100,431.4475
32.7200,422.7625
32.7300,412.6525
32.7400,393.6625
32.7500,417.2775
32.7600,401.8325
32.7700,398.1575
32.7800,398.2425
32.7900,367.7200
32.8000,343.5950
32.8100,365.5450
32.8200,384.9800
32.8300,383.0975
32.8400,391.2225
32.8500,344.3675
32.8600,328.9250
32.8700,382.2175
32.8800,403.7125
32.8900,385.8750
32.9000,394.3225
32.9100,380.6425
32.9200,369.1700
32.9300,384.6575
32.9400,384.0375
32.9500,378.2625
32.9600,391.9025
32.9700,388.2100
32.9800,401.9375
32.9900,398.1575
33.0000,406.2425
33.0100,382.2875
33.0200,383.2425
33.0300,380.0825
33.0400,387.8025
33.0500,399.0675
33.0600,420.0600
33.0700,423.2825
33.0800,403.1575
33.0900,374.4200
33.1000,374.4825
33.1100,395.6325
33.1200,412.1925
33.1300,403.3450
33.1400,415.5575
33.1500,423.3025
33.1600,433.3875
33.1700,414.4350
33.1800,434.2675
33.1900,456.8300
33.2000,447.5175
33.2100,468.0425
33.2200,414.8725
33.2300,375.4350
33.2400,399.6800
33.2500,434.2400
33.2600,459.7150
33.2700,476.7700
33.2800,463.5550
33.2900,442.4975
33.3000,428.8050
33.3100,454.6625
33.3200,510.6400
33.3300,512.1075
33.3400,464.5500
33.3500,449.4375
33.3600,422.4525
33.3700,420.6900
33.3800,447.1500
33.3900,460.5875
33.4000,432.6975
33.4100,423.9525
33.4200,443.1150
33.4300,440.6800
33.4400,428.2650
33.4500,441.5150
33.4600,438.2225
33.4700,457.6925
33.4800,458.9775
33.4900,461.7675
33.5000,475.3675
33.5100,489.1350
33.5200,506.9625
33.5300,525.2475
33.5400,585.3475
33.5500,573.9225
33.5600,545.6875
33.5700,597.6550
33.5800,672.9925
33.5900,672.0450
33.6000,658.2925
33.6100,660.1050
33.6200,641.6000
33.6300,684.8300
33.6400,748.2200
33.6500,714.1250
33.6600,687.3050
33.6700,650.8225
33.6800,651.2400
33.6900,711.8575
33.7000,786.8625
33.7100,827.7100
33.7200,868.7750
33.7300,949.2175
33.7400,1057.3150
33.7500,1212.4375
33.7600,1424.6225
33.7700,1782.8675
33.7800,2087.4775
33.7900,2208.8650
33.8000,2459.5375
33.8100,2718.0725
33.8200,2970.3525
33.8300,3248.3900
33.8400,3470.0325
33.8500,3721.2125
33.8600,3903.3025
33.8700,4055.4400
33.8800,3933.7325
33.8900,3697.5850
33.9000,3463.7700
33.9100,3217.0200
33.9200,2980.8250
33.9300,2780.3300
33.9400,2703.1775
33.9500,2573.6200
33.9600,2436.0650
33.9700,2303.9725
33.9800,2075.1375
33.9900,1773.8325
34.0000,1609.5050
34.0100,1429.4225
34.0200,1281.1525
34.0300,1246.0800
34.0400,1190.2775
34.0500,1116.6675
34.0600,1112.2925
34.0700,1116.5700
34.0800,1165.0725
34.0900,1148.3250
34.1000,1074.5650
34.1100,1038.2750
34.1200,1032.4750
34.1300,1013.7200
34.1400,960.6875
34.1500,939.0750
34.1600,928.3650
34.1700,925.7125
34.1800,894.8925
34.1900,875.0500
34.2000,888.3225
34.2100,890.8625
34.2200,901.6575
34.2300,885.7900
34.2400,945.8200
34.2500,954.9850
34.2600,960.0000
34.2700,949.3225
34.2800,948.6025
34.2900,1031.1575
34.3000,991.4700
34.3100,1019.9125
34.3200,1023.5300
34.3300,1019.4575
34.3400,1060.3550
34.3500,1018.7850
34.3600,988.9250
34.3700,1004.2775
34.3800,1006.1900
34.3900,1018.4725
34.4000,947.3825
34.4100,913.7400
34.4200,944.5025
34.4300,991.8675
34.4400,1045.4300
34.4500,980.4600
34.4600,1004.8575
34.4700,1142.5400
34.4800,1076.7000
34.4900,1003.4725
34.5000,1091.0425
34.5100,1071.9200
34.5200,1034.0925
34.5300,1041.2025
34.5400,1034.8225
34.5500,961.5025
34.5600,966.6675
34.5700,959.2100
34.5800,923.6725
34.5900,876.6675
34.6000,841.0725
34.6100,871.9075
34.6200,840.4000
34.6300,822.6925
34.6400,791.5700
34.6500,777.6875
34.6600,794.7800
34.6700,790.6325
34.6800,752.3575
34.6900,720.2075
34.7000,654.2950
34.7100,622.6750
34.7200,578.3775
34.7300,554.3550
34.7400,530.5200
34.7500,520.0000
34.7600,515.8125
34.7700,496.5225
34.7800,489.5700
34.7900,502.2850
34.8000,462.7525
34.8100,469.9050
34.8200,452.5675
34.8300,438.0275
34.8400,433.1625
34.8500,397.3875
34.8600,408.6225
34.8700,388.6600
34.8800,389.3475
34.8900,411.3375
34.9000,395.3750
34.9100,358.0475
34.9200,352.4625
34.9300,429.1250
34.9400,466.9375
34.9500,406.1750
34.9600,374.0750
34.9700,369.1450
34.9800,397.1925
34.9900,410.1300
35.0000,395.3900
35.0100,390.6350
35.0200,392.0675
35.0300,380.3600
35.0400,361.5000
35.0500,411.0600
35.0600,460.8675
35.0700,404.1825
35.0800,390.8600
35.0900,390.4700
35.1000,431.1475
35.1100,403.0025
35.1200,391.5350
35.1300,413.3325
35.1400,408.5050
35.1500,386.0650
35.1600,392.9100
35.1700,431.8975
35.1800,409.4075
35.1900,407.8500
35.2000,420.3975
35.2100,453.3325
35.2200,458.0025
35.2300,479.4200
35.2400,469.7225
35.2500,432.6325
35.2600,407.5950
35.2700,381.7150
35.2800,390.5700
35.2900,387.1050
35.3000,365.1250
35.3100,399.3675
35.3200,364.4500
35.3300,370.0000
35.3400,378.3100
35.3500,418.8975
35.3600,404.5475
35.3700,366.0125
35.3800,395.0350
35.3900,382.3325
35.4000,360.5400
35.4100,370.8475
35.4200,407.8625
35.4300,396.6675
35.4400,397.7250
35.4500,402.2800
35.4600,389.3250
35.4700,348.9550
35.4800,341.7750
35.4900,344.1900
35.5000,398.1875
35.5100,372.0475
35.5200,377.2175
35.5300,351.4475
35.5400,400.2000
35.5500,412.9675
35.5600,369.8350
35.5700,351.9900
35.5800,369.7675
35.5900,412.0850
35.6000,440.8825
35.6100,431.5425
35.6200,464.3650
35.6300,489.5175
35.6400,487.1475
35.6500,491.9100
35.6600,513.7900
35.6700,567.6825
35.6800,521.8025
35.6900,566.3125
35.7000,517.7475
35.7100,492.5950
35.7200,552.3025
35.7300,578.5800
35.7400,656.5250
35.7500,671.6800
35.7600,640.9025
35.7700,652.4975
35.7800,688.2150
35.7900,681.9900
35.8000,732.5475
35.8100,842.3700
35.8200,886.5450
35.8300,930.8675
35.8400,949.1775
35.8500,1050.9225
35.8600,1169.1475
35.8700,1162.4850
35.8800,1157.0875
35.8900,1165.0300
35.9000,1208.7525
35.9100,1274.5575
35.9200,1302.9600
35.9300,1268.8850
35.9400,1203.5625
35.9500,1124.4300
35.9600,1035.0625
35.9700,854.1325
35.9800,858.0125
35.9900,844.5175
36.0000,845.0900
36.0100,782.9425
36.0200,771.4700
36.0300,703.9700
36.0400,683.7150
36.0500,684.0025
36.0600,664.0900
36.0700,670.3750
36.0800,675.9450
36.0900,688.8800
36.1000,627.7725
36.1100,638.4950
36.1200,653.6975
36.1300,657.0275
36.1400,657.4900
36.1500,639.5175
36.1600,663.6875
36.1700,664.5575
36.1800,640.3850
36.1900,588.7475
36.2000,606.6675
36.2100,600.1725
36.2200,539.6000
36.2300,506.3300
36.2400,499.6525
36.2500,466.0025
36.2600,463.2975
36.2700,487.7675
36.2800,430.8175
36.2900,381.1825
36.3000,424.6150
36.3100,434.1250
36.3200,408.4225
36.3300,393.6475
36.3400,398.5300
36.3500,410.1950
36.3600,344.2200
36.3700,327.8875
36.3800,407.5700
36.3900,412.7850
36.4000,371.2600
36.4100,349.7075
36.4200,344.9175
36.4300,330.4225
36.4400,369.7125
36.4500,367.2350
36.4600,371.0800
36.4700,345.2700
36.4800,333.6000
36.4900,374.7075
36.5000,392.1775
36.5100,416.9375
36.5200,421.3375
36.5300,438.7875
36.5400,459.9200
36.5500,422.8625
36.5600,459.5025
36.5700,492.8225
36.5800,488.4375
36.5900,507.4925
36.6000,473.1900
36.6100,433.1975
36.6200,475.5250
36.6300,501.6450
36.6400,479.2825
36.6500,470.4725
36.6600,473.3900
36.6700,429.5375
36.6800,423.5625
36.6900,426.8925
36.7000,429.5500
36.7100,422.6675
36.7200,413.3325
36.7300,414.6375
36.7400,432.4725
36.7500,417.8725
36.7600,386.6675
36.7700,389.1625
36.7800,427.9000
36.7900,443.6175
36.8000,397.8725
36.8100,418.0550
36.8200,439.0200
36.8300,422.5575
36.8400,408.4675
36.8500,384.0900
36.8600,398.7200
36.8700,433.5175
36.8800,435.0300
36.8900,405.0500
36.9000,377.7300
36.9100,397.3650
36.9200,407.4125
36.9300,360.6800
36.9400,371.3200
36.9500,335.8150
36.9600,384.4750
36.9700,407.1500
36.9800,417.7750
36.9900,436.8800
37.0000,374.4100
37.0100,397.8775
37.0200,421.8425
37.0300,391.9075
37.0400,432.0350
37.0500,402.7650
37.0600,390.6975
37.0700,405.9800
37.0800,390.0000
37.0900,391.4575
37.1000,426.9275
37.1100,431.7975
37.1200,393.0825
37.1300,387.6525
37.1400,413.3325
37.1500,414.6375
37.1600,448.9550
37.1700,418.6350
37.1800,381.3375
37.1900,421.3100
37.2000,458.8250
37.2100,423.3325
37.2200,423.7425
37.2300,435.5675
37.2400,400.8775
37.2500,430.1900
37.2600,437.5950
37.2700,470.2725
37.2800,480.3525
37.2900,493.8475
37.3000,512.9150
37.3100,496.5850
37.3200,493.5700
37.3300,504.1000
37.3400,537.7050
37.3500,583.6925
37.3600,601.0425
37.3700,650.6050
37.3800,680.3900
37.3900,700.7525
37.4000,741.8075
37.4100,841.2175
37.4200,909.8325
37.4300,901.8125
37.4400,1014.5075
37.4500,1089.7075
37.4600,1070.8825
37.4700,1133.8625
37.4800,1175.3375
37.4900,1335.4250
37.5000,1511.8200
37.5100,1673.9600
37.5200,1734.3750
37.5300,1841.6925
37.5400,2028.7600
37.5500,2278.1775
37.5600,2474.6600
37.5700,2664.9900
37.5800,2927.4875
37.5900,3073.5450
37.6000,3116.6950
37.6100,3123.5225
37.6200,3176.4400
37.6300,3095.9950
37.6400,2783.3925
37.6500,2823.3850
37.6600,2889.9875
37.6700,2716.7725
37.6800,2610.1375
37.6900,2460.2975
37.7000,2430.0800
37.7100,2323.6925
37.7200,2170.6225
37.7300,2176.6350
37.7400,2196.5575
37.7500,2080.7125
37.7600,2159.4550
37.7700,2093.8325
37.7800,1947.8650
37.7900,1797.9950
37.8000,1862.6975
37.8100,1899.6250
37.8200,1876.9225
37.8300,2031.5150
37.8400,2145.2750
37.8500,2070.9950
37.8600,2116.0300
37.8700,2142.9500
37.8800,2245.1150
37.8900,2200.7325
37.9000,2249.1800
37.9100,2322.0800
37.9200,2290.5925
37.9300,2273.6400
37.9400,2240.6375
37.9500,2128.9125
37.9600,2103.8125
37.9700,1940.1950
37.9800,1891.0200
37.9900,1922.5825
38.0000,1845.1900
38.0100,1622.0825
38.0200,1405.3250
38.0300,1448.7375
38.0400,1307.1375
38.0500,1163.8150
38.0600,1189.1800
38.0700,1044.1950
38.0800,1030.2875
38.0900,903.8125
38.1000,777.1350
38.1100,724.8675
38.1200,739.4775
38.1300,714.1875
38.1400,748.8000
38.1500,721.0025
38.1600,703.9000
38.1700,703.3325
38.1800,622.9525
38.1900,636.0650
38.2000,684.8275
38.2100,725.1675
38.2200,723.4600
38.2300,816.2500
38.2400,903.2450
38.2500,932.2625
38.2600,1003.6725
38.2700,1105.7125
38.2800,1234.5175
38.2900,1418.6700
38.3000,1535.0675
38.3100,1670.6275
38.3200,1616.1750
38.3300,1581.5175
38.3400,1697.6350
38.3500,1700.1575
38.3600,1652.3775
38.3700,1586.5475
38.3800,1548.4600
38.3900,1483.3050
38.4000,1464.1700
38.4100,1368.4225
38.4200,1394.9475
38.4300,1406.1450
38.4400,1270.9175
38.4500,1247.5600
38.4600,1205.6850
38.4700,1096.2250
38.4800,970.3750
38.4900,865.8125
38.5000,853.7125
38.5100,790.5050
38.5200,720.7450
38.5300,710.3925
38.5400,691.1925
38.5500,592.8925
38.5600,592.9275
38.5700,612.1025
38.5800,591.4525
38.5900,521.2800
38.6000,526.0300
38.6100,551.6200
38.6200,550.2175
38.6300,472.1300
38.6400,457.3300
38.6500,497.1000
38.6600,462.7025
38.6700,441.3650
38.6800,492.7625
38.6900,462.5500
38.7000,444.5025
38.7100,455.7225
38.7200,459.7625
38.7300,506.3900
38.7400,506.9100
38.7500,503.5775
38.7600,481.7300
38.7700,402.9025
38.7800,430.5650
38.7900,457.9700
38.8000,475.3875
38.8100,473.5925
38.8200,497.9175
38.8300,478.5050
38.8400,495.0775
38.8500,567.1925
38.8600,643.8075
38.8700,665.3100
38.8800,740.1000
38.8900,789.4725
38.9000,884.9925
38.9100,957.4500
38.9200,1100.6275
38.9300,1168.2125
38.9400,1118.4950
38.9500,1107.2450
38.9600,1140.1325
38.9700,1170.6950
38.9800,1115.6125
38.9900,1173.7500
39.0000,1164.8325
39.0100,1066.3300
39.0200,1008.2000
39.0300,970.0375
39.0400,933.3925
39.0500,936.0450
39.0600,870.2175
39.0700,839.1875
39.0800,785.3925
39.0900,798.0825
39.1000,751.8125
39.1100,662.3975
39.1200,695.4375
39.1300,642.9000
39.1400,606.6350
39.1500,600.3325
39.1600,540.0250
39.1700,599.2600
39.1800,609.6600
39.1900,651.8925
39.2000,695.5375
39.2100,705.9750
39.2200,721.5950
39.2300,815.8275
39.2400,859.4625
39.2500,925.9000
39.2600,975.0150
39.2700,1021.6500
39.2800,1008.8300
39.2900,1027.4625
39.3000,1089.3725
39.3100,1016.5725
39.3200,1042.2375
39.3300,996.3100
39.3400,927.8400
39.3500,940.7050
39.3600,961.0675
39.3700,998.7775
39.3800,935.4500
39.3900,832.2900
39.4000,796.4225
39.4100,775.6625
39.4200,738.0175
39.4300,756.8600
39.4400,686.5350
39.4500,664.9200
39.4600,716.1525
39.4700,740.9275
39.4800,711.1025
39.4900,762.2975
39.5000,793.4075
39.5100,840.5225
39.5200,1019.0400
39.5300,1151.3525
39.5400,1195.8400
39.5500,1325.3525
39.5600,1413.2475
39.5700,1522.3050
39.5800,1621.0225
39.5900,1769.9475
39.6000,1900.3750
39.6100,1884.7400
39.6200,1853.8975
39.6300,1878.9825
39.6400,1883.3325
39.6500,1802.3000
39.6600,1749.5125
39.6700,1752.0025
39.6800,1764.8850
39.6900,1613.7325
39.7000,1509.2625
39.7100,1338.1925
39.7200,1287.4200
39.7300,1274.7025
39.7400,1146.8325
39.7500,954.2925
39.7600,1001.3075
39.7700,950.2225
39.7800,851.1350
39.7900,759.3250
39.8000,626.4450
39.8100,618.1075
39.8200,608.5675
39.8300,575.2500
39.8400,541.4600
39.8500,519.5550
39.8600,479.6200
39.8700,479.0300
39.8800,474.3075
39.8900,444.8975
39.9000,454.2075
39.9100,493.5775
39.9200,485.8125
39.9300,446.4750
39.9400,437.1675
39.9500,425.3425
39.9600,363.9250
39.9700,384.4300
39.9800,387.1750
39.9900,423.3625
40.0000,444.1025
40.0100,404.3875
40.0200,413.5650
40.0300,425.1100
40.0400,406.9800
40.0500,358.3700
40.0600,380.8900
40.0700,389.4725
40.0800,364.7625
40.0900,385.2175
40.1000,434.7975
40.1100,426.5475
40.1200,434.5175
40.1300,411.5225
40.1400,412.2500
40.1500,365.9100
40.1600,387.3300
40.1700,432.3300
40.1800,409.3825
40.1900,319.8925
40.2000,328.3475
40.2100,363.8825
40.2200,358.9000
40.2300,348.3475
40.2400,352.2100
40.2500,397.6375
40.2600,403.9000
40.2700,397.8025
40.2800,402.1925
40.2900,389.5300
40.3000,389.4250
40.3100,423.0800
40.3200,432.7550
40.3300,455.3550
40.3400,448.9975
40.3500,452.1650
40.3600,423.1225
40.3700,433.1325
40.3800,450.3800
40.3900,409.4875
40.4000,449.2900
40.4100,473.6825
40.4200,452.0575
40.4300,446.6675
40.4400,441.2050
40.4500,456.3700
40.4600,438.1900
40.4700,422.4375
40.4800,477.1650
40.4900,509.0400
40.5000,483.4350
40.5100,484.8150
40.5200,500.2375
40.5300,506.0450
40.5400,498.5375
40.5500,518.3300
40.5600,512.5100
40.5700,547.8550
40.5800,567.4750
40.5900,534.9025
40.6000,594.1125
40.6100,653.1350
40.6200,682.1900
40.6300,794.3400
40.6400,906.0750
40.6500,983.1100
40.6600,1122.9000
40.6700,1220.4275
40.6800,1311.7575
40.6900,1530.9850
40.7000,1751.3775
40.7100,1921.7700
40.7200,2282.2100
40.7300,2625.1675
40.7400,2783.4425
40.7500,2988.0775
40.7600,3043.9975
40.7700,3004.0450
40.7800,2881.5375
40.7900,2810.7775
40.8000,2845.1825
40.8100,2694.6600
40.8200,2576.3725
40.8300,2437.3325
40.8400,2316.5725
40.8500,2282.7425
40.8600,2166.2275
40.8700,2022.9775
40.8800,1927.2850
40.8900,1783.2825
40.9000,1607.5500
40.9100,1364.3925
40.9200,1207.2750
40.9300,1111.5675
40.9400,974.9800
40.9500,838.2100
40.9600,739.0950
40.9700,699.0075
40.9800,706.4450
40.9900,660.2175
41.0000,630.9575
41.0100,566.4925
41.0200,471.5725
41.0300,455.2250
41.0400,474.9400
41.0500,485.2175
41.0600,447.5700
41.0700,436.6675
41.0800,447.0775
41.0900,392.7875
41.1000,381.8650
41.1100,417.0900
41.1200,434.4500
41.1300,413.3325
41.1400,398.8950
41.1500,396.6675
41.1600,386.3200
41.1700,372.9925
41.1800,419.0750
41.1900,410.1050
41.2000,416.2275
41.2100,420.0000
41.2200,407.1250
41.2300,380.1750
41.2400,378.4750
41.2500,380.0000
41.2600,372.2975
41.2700,385.3925
41.2800,384.8725
41.2900,344.9100
41.3000,338.4525
41.3100,365.5775
41.3200,421.8925
41.3300,444.3275
41.3400,421.1475
41.3500,410.7825
41.3600,420.1925
41.3700,420.7875
41.3800,389.4700
41.3900,402.8800
41.4000,392.2175
41.4100,422.2050
41.4200,418.1150
41.4300,438.6800
41.4400,403.6100
41.4500,384.9375
41.4600,406.0925
41.4700,458.8175
41.4800,450.6075
41.4900,428.1950
41.5000,524.1825
41.5100,526.4350
41.5200,478.9050
41.5300,466.6675
41.5400,439.0175
41.5500,437.5350
41.5600,437.4900
41.5700,429.1425
41.5800,426.6675
41.5900,421.6575
41.6000,420.0000
41.6100,427.5000
41.6200,442.4925
41.6300,466.6375
41.6400,445.8925
41.6500,439.1600
41.6600,449.9625
41.6700,433.4225
41.6800,424.1800
41.6900,455.6400
41.7000,449.2850
41.7100,458.2225
41.7200,470.7725
41.7300,441.1250
41.7400,432.4750
41.7500,433.3325
41.7600,482.7725
41.7700,485.1800
41.7800,442.9775
41.7900,442.3325
41.8000,468.8475
41.8100,506.2175
41.8200,526.5100
41.8300,561.9650
41.8400,595.4450
41.8500,659.8000
41.8600,716.7975
41.8700,796.1850
41.8800,920.4275
41.8900,1010.5125
41.9000,1069.1325
41.9100,1188.4200
41.9200,1392.7225
41.9300,1550.9400
41.9400,1696.3900
41.9500,1792.7050
41.9600,1832.8100
41.9700,1842.4325
41.9800,1809.3025
41.9900,1803.9525
42.0000,1770.2600
42.0100,1763.9425
42.0200,1669.7275
42.0300,1592.1650
42.0400,1564.5675
42.0500,1489.8800
42.0600,1444.0050
42.0700,1325.6125
42.0800,1235.0850
42.0900,1151.5825
42.1000,1107.3975
42.1100,1071.1175
42.1200,980.6350
42.1300,880.3075
42.1400,829.3200
42.1500,767.2100
42.1600,667.5425
42.1700,610.3125
42.1800,578.4525
42.1900,531.7250
42.2000,495.1525
42.2100,498.6100
42.2200,515.2675
42.2300,498.5350
42.2400,449.4875
42.2500,469.0525
42.2600,488.0925
42.2700,444.8250
42.2800,443.2975
42.2900,480.8625
42.3000,509.9375
42.3100,497.7025
42.3200,532.6350
42.3300,519.2325
42.3400,537.4100
42.3500,575.9950
42.3600,572.4975
42.3700,557.2275
42.3800,569.8375
42.3900,623.7850
42.4000,631.5625
42.4100,621.9625
42.4200,612.9475
42.4300,610.0000
42.4400,605.3050
42.4500,561.1200
42.4600,604.2600
42.4700,634.6825
42.4800,608.5900
42.4900,620.0450
42.5000,658.0350
42.5100,665.3325
42.5200,693.6575
42.5300,704.3350
42.5400,707.9925
42.5500,754.2175
42.5600,780.3100
42.5700,785.6575
42.5800,782.0225
42.5900,789.2800
42.6000,767.8325
42.6100,763.6175
42.6200,768.9825
42.6300,695.9825
42.6400,661.0225
42.6500,625.3575
42.6600,600.7700
42.6700,624.3375
42.6800,604.4075
42.6900,613.0250
42.7000,570.4175
42.7100,548.9650
42.7200,520.1375
42.7300,483.7125
42.7400,484.8025
42.7500,446.4550
42.7600,422.0875
42.7700,403.9825
42.7800,414.9600
42.7900,423.3325
42.8000,425.6175
42.8100,417.5425
42.8200,392.8175
42.8300,340.0550
42.8400,340.4850
42.8500,402.3100
42.8600,381.2150
42.8700,384.9800
42.8800,408.0125
42.8900,429.2050
42.9000,382.2900
42.9100,374.7775
42.9200,412.7425
42.9300,437.9700
42.9400,427.5225
42.9500,451.5975
42.9600,482.4525
42.9700,512.5350
42.9800,561.6150
42.9900,541.7500
43.0000,496.3525
43.0100,490.0725
43.0200,475.3750
43.0300,462.1800
43.0400,468.9650
43.0500,475.5725
43.0600,483.3800
43.0700,466.5400
43.0800,461.1350
43.0900,481.1975
43.1000,519.0050
43.1100,522.1850
43.1200,463.2000
43.1300,436.6675
43.1400,456.6850
43.1500,468.8900
43.1600,438.9075
43.1700,401.1400
43.1800,361.1725
43.1900,346.6675
43.2000,368.8075
43.2100,386.6375
43.2200,387.7900
43.2300,386.6675
43.2400,384.4600
43.2500,392.1550
43.2600,392.2575
43.2700,418.6300
43.2800,428.9325
43.2900,426.6675
43.3000,446.4425
43.3100,480.8175
43.3200,482.3650
43.3300,518.3175
43.3400,524.6675
43.3500,499.1550
43.3600,518.4325
43.3700,513.6650
43.3800,498.9650
43.3900,514.1225
43.4000,532.0550
43.4100,519.2375
43.4200,507.8225
43.4300,528.4200
43.4400,522.6100
43.4500,472.0625
43.4600,436.9775
43.4700,464.7000
43.4800,489.8350
43.4900,534.4775
43.5000,584.7975
43.5100,563.2425
43.5200,564.9375
43.5300,552.9200
43.5400,522.7425
43.5500,560.7550
43.5600,638.3600
43.5700,726.9300
43.5800,798.7100
43.5900,843.6375
43.6000,942.5600
43.6100,1037.2050
43.6200,1168.3925
43.6300,1245.9475
43.6400,1280.2150
43.6500,1385.3150
43.6600,1434.5300
43.6700,1514.4950
43.6800,1592.0125
43.6900,1599.3375
43.7000,1561.3700
43.7100,1524.1700
43.7200,1543.1225
43.7300,1536.6125
43.7400,1482.9675
43.7500,1436.6500
43.7600,1431.8175
43.7700,1419.7100
43.7800,1378.2300
43.7900,1315.5575
43.8000,1260.3925
43.8100,1266.5775
43.8200,1208.2075
43.8300,1137.1275
43.8400,1111.5675
43.8500,1047.6800
43.8600,988.0725
43.8700,948.0925
43.8800,880.7875
43.8900,818.4950
43.9000,800.0000
43.9100,797.9025
43.9200,769.4250
43.9300,786.8350
43.9400,833.8650
43.9500,847.9100
43.9600,907.2500
43.9700,985.0825
43.9800,955.7675
43.9900,998.3675
44.0000,1051.6650
44.0100,1100.3700
44.0200,1191.1325
44.0300,1205.0650
44.0400,1202.4575
44.0500,1156.0550
44.0600,1175.1625
44.0700,1206.6675
44.0800,1179.7550
44.0900,1144.7175
44.1000,1098.1950
44.1100,1103.5150
44.1200,1078.7250
44.1300,1030.6500
44.1400,989.8775
44.1500,944.5075
44.1600,926.6675
44.1700,877.3250
44.1800,811.7425
44.1900,808.4750
44.2000,817.9500
44.2100,837.1625
44.2200,825.4225
44.2300,838.6525
44.2400,821.9025
44.2500,828.6075
44.2600,842.5825
44.2700,776.7475
44.2800,740.7450
44.2900,727.0350
44.3000,734.9875
44.3100,736.4950
44.3200,711.7075
44.3300,720.3100
44.3400,711.0075
44.3500,682.4700
44.3600,659.1475
44.3700,621.6500
44.3800,609.4025
44.3900,635.5750
44.4000,680.3050
44.4100,655.5850
44.4200,640.7875
44.4300,619.7625
44.4400,602.0150
44.4500,593.2700
44.4600,590.6900
44.4700,543.0925
44.4800,505.9825
44.4900,517.3800
44.5000,518.6450
44.5100,501.3125
44.5200,505.3450
44.5300,495.3275
44.5400,455.3475
44.5500,456.6425
44.5600,489.9600
44.5700,481.3925
44.5800,450.7225
44.5900,438.0075
44.6000,412.7875
44.6100,412.5750
44.6200,403.4625
44.6300,409.8550
44.6400,405.4775
44.6500,415.1400
44.6600,410.1900
44.6700,370.9325
44.6800,341.4650
44.6900,372.8650
44.7000,411.8500
44.7100,408.1575
44.7200,396.0550
44.7300,407.1275
44.7400,393.0375
44.7500,374.7000
44.7600,387.0975
44.7700,408.4550
44.7800,426.4825
44.7900,450.9900
44.8000,488.8175
44.8100,530.1725
44.8200,581.9000
44.8300,608.6225
44.8400,582.6375
44.8500,588.7225
44.8600,589.1025
44.8700,596.1675
44.8800,606.1025
44.8900,609.1750
44.9000,613.3325
44.9100,590.0025
44.9200,583.0475
44.9300,605.5300
44.9400,589.5100
44.9500,537.0475
44.9600,515.2700
44.9700,505.0550
44.9800,498.6000
44.9900,528.9900
45.0000,509.4450
45.0100,470.3525
45.0200,474.9025
45.0300,454.4300
45.0400,421.7800
45.0500,426.8000
45.0600,428.9775
45.0700,400.2800
45.0800,404.4500
45.0900,395.0625
45.1000,386.2500
45.1100,399.0800
45.1200,403.3325
45.1300,405.2450
45.1400,420.0450
45.1500,420.4525
45.1600,394.2500
45.1700,400.9750
45.1800,414.7600
45.1900,428.5650
45.2000,426.6825
45.2100,416.6675
45.2200,390.0700
45.2300,398.4750
45.2400,435.1750
45.2500,429.6075
45.2600,443.1850
45.2700,469.0125
45.2800,458.2025
45.2900,448.5575
45.3000,444.3350
45.3100,447.5475
45.3200,468.4200
45.3300,455.5025
45.3400,466.7950
45.3500,490.0000
45.3600,484.3600
45.3700,487.5150
45.3800,489.5775
45.3900,437.8900
45.4000,426.2450
45.4100,456.0325
45.4200,453.9750
45.4300,469.1125
45.4400,471.7125
45.4500,478.6775
45.4600,463.4700
45.4700,449.3250
45.4800,458.5300
45.4900,465.5875
45.5000,455.1125
45.5100,478.6650
45.5200,515.9575
45.5300,501.0525
45.5400,462.9225
45.5500,437.3950
45.5600,411.4725
45.5700,435.5450
45.5800,483.3175
45.5900,487.4225
45.6000,515.1000
45.6100,539.6425
45.6200,529.2875
45.6300,554.6700
45.6400,567.1075
45.6500,586.1150
45.6600,676.2125
45.6700,759.4075
45.6800,770.4775
45.6900,763.6700
45.7000,763.0000
45.7100,818.6425
45.7200,884.9800
45.7300,876.2125
45.7400,871.2950
45.7500,918.0500
45.7600,910.1475
45.7700,848.9825
45.7800,837.9200
45.7900,840.8900
45.8000,831.5125
45.8100,828.1800
45.8200,830.3025
45.8300,815.1675
45.8400,796.3700
45.8500,813.2875
45.8600,828.1875
45.8700,766.8900
45.8800,722.0975
45.8900,739.3275
45.9000,730.1175
45.9100,671.7900
45.9200,654.7150
45.9300,662.7850
45.9400,615.2125
45.9500,578.2000
45.9600,565.8675
45.9700,547.6750
45.9800,565.1600
45.9900,575.8925
46.0000,520.0075
46.0100,501.5200
46.0200,518.2075
46.0300,496.9700
46.0400,449.5800
46.0500,441.2150
46.0600,463.8150
46.0700,464.6425
46.0800,418.9625
46.0900,435.0400
46.1000,467.5275
46.1100,424.6175
46.1200,389.5500
46.1300,385.1125
46.1400,397.3275
46.1500,403.1150
46.1600,380.4850
46.1700,356.2425
46.1800,362.4025
46.1900,406.9700
46.2000,426.0525
46.2100,397.2200
46.2200,397.6650
46.2300,416.8650
46.2400,416.4725
46.2500,420.3850
46.2600,402.0050
46.2700,394.0825
46.2800,433.0525
46.2900,412.7200
46.3000,390.9000
46.3100,404.9125
46.3200,389.3000
46.3300,390.6900
46.3400,391.0725
46.3500,404.5050
46.3600,447.6575
46.3700,468.4150
46.3800,466.5075
46.3900,472.0600
46.4000,509.6525
46.4100,534.9225
46.4200,562.9450
46.4300,603.9250
46.4400,625.3650
46.4500,694.1700
46.4600,715.2600
46.4700,683.3325
46.4800,676.3950
46.4900,687.3325
46.5000,706.7975
46.5100,692.6900
46.5200,697.4225
46.5300,739.1375
46.5400,734.0900
46.5500,741.0700
46.5600,730.3275
46.5700,689.8850
46.5800,681.5000
46.5900,668.0600
46.6000,644.5175
46.6100,657.5025
46.6200,674.7450
46.6300,651.2175
46.6400,604.0750
46.6500,569.9050
46.6600,585.5100
46.6700,605.0450
46.6800,582.7175
46.6900,546.3250
46.7000,524.7925
46.7100,514.9600
46.7200,509.9225
46.7300,477.6850
46.7400,450.0000
46.7500,422.7600
46.7600,411.9775
46.7700,411.3650
46.7800,406.8600
46.7900,392.8975
46.8000,397.1475
46.8100,423.3325
46.8200,394.5300
46.8300,361.5875
46.8400,366.8200
46.8500,369.9025
46.8600,354.8850
46.8700,358.4875
46.8800,388.5625
46.8900,403.2950
46.9000,393.2600
46.9100,371.5100
46.9200,333.1075
46.9300,345.3175
46.9400,388.4025
46.9500,381.5525
46.9600,386.8075
46.9700,406.6675
46.9800,406.6675
46.9900,393.2675
47.0000,405.1075
47.0100,426.6550
47.0200,433.3625
47.0300,413.2650
47.0400,363.3000
47.0500,370.0250
47.0600,388.3300
47.0700,366.6725
47.0800,373.3125
47.0900,409.9700
47.1000,439.9675
47.1100,451.6725
47.1200,446.6800
47.1300,468.2225
47.1400,483.3850
47.1500,493.2200
47.1600,534.8625
47.1700,594.7300
47.1800,625.0650
47.1900,588.5700
47.2000,556.6975
47.2100,541.7800
47.2200,541.5475
47.2300,584.6525
47.2400,596.9000
47.2500,547.0350
47.2600,538.0525
47.2700,578.0850
47.2800,575.3075
47.2900,528.7050
47.3000,519.7425
47.3100,525.1875
47.3200,493.6700
47.3300,499.5350
47.3400,492.3000
47.3500,461.5725
47.3600,445.4200
47.3700,431.5000
47.3800,426.9425
47.3900,418.2275
47.4000,413.5525
47.4100,422.8825
47.4200,451.4725
47.4300,458.3725
47.4400,433.9025
47.4500,419.7500
47.4600,420.2575
47.4700,406.7550
47.4800,414.6850
47.4900,412.0800
47.5000,378.8500
47.5100,356.7625
47.5200,366.2750
47.5300,407.4825
47.5400,420.5100
47.5500,422.7075
47.5600,457.8550
47.5700,458.8200
47.5800,438.5000
47.5900,455.8800
47.6000,489.6575
47.6100,493.5675
47.6200,467.3775
47.6300,475.5800
47.6400,525.9300
47.6500,541.8550
47.6600,522.2375
47.6700,513.0750
47.6800,508.7925
47.6900,499.8675
47.7000,530.5200
47.7100,532.8300
47.7200,482.5700
47.7300,467.9800
47.7400,465.5000
47.7500,462.8975
47.7600,470.1475
47.7700,465.0750
47.7800,466.5150
47.7900,465.2300
47.8000,467.9450
47.8100,470.3125
47.8200,452.2225
47.8300,449.5175
47.8400,436.2200
47.8500,416.3375
47.8600,432.8325
47.8700,441.7500
47.8800,421.0225
47.8900,396.8400
47.9000,394.9125
47.9100,415.6075
47.9200,425.6250
47.9300,384.9575
47.9400,364.3625
47.9500,378.2400
47.9600,380.0000
47.9700,381.5725
47.9800,405.3375
47.9900,423.7175
48.0000,404.1100
48.0100,388.4300
48.0200,389.8025
48.0300,385.5000
48.0400,381.3650
48.0500,391.3625
48.0600,384.1550
48.0700,366.8750
48.0800,366.4575
48.0900,371.5600
48.1000,395.1775
48.1100,429.3550
48.1200,438.4425
48.1300,444.4525
48.1400,426.8725
48.1500,412.2225
48.1600,481.3025
48.1700,536.8925
48.1800,499.1725
48.1900,470.8625
48.2000,505.0450
48.2100,514.5000
48.2200,501.3150
48.2300,509.7625
48.2400,494.7675
48.2500,479.5175
48.2600,478.9400
48.2700,476.1775
48.2800,483.3325
48.2900,503.3875
48.3000,542.0825
48.3100,570.7850
48.3200,594.1125
48.3300,623.5950
48.3400,658.7150
48.3500,684.3525
48.3600,717.9125
48.3700,758.9500
48.3800,764.1275
48.3900,739.5325
48.4000,727.9325
48.4100,710.3575
48.4200,700.1725
48.4300,667.9800
48.4400,609.7250
48.4500,633.2000
48.4600,658.1950
48.4700,673.7375
48.4800,683.8975
48.4900,653.7975
48.5000,612.9525
48.5100,581.4375
48.5200,552.6800
48.5300,535.4375
48.5400,530.0000
48.5500,531.5200
48.5600,513.5925
48.5700,490.0000
48.5800,471.7975
48.5900,474.2550
48.6000,462.4275
48.6100,401.2200
48.6200,394.2325
48.6300,397.2825
48.6400,391.5125
48.6500,384.2700
48.6600,352.1950
48.6700,328.1750
48.6800,355.6400
48.6900,394.2025
48.7000,389.7750
48.7100,362.7950
48.7200,363.5425
48.7300,369.4725
48.7400,346.1450
48.7500,337.8400
48.7600,358.3475
48.7700,388.6700
48.7800,382.3375
48.7900,346.1750
48.8000,331.8350
48.8100,361.4425
48.8200,420.9500
48.8300,434.7025
48.8400,409.5375
48.8500,392.1850
48.8600,397.1175
48.8700,399.5550
48.8800,415.0025
48.8900,466.3975
48.9000,507.5225
48.9100,564.6000
48.9200,604.8225
48.9300,600.7175
48.9400,600.7650
48.9500,615.9425
48.9600,611.4550
48.9700,612.9925
48.9800,634.8175
48.9900,624.8075
49.0000,610.0000
49.0100,577.4225
49.0200,520.3875
49.0300,539.9400
49.0400,597.3925
49.0500,600.7550
49.0600,571.1800
49.0700,555.1425
49.0800,592.1275
49.0900,608.2050
49.1000,588.9125
49.1100,586.2800
49.1200,587.0550
49.1300,599.5175
49.1400,644.9975
49.1500,650.2125
49.1600,631.3550
49.1700,635.3175
49.1800,594.6550
49.1900,574.0000
49.2000,600.9225
49.2100,610.1475
49.2200,572.8325
49.2300,558.3750
49.2400,576.2600
49.2500,584.3850
49.2600,572.4650
49.2700,573.3675
49.2800,598.9550
49.2900,619.5925
49.3000,640.2100
49.3100,642.2800
49.3200,663.7525
49.3300,661.4550
49.3400,667.6975
49.3500,626.7950
49.3600,581.2025
49.3700,610.1700
49.3800,611.7175
49.3900,582.1525
49.4000,529.9700
49.4100,515.6625
49.4200,580.8650
49.4300,612.3225
49.4400,576.2675
49.4500,538.1125
49.4600,538.5550
49.4700,527.9950
49.4800,508.0000
49.4900,518.3250
49.5000,546.6675
49.5100,555.3200
49.5200,542.1575
49.5300,528.7325
49.5400,547.5725
49.5500,521.2875
49.5600,446.3100
49.5700,387.1900
49.5800,418.2275
49.5900,433.7375
49.6000,423.8450
49.6100,450.5550
49.6200,457.5550
49.6300,443.8350
49.6400,461.9325
49.6500,450.4175
49.6600,428.5900
49.6700,448.5850
49.6800,448.5600
49.6900,440.4800
49.7000,442.8575
49.7100,440.4725
49.7200,434.3000
49.7300,397.6400
49.7400,376.6675
49.7500,383.7925
49.7600,381.9375
49.7700,372.3625
49.7800,374.3075
49.7900,372.3575
49.8000,377.1575
49.8100,370.4925
49.8200,380.8700
49.8300,394.3225
49.8400,372.4775
49.8500,378.8625
49.8600,401.9925
49.8700,373.9150
49.8800,356.6675
49.8900,349.5900
49.9000,354.1475
49.9100,398.7875
49.9200,389.5150
49.9300,345.5400
49.9400,376.5525
49.9500,368.8275
49.9600,334.3575
49.9700,347.8175
49.9800,376.6675
49.9900,376.6675
50.0000,376.6675
