#Intensity_unit=cps
#Attenuator_coefficient=1.0000
10.0000,951.3225
10.0100,911.1375
10.0200,924.8725
10.0300,893.3050
10.0400,929.4125
10.0500,918.1800
10.0600,907.5775
10.0700,906.6675
10.0800,891.5300
10.0900,890.0000
10.1000,917.2225
10.1100,916.9775
10.1200,892.4875
10.1300,853.7450
10.1400,874.1600
10.1500,876.6675
10.1600,921.9325
10.1700,935.7150
10.1800,918.5750
10.1900,898.5825
10.2000,902.6925
10.2100,876.2275
10.2200,837.2075
10.2300,935.6525
10.2400,961.7075
10.2500,921.2350
10.2600,856.5500
10.2700,859.0125
10.2800,853.9925
10.2900,937.3950
10.3000,922.6600
10.3100,866.0050
10.3200,943.9600
10.3300,965.3225
10.3400,963.6700
10.3500,951.3525
10.3600,917.0700
10.3700,907.3475
10.3800,921.6225
10.3900,920.3425
10.4000,917.0100
10.4100,913.6800
10.4200,985.0050
10.4300,981.3925
10.4400,980.0000
10.4500,920.3475
10.4600,928.2400
10.4700,900.1975
10.4800,938.3725
10.4900,910.5775
10.5000,870.9475
10.5100,875.5925
10.5200,927.2250
10.5300,891.7150
10.5400,889.6375
10.5500,949.4050
10.5600,885.4100
10.5700,891.5050
10.5800,893.3325
10.5900,896.2975
10.6000,864.0625
10.6100,865.9250
10.6200,958.4725
10.6300,946.3175
10.6400,916.7025
10.6500,928.1225
10.6600,903.3925
10.6700,882.2700
10.6800,924.3100
10.6900,879.8050
10.7000,879.2350
10.7100,865.2500
10.7200,857.4350
10.7300,921.5125
10.7400,935.8925
10.7500,960.2275
10.7600,936.8400
10.7700,880.3700
10.7800,879.2150
10.7900,947.6175
10.8000,994.8675
10.8100,964.7525
10.8200,851.3675
10.8300,871.8825
10.8400,911.8675
10.8500,896.1425
10.8600,937.2950
10.8700,937.4750
10.8800,913.2400
10.8900,986.1000
10.9000,935.2275
10.9100,941.2875
10.9200,899.4875
10.9300,890.4125
10.9400,925.0450
10.9500,932.9200
10.9600,918.7450
10.9700,922.5000
10.9800,975.8050
10.9900,927.9700
11.0000,853.0125
11.0100,878.2675
11.0200,903.7025
11.0300,895.0325
11.0400,878.7975
11.0500,891.1950
11.0600,852.6700
11.0700,858.2800
11.0800,857.0975
11.0900,836.3625
11.1000,876.8225
11.1100,897.8225
11.1200,920.2750
11.1300,885.6950
11.1400,882.8950
11.1500,811.0200
11.1600,843.3675
11.1700,928.0250
11.1800,856.2325
11.1900,820.2350
11.2000,857.0675
11.2100,941.2125
11.2200,910.0875
11.2300,903.3325
11.2400,960.9400
11.2500,946.9675
11.2600,931.8225
11.2700,892.6075
11.2800,952.7900
11.2900,943.2175
11.3000,925.6400
11.3100,897.4950
11.3200,870.3775
11.3300,895.3475
11.3400,879.9325
11.3500,862.3400
11.3600,920.1450
11.3700,907.1000
11.3800,949.1125
11.3900,968.1050
11.4000,935.6975
11.4100,912.8575
11.4200,924.2775
11.4300,926.6675
11.4400,929.5200
11.4500,927.1475
11.4600,892.4650
11.4700,869.5750
11.4800,858.1250
11.4900,845.2825
11.5000,846.1775
11.5100,872.2550
11.5200,873.8250
11.5300,930.1400
11.5400,934.3225
11.5500,831.1800
11.5600,929.6175
11.5700,884.8000
11.5800,822.3325
11.5900,796.3425
11.6000,813.1475
11.6100,861.9325
11.6200,918.0700
11.6300,878.6200
11.6400,847.4000
11.6500,860.2750
11.6600,843.5800
11.6700,890.7700
11.6800,902.8200
11.6900,838.5250
11.7000,806.9525
11.7100,893.4100
11.7200,890.3050
11.7300,864.1700
11.7400,857.1900
11.7500,890.3775
11.7600,868.5900
11.7700,835.2700
11.7800,869.2675
11.7900,893.4875
11.8000,899.4675
11.8100,849.5900
11.8200,840.0000
11.8300,887.5600
11.8400,896.6675
11.8500,812.8225
11.8600,824.6000
11.8700,855.1275
11.8800,868.3725
11.8900,928.5675
11.9000,889.8250
11.9100,868.8550
11.9200,855.5275
11.9300,881.1650
11.9400,861.6325
11.9500,781.6000
11.9600,841.6925
11.9700,881.6625
11.9800,881.1150
11.9900,877.2250
12.0000,860.0300
12.0100,851.1250
12.0200,850.0000
12.0300,847.2325
12.0400,907.5400
12.0500,892.3450
12.0600,870.0825
12.0700,905.3425
12.0800,946.4650
12.0900,900.9025
12.1000,793.4675
12.1100,814.6825
12.1200,845.3750
12.1300,883.0425
12.1400,878.9925
12.1500,909.6750
12.1600,831.4450
12.1700,843.5575
12.1800,863.7300
12.1900,896.8575
12.2000,842.9850
12.2100,830.0000
12.2200,890.2825
12.2300,930.7200
12.2400,898.3475
12.2500,890.0000
12.2600,824.3825
12.2700,818.1975
12.2800,825.4625
12.2900,886.7175
12.3000,869.9925
12.3100,836.0675
12.3200,870.8750
12.3300,814.6350
12.3400,821.7750
12.3500,842.9900
12.3600,849.3850
12.3700,877.1750
12.3800,905.0600
12.3900,912.7150
12.4000,943.1750
12.4100,974.4025
12.4200,909.5475
12.4300,901.4575
12.4400,933.1075
12.4500,926.4750
12.4600,936.8525
12.4700,964.3175
12.4800,994.3050
12.4900,1051.2800
12.5000,1130.7700
12.5100,1168.2350
12.5200,1167.9450
12.5300,1223.2150
12.5400,1215.1375
12.5500,1258.4150
12.5600,1342.5800
12.5700,1341.1950
12.5800,1419.9025
12.5900,1504.4025
12.6000,1431.4975
12.6100,1380.5150
12.6200,1402.8000
12.6300,1377.8725
12.6400,1402.1075
12.6500,1356.5175
12.6600,1295.2275
12.6700,1253.9525
12.6800,1238.6575
12.6900,1172.6375
12.7000,1074.0125
12.7100,1048.0050
12.7200,1067.9725
12.7300,1057.3650
12.7400,1048.0125
12.7500,1051.9825
12.7600,1109.1250
12.7700,1112.7125
12.7800,1141.8425
12.7900,1163.2600
12.8000,1156.0650
12.8100,1214.2575
12.8200,1282.9450
12.8300,1259.6275
12.8400,1244.7125
12.8500,1330.5350
12.8600,1366.5375
12.8700,1367.3600
12.8800,1329.7375
12.8900,1330.5450
12.9000,1262.2025
12.9100,1166.9800
12.9200,1122.9850
12.9300,1029.8875
12.9400,990.8975
12.9500,997.1725
12.9600,908.1300
12.9700,899.0725
12.9800,932.1725
12.9900,814.2375
13.0000,808.8025
13.0100,821.9000
13.0200,818.1025
13.0300,808.8250
13.0400,879.8025
13.0500,860.8450
13.0600,831.7400
13.0700,824.0600
13.0800,818.1225
13.0900,827.0825
13.1000,814.3875
13.1100,791.7950
13.1200,791.8650
13.1300,832.2925
13.1400,869.2900
13.1500,848.1325
13.1600,808.8900
13.1700,794.8175
13.1800,785.5650
13.1900,749.6950
13.2000,796.8875
13.2100,813.3325
13.2200,815.9150
13.2300,819.2475
13.2400,863.8475
13.2500,853.4675
13.2600,808.0275
13.2700,773.4975
13.2800,800.1100
13.2900,807.4300
13.3000,816.9450
13.3100,820.0000
13.3200,794.3400
13.3300,794.3600
13.3400,812.0425
13.3500,821.7900
13.3600,797.7400
13.3700,772.0950
13.3800,753.8875
13.3900,750.0000
13.4000,785.7375
13.4100,842.5850
13.4200,790.3825
13.4300,803.1200
13.4400,734.4075
13.4500,771.0650
13.4600,790.0000
13.4700,749.3450
13.4800,800.1500
13.4900,799.7000
13.5000,816.1575
13.5100,795.4575
13.5200,796.7975
13.5300,774.6900
13.5400,807.1350
13.5500,830.1100
13.5600,820.7050
13.5700,788.9025
13.5800,790.0900
13.5900,803.4175
13.6000,778.9575
13.6100,812.7950
13.6200,786.4175
13.6300,780.8750
13.6400,813.4800
13.6500,813.2900
13.6600,794.9475
13.6700,754.9000
13.6800,728.3000
13.6900,733.3475
13.7000,761.6875
13.7100,787.5025
13.7200,788.3350
13.7300,796.6550
13.7400,787.5250
13.7500,788.3200
13.7600,722.7225
13.7700,722.4100
13.7800,772.3000
13.7900,751.8550
13.8000,737.5150
13.8100,768.9475
13.8200,755.1850
13.8300,791.3000
13.8400,799.2325
13.8500,784.2850
13.8600,777.5250
13.8700,791.5025
13.8800,801.6075
13.8900,736.6625
13.9000,740.4750
13.9100,759.8625
13.9200,783.0450
13.9300,762.9150
13.9400,777.9400
13.9500,757.1600
13.9600,768.7800
13.9700,769.3000
13.9800,810.8325
13.9900,836.4750
14.0000,808.1475
14.0100,769.7350
14.0200,764.8925
14.0300,747.1075
14.0400,740.0000
14.0500,754.6475
14.0600,740.4825
14.0700,706.5175
14.0800,706.4100
14.0900,800.0700
14.1000,826.0350
14.1100,808.7475
14.1200,742.6075
14.1300,766.1175
14.1400,776.0575
14.1500,795.1475
14.1600,813.0200
14.1700,811.8275
14.1800,807.5825
14.1900,813.9175
14.2000,802.1775
14.2100,755.6450
14.2200,742.4125
14.2300,757.7900
14.2400,782.5950
14.2500,792.4050
14.2600,769.2925
14.2700,779.2200
14.2800,791.4675
14.2900,766.9475
14.3000,809.4025
14.3100,861.1375
14.3200,791.9550
14.3300,755.2175
14.3400,808.3000
14.3500,825.2250
14.3600,820.9475
14.3700,841.4600
14.3800,826.1725
14.3900,769.0500
14.4000,776.1700
14.4100,817.5725
14.4200,784.8650
14.4300,726.3150
14.4400,691.0250
14.4500,711.7750
14.4600,742.2800
14.4700,745.2675
14.4800,726.7800
14.4900,748.3550
14.5000,750.5550
14.5100,732.5125
14.5200,736.0950
14.5300,772.9775
14.5400,770.1900
14.5500,699.8300
14.5600,668.6325
14.5700,737.1150
14.5800,754.9350
14.5900,721.8650
14.6000,714.6850
14.6100,707.3025
14.6200,691.6375
14.6300,740.4250
14.6400,796.0300
14.6500,763.3275
14.6600,738.6700
14.6700,732.0075
14.6800,706.7175
14.6900,692.0150
14.7000,738.8150
14.7100,753.0325
14.7200,752.3200
14.7300,774.2050
14.7400,799.5525
14.7500,771.9375
14.7600,705.7700
14.7700,722.6300
14.7800,700.7350
14.7900,738.7225
14.8000,765.6400
14.8100,762.0575
14.8200,730.0700
14.8300,739.6725
14.8400,727.0125
14.8500,737.3375
14.8600,822.4000
14.8700,865.8400
14.8800,840.2150
14.8900,799.1950
14.9000,754.6425
14.9100,724.0000
14.9200,760.0575
14.9300,789.1275
14.9400,825.2525
14.9500,821.7750
14.9600,813.3325
14.9700,792.8625
14.9800,796.9675
14.9900,835.1225
15.0000,859.0750
15.0100,863.3325
15.0200,881.4525
15.0300,896.7900
15.0400,897.7375
15.0500,905.7050
15.0600,900.9700
15.0700,894.4100
15.0800,895.5875
15.0900,905.6750
15.1000,914.5000
15.1100,999.8475
15.1200,968.1225
15.1300,897.4250
15.1400,886.7275
15.1500,928.0900
15.1600,942.1900
15.1700,895.2650
15.1800,859.9250
15.1900,848.8675
15.2000,866.7450
15.2100,827.6250
15.2200,854.5600
15.2300,880.0000
15.2400,871.1050
15.2500,860.0025
15.2600,850.0075
15.2700,804.5300
15.2800,778.9025
15.2900,843.0850
15.3000,823.5775
15.3100,774.5650
15.3200,756.7100
15.3300,726.8575
15.3400,708.9250
15.3500,728.6900
15.3600,728.9975
15.3700,769.5050
15.3800,791.1375
15.3900,765.8575
15.4000,742.3700
15.4100,723.5200
15.4200,747.3125
15.4300,765.5200
15.4400,786.3325
15.4500,774.8350
15.4600,769.8775
15.4700,801.6650
15.4800,788.3600
15.4900,740.7000
15.5000,721.1600
15.5100,711.3125
15.5200,689.3100
15.5300,721.1875
15.5400,726.0075
15.5500,708.0100
15.5600,716.3050
15.5700,712.5325
15.5800,691.5600
15.5900,726.4550
15.6000,730.6125
15.6100,702.7825
15.6200,665.3800
15.6300,695.1150
15.6400,702.8300
15.6500,731.9325
15.6600,744.7625
15.6700,733.5775
15.6800,697.9225
15.6900,703.5025
15.7000,742.2825
15.7100,716.1450
15.7200,701.8550
15.7300,689.6375
15.7400,684.2525
15.7500,710.0400
15.7600,716.9650
15.7700,715.4550
15.7800,672.1700
15.7900,665.7200
15.8000,674.5525
15.8100,686.0125
15.8200,665.8900
15.8300,681.6375
15.8400,708.4275
15.8500,717.5425
15.8600,673.7300
15.8700,673.9825
15.8800,727.7850
15.8900,722.7350
15.9000,729.7150
15.9100,714.0275
15.9200,705.0325
15.9300,722.5350
15.9400,732.0875
15.9500,710.3950
15.9600,690.4175
15.9700,661.6900
15.9800,698.6525
15.9900,723.7675
16.0000,720.0000
16.0100,707.5600
16.0200,691.7150
16.0300,682.5275
16.0400,686.2025
16.0500,679.6725
16.0600,696.0300
16.0700,699.6925
16.0800,674.7975
16.0900,692.1375
16.1000,728.5000
16.1100,719.4650
16.1200,712.8200
16.1300,739.2100
16.1400,720.5750
16.1500,714.3175
16.1600,700.8550
16.1700,674.4175
16.1800,662.5875
16.1900,655.9250
16.2000,679.7925
16.2100,680.4000
16.2200,704.5325
16.2300,679.9925
16.2400,688.5175
16.2500,741.6875
16.2600,733.6975
16.2700,718.6875
16.2800,715.9625
16.2900,693.1625
16.3000,682.0150
16.3100,651.1225
16.3200,676.2550
16.3300,672.5125
16.3400,656.0200
16.3500,682.0550
16.3600,680.6425
16.3700,661.9950
16.3800,656.6675
16.3900,660.6600
16.4000,665.3275
16.4100,698.5525
16.4200,704.0725
16.4300,715.2100
16.4400,712.1200
16.4500,698.0150
16.4600,722.4400
16.4700,734.0575
16.4800,720.1075
16.4900,705.4275
16.5000,684.2050
16.5100,653.6100
16.5200,630.1475
16.5300,666.6375
16.5400,739.9250
16.5500,740.5375
16.5600,729.8100
16.5700,720.9850
16.5800,706.0850
16.5900,713.1125
16.6000,735.6325
16.6100,699.8225
16.6200,645.2175
16.6300,667.0075
16.6400,697.2250
16.6500,713.6050
16.6600,740.8075
16.6700,741.6950
16.6800,733.3325
16.6900,754.6225
16.7000,706.2000
16.7100,656.1375
16.7200,666.8375
16.7300,659.3225
16.7400,667.8425
16.7500,685.2575
16.7600,684.7450
16.7700,691.0075
16.7800,677.5000
16.7900,669.0775
16.8000,715.4100
16.8100,752.3975
16.8200,741.4000
16.8300,724.2800
16.8400,710.4775
16.8500,657.6800
16.8600,630.9350
16.8700,667.0350
16.8800,674.8325
16.8900,663.3325
16.9000,693.6025
16.9100,716.6675
16.9200,694.0150
16.9300,665.3525
16.9400,651.0175
16.9500,654.1925
16.9600,660.0000
16.9700,667.5075
16.9800,665.8325
16.9900,658.1275
17.0000,701.5675
17.0100,738.5350
17.0200,723.2000
17.0300,693.2200
17.0400,681.8625
17.0500,666.5900
17.0600,668.2000
17.0700,692.9925
17.0800,708.8950
17.0900,698.5175
17.1000,670.0175
17.1100,641.8850
17.1200,626.3100
17.1300,658.3600
17.1400,673.7775
17.1500,648.6200
17.1600,662.3875
17.1700,690.6725
17.1800,687.5025
17.1900,628.7375
17.2000,617.7550
17.2100,650.6400
17.2200,642.0725
17.2300,613.6000
17.2400,600.0000
17.2500,598.1825
17.2600,616.6425
17.2700,651.4725
17.2800,650.3625
17.2900,645.7150
17.3000,660.5625
17.3100,670.2775
17.3200,689.5625
17.3300,692.5275
17.3400,685.1325
17.3500,701.0400
17.3600,693.5925
17.3700,660.5350
17.3800,669.9425
17.3900,673.9050
17.4000,633.2100
17.4100,649.2475
17.4200,701.1525
17.4300,686.4125
17.4400,651.1125
17.4500,694.8200
17.4600,734.6800
17.4700,660.9275
17.4800,640.6850
17.4900,696.1025
17.5000,700.9800
17.5100,711.1500
17.5200,675.4300
17.5300,605.5675
17.5400,609.4950
17.5500,645.7850
17.5600,642.4825
17.5700,630.1650
17.5800,666.5350
17.5900,677.4700
17.6000,626.8800
17.6100,638.4500
17.6200,680.1450
17.6300,676.3875
17.6400,673.4700
17.6500,652.4150
17.6600,657.6825
17.6700,693.7000
17.6800,661.9150
17.6900,626.7800
17.7000,633.4425
17.7100,657.2975
17.7200,662.9300
17.7300,650.0000
17.7400,653.4250
17.7500,673.7725
17.7600,686.5825
17.7700,696.9825
17.7800,703.1825
17.7900,715.3875
17.8000,721.4350
17.8100,696.4200
17.8200,646.0350
17.8300,615.0800
17.8400,623.3825
17.8500,626.6675
17.8600,608.1125
17.8700,618.6350
17.8800,651.7125
17.8900,661.7075
17.9000,651.5650
17.9100,631.6400
17.9200,640.0550
17.9300,665.0325
17.9400,685.0125
17.9500,666.6625
17.9600,656.6475
17.9700,668.3450
17.9800,671.6350
17.9900,680.0000
18.0000,658.4725
18.0100,653.2050
18.0200,683.2125
18.0300,686.7700
18.0400,660.1950
18.0500,668.0075
18.0600,680.1900
18.0700,666.6675
18.0800,696.1575
18.0900,690.6700
18.1000,671.3075
18.1100,676.9450
18.1200,640.5200
18.1300,663.8600
18.1400,703.5825
18.1500,686.8425
18.1600,654.0675
18.1700,663.8925
18.1800,704.9500
18.1900,679.2275
18.2000,666.1175
18.2100,672.0650
18.2200,658.3925
18.2300,680.7450
18.2400,698.6525
18.2500,686.7975
18.2600,699.3200
18.2700,689.5300
18.2800,656.8125
18.2900,680.3950
18.3000,694.1025
18.3100,687.7775
18.3200,703.1700
18.3300,701.9175
18.3400,674.5350
18.3500,656.3150
18.3600,726.3850
18.3700,782.5000
18.3800,780.8125
18.3900,818.6400
18.4000,848.0350
18.4100,894.0275
18.4200,1010.3300
18.4300,1110.2875
18.4400,1164.5025
18.4500,1238.9050
18.4600,1348.6000
18.4700,1522.6425
18.4800,1663.0075
18.4900,1735.1075
18.5000,1763.2475
18.5100,1769.3125
18.5200,1863.4125
18.5300,1925.6425
18.5400,1916.6675
18.5500,1901.3300
18.5600,1874.1450
18.5700,1863.3325
18.5800,1860.2800
18.5900,1783.4775
18.6000,1658.6025
18.6100,1506.9150
18.6200,1302.5800
18.6300,1170.5900
18.6400,1067.3325
18.6500,960.7075
18.6600,883.1525
18.6700,822.5600
18.6800,746.6950
18.6900,693.0050
18.7000,710.1675
18.7100,728.1650
18.7200,725.5125
18.7300,706.5625
18.7400,654.2175
18.7500,618.9325
18.7600,638.9175
18.7700,664.8400
18.7800,675.9250
18.7900,663.7075
18.8000,661.4775
18.8100,627.9325
18.8200,593.6425
18.8300,622.8425
18.8400,627.1825
18.8500,600.8025
18.8600,612.3600
18.8700,655.6650
18.8800,659.5725
18.8900,634.7900
18.9000,654.1225
18.9100,683.9275
18.9200,662.8825
18.9300,649.3925
18.9400,668.8775
18.9500,648.5575
18.9600,652.4300
18.9700,654.2450
18.9800,656.7200
18.9900,648.4900
19.0000,605.6825
19.0100,595.2425
19.0200,613.8025
19.0300,646.1325
19.0400,688.0475
19.0500,655.0425
19.0600,574.4025
19.0700,567.4900
19.0800,607.8675
19.0900,628.2000
19.1000,618.0750
19.1100,614.3725
19.1200,608.0700
19.1300,622.6175
19.1400,651.1975
19.1500,654.0900
19.1600,647.8275
19.1700,638.2625
19.1800,582.4750
19.1900,557.4975
19.2000,595.2075
19.2100,633.0825
19.2200,631.6200
19.2300,636.4375
19.2400,617.0300
19.2500,617.0775
19.2600,628.4350
19.2700,590.6425
19.2800,546.4950
19.2900,559.8725
19.3000,585.1575
19.3100,576.0550
19.3200,609.8800
19.3300,661.4675
19.3400,648.9700
19.3500,601.1725
19.3600,596.8225
19.3700,616.6675
19.3800,608.6000
19.3900,635.5850
19.4000,665.2000
19.4100,624.6700
19.4200,609.3125
19.4300,588.6650
19.4400,599.3275
19.4500,587.3975
19.4600,600.4525
19.4700,646.0800
19.4800,610.1850
19.4900,599.7800
19.5000,632.6325
19.5100,607.7575
19.5200,573.8275
19.5300,617.4975
19.5400,652.1575
19.5500,628.2575
19.5600,599.5800
19.5700,600.2350
19.5800,620.1775
19.5900,594.4550
19.6000,584.2250
19.6100,600.2125
19.6200,619.6350
19.6300,651.2325
19.6400,634.3700
19.6500,623.6000
19.6600,600.7375
19.6700,611.8425
19.6800,571.6675
19.6900,548.1150
19.7000,581.9025
19.7100,605.4000
19.7200,594.4775
19.7300,612.8300
19.7400,667.9275
19.7500,656.1625
19.7600,632.0775
19.7700,621.2275
19.7800,604.1650
19.7900,623.7225
19.8000,635.9150
19.8100,582.5375
19.8200,592.3475
19.8300,649.8275
19.8400,680.8600
19.8500,660.6175
19.8600,613.6200
19.8700,599.6775
19.8800,639.4700
19.8900,657.3500
19.9000,692.0075
19.9100,759.2875
19.9200,812.4350
19.9300,813.0200
19.9400,820.0125
19.9500,856.6525
19.9600,893.2950
19.9700,945.6150
19.9800,982.2200
19.9900,947.0550
20.0000,965.9725
20.0100,1043.1625
20.0200,1086.9700
20.0300,1118.5650
20.0400,1119.5175
20.0500,1143.7900
20.0600,1114.0125
20.0700,1093.4250
20.0800,1183.6850
20.0900,1142.3350
20.1000,1094.7200
20.1100,1056.1100
20.1200,981.6475
20.1300,861.3075
20.1400,806.8475
20.1500,761.8550
20.1600,744.3450
20.1700,729.5725
20.1800,700.7500
20.1900,669.4850
20.2000,651.3950
20.2100,664.3675
20.2200,642.7975
20.2300,599.7000
20.2400,575.4325
20.2500,582.6225
20.2600,616.7450
20.2700,636.9525
20.2800,654.2725
20.2900,629.8850
20.3000,621.1775
20.3100,628.8750
20.3200,619.9300
20.3300,610.0275
20.3400,626.7300
20.3500,647.7825
20.3600,631.0725
20.3700,598.8875
20.3800,611.1075
20.3900,595.6350
20.4000,578.7650
20.4100,623.2750
20.4200,643.2600
20.4300,651.1825
20.4400,646.5650
20.4500,667.6425
20.4600,682.2450
20.4700,688.6975
20.4800,722.9350
20.4900,772.9000
20.5000,800.1875
20.5100,796.3625
20.5200,832.7925
20.5300,880.6100
20.5400,921.7725
20.5500,943.4625
20.5600,951.5825
20.5700,1039.6725
20.5800,1160.0000
20.5900,1160.0000
20.6000,1193.7850
20.6100,1257.1875
20.6200,1227.2075
20.6300,1229.7350
20.6400,1271.6300
20.6500,1240.8100
20.6600,1184.1775
20.6700,1109.6125
20.6800,1076.3025
20.6900,1045.0600
20.7000,992.6225
20.7100,907.4050
20.7200,898.9875
20.7300,906.1800
20.7400,867.1525
20.7500,887.4125
20.7600,906.8375
20.7700,947.2500
20.7800,990.7150
20.7900,1013.1275
20.8000,1057.4375
20.8100,1090.0000
20.8200,1135.1150
20.8300,1245.0000
20.8400,1247.6875
20.8500,1294.3475
20.8600,1469.2200
20.8700,1497.7525
20.8800,1494.4500
20.8900,1560.3200
20.9000,1577.3400
20.9100,1484.3150
20.9200,1461.2325
20.9300,1408.7825
20.9400,1418.3200
20.9500,1371.5525
20.9600,1295.6725
20.9700,1197.7800
20.9800,1103.8225
20.9900,957.6425
21.0000,835.7075
21.0100,807.5125
21.0200,744.2875
21.0300,740.9575
21.0400,720.0225
21.0500,675.8825
21.0600,593.4475
21.0700,585.4275
21.0800,647.1825
21.0900,646.5575
21.1000,640.9075
21.1100,581.4700
21.1200,592.4675
21.1300,641.6775
21.1400,648.5400
21.1500,621.9875
21.1600,657.0125
21.1700,652.9075
21.1800,631.3050
21.1900,669.0875
21.2000,651.1975
21.2100,611.8150
21.2200,635.6725
21.2300,692.0825
21.2400,689.5650
21.2500,652.3100
21.2600,695.4650
21.2700,742.2025
21.2800,767.3925
21.2900,875.3275
21.3000,886.4575
21.3100,896.9750
21.3200,966.5400
21.3300,1031.4300
21.3400,1122.2575
21.3500,1147.9350
21.3600,1165.9950
21.3700,1323.9975
21.3800,1423.9400
21.3900,1418.7525
21.4000,1482.6000
21.4100,1572.6750
21.4200,1665.3150
21.4300,1884.1875
21.4400,1913.0450
21.4500,2014.6050
21.4600,2117.9675
21.4700,2225.1825
21.4800,2331.3975
21.4900,2540.1675
21.5000,2635.8850
21.5100,2742.5225
21.5200,2946.5975
21.5300,3058.9850
21.5400,3226.0700
21.5500,3435.8425
21.5600,3420.1925
21.5700,3394.7375
21.5800,3398.3675
21.5900,3240.7000
21.6000,3172.7200
21.6100,3211.7850
21.6200,3074.6250
21.6300,2906.7050
21.6400,2695.8825
21.6500,2437.4025
21.6600,2201.8550
21.6700,1952.3500
21.6800,1697.5900
21.6900,1503.7025
21.7000,1341.0450
21.7100,1157.2650
21.7200,1021.2400
21.7300,930.3925
21.7400,851.1975
21.7500,880.5800
21.7600,769.4425
21.7700,723.3325
21.7800,717.2000
21.7900,698.1950
21.8000,707.9050
21.8100,724.8525
21.8200,736.8100
21.8300,766.0350
21.8400,802.4550
21.8500,876.8975
21.8600,960.8550
21.8700,1024.8875
21.8800,1115.2425
21.8900,1285.4875
21.9000,1435.7900
21.9100,1562.6500
21.9200,1683.4125
21.9300,1687.7150
21.9400,1790.3000
21.9500,1829.4100
21.9600,1960.8700
21.9700,2101.7025
21.9800,2109.9650
21.9900,2097.6225
22.0000,2200.1925
22.0100,2232.9750
22.0200,2155.8625
22.0300,2118.8300
22.0400,2136.6600
22.0500,1947.5025
22.0600,1767.2475
22.0700,1610.0050
22.0800,1447.3575
22.0900,1272.0850
22.1000,1106.0625
22.1100,1003.4000
22.1200,896.9700
22.1300,812.2750
22.1400,718.4950
22.1500,678.7275
22.1600,684.5475
22.1700,624.6725
22.1800,642.6700
22.1900,699.3125
22.2000,731.2750
22.2100,768.6075
22.2200,797.8800
22.2300,837.8500
22.2400,892.1575
22.2500,992.4225
22.2600,1040.9925
22.2700,1115.0100
22.2800,1242.9575
22.2900,1304.4250
22.3000,1412.4325
22.3100,1518.0625
22.3200,1637.8600
22.3300,1722.6475
22.3400,1837.5425
22.3500,1920.8225
22.3600,1951.4700
22.3700,1953.8550
22.3800,2032.6725
22.3900,2166.2300
22.4000,2103.4925
22.4100,2024.5200
22.4200,1990.9050
22.4300,1934.3000
22.4400,1835.0700
22.4500,1673.1325
22.4600,1495.5525
22.4700,1349.4900
22.4800,1187.4200
22.4900,1151.7575
22.5000,1075.8175
22.5100,880.1550
22.5200,779.1125
22.5300,733.4975
22.5400,680.9050
22.5500,645.3050
22.5600,602.6700
22.5700,577.0800
22.5800,543.8375
22.5900,533.9450
22.6000,556.1375
22.6100,563.3000
22.6200,525.5525
22.6300,511.6325
22.6400,556.0875
22.6500,567.8075
22.6600,548.4825
22.6700,511.0125
22.6800,528.4675
22.6900,499.5675
22.7000,477.3225
22.7100,458.0025
22.7200,427.8775
22.7300,427.2250
22.7400,477.5550
22.7500,451.8950
22.7600,479.4800
22.7700,474.0775
22.7800,466.6975
22.7900,498.2075
22.8000,469.4900
22.8100,467.1750
22.8200,471.5150
22.8300,475.9800
22.8400,448.8350
22.8500,430.7950
22.8600,477.7875
22.8700,507.2725
22.8800,522.6525
22.8900,475.6150
22.9000,453.8775
22.9100,487.7550
22.9200,556.6900
22.9300,563.3100
22.9400,484.2825
22.9500,488.1125
22.9600,483.2375
22.9700,521.9325
22.9800,512.4050
22.9900,509.8975
23.0000,519.8975
23.0100,454.8400
23.0200,443.3325
23.0300,448.3000
23.0400,479.5500
23.0500,472.2025
23.0600,444.2200
23.0700,448.2350
23.0800,428.3300
23.0900,383.3650
23.1000,455.6375
23.1100,489.0225
23.1200,460.8575
23.1300,461.5550
23.1400,427.5125
23.1500,441.3300
23.1600,494.1575
23.1700,472.5100
23.1800,445.8125
23.1900,462.9225
23.2000,461.2250
23.2100,466.3500
23.2200,444.8350
23.2300,478.3975
23.2400,468.6550
23.2500,482.5425
23.2600,479.0225
23.2700,497.8375
23.2800,502.4050
23.2900,466.5350
23.3000,441.5300
23.3100,455.9925
23.3200,476.6675
23.3300,479.6650
23.3400,508.5425
23.3500,548.1525
23.3600,527.8300
23.3700,482.6050
23.3800,480.6475
23.3900,513.3325
23.4000,519.3975
23.4100,565.0425
23.4200,527.9025
23.4300,570.8550
23.4400,613.5950
23.4500,672.3025
23.4600,670.5000
23.4700,736.7200
23.4800,771.7075
23.4900,827.6725
23.5000,953.4725
23.5100,1215.7125
23.5200,1402.3800
23.5300,1536.3825
23.5400,1733.4675
23.5500,1887.0350
23.5600,2161.0000
23.5700,2353.7800
23.5800,2599.4700
23.5900,2786.5175
23.6000,3108.9900
23.6100,3396.6675
23.6200,3412.8650
23.6300,3568.3400
23.6400,3484.8075
23.6500,3512.2750
23.6600,3659.6975
23.6700,3868.1025
23.6800,3865.6950
23.6900,3652.7050
23.7000,3368.7525
23.7100,3070.1125
23.7200,2706.8275
23.7300,2324.4450
23.7400,2168.3750
23.7500,1931.4950
23.7600,1592.2525
23.7700,1447.1375
23.7800,1242.9600
23.7900,1071.2950
23.8000,959.8225
23.8100,869.3925
23.8200,781.7375
23.8300,805.0525
23.8400,822.2900
23.8500,764.2625
23.8600,732.8575
23.8700,724.7850
23.8800,696.9750
23.8900,658.2775
23.9000,680.9100
23.9100,696.2575
23.9200,735.5550
23.9300,716.7025
23.9400,671.9550
23.9500,700.2150
23.9600,700.3650
23.9700,658.5500
23.9800,683.1500
23.9900,625.9150
24.0000,563.7375
24.0100,569.4025
24.0200,559.6075
24.0300,552.5575
24.0400,539.4275
24.0500,528.1150
24.0600,495.9225
24.0700,482.0500
24.0800,458.3725
24.0900,434.1000
24.1000,506.4900
24.1100,503.3325
24.1200,501.8000
24.1300,473.3325
24.1400,474.4900
24.1500,497.9675
24.1600,519.6525
24.1700,445.0925
24.1800,415.6550
24.1900,463.3325
24.2000,461.8375
24.2100,432.3525
24.2200,481.0225
24.2300,431.9850
24.2400,475.4150
24.2500,445.3000
24.2600,411.4575
24.2700,371.1325
24.2800,480.1275
24.2900,482.1975
24.3000,451.9750
24.3100,417.2700
24.3200,433.8075
24.3300,447.2450
24.3400,462.5425
24.3500,438.5650
24.3600,396.5600
24.3700,393.9650
24.3800,413.4350
24.3900,417.9675
24.4000,460.1950
24.4100,465.4350
24.4200,422.9650
24.4300,410.7175
24.4400,436.4925
24.4500,429.4100
24.4600,406.5025
24.4700,399.9200
24.4800,396.5125
24.4900,388.8925
24.5000,340.7850
24.5100,377.5600
24.5200,420.0000
24.5300,419.0475
24.5400,370.4250
24.5500,393.9725
24.5600,429.8325
24.5700,419.5225
24.5800,389.9500
24.5900,387.0000
24.6000,410.2250
24.6100,426.4975
24.6200,412.8150
24.6300,370.2600
24.6400,393.0900
24.6500,369.9675
24.6600,366.8725
24.6700,390.5625
24.6800,459.8800
24.6900,443.0100
24.7000,393.6550
24.7100,450.0000
24.7200,449.8625
24.7300,416.8100
24.7400,460.0075
24.7500,463.2475
24.7600,413.3025
24.7700,380.0000
24.7800,373.3375
24.7900,399.9625
24.8000,423.2825
24.8100,463.2125
24.8200,440.0875
24.8300,433.3650
24.8400,443.2800
24.8500,433.3950
24.8600,459.8150
24.8700,479.8450
24.8800,453.5600
24.8900,364.1700
24.9000,422.7275
24.9100,459.6000
24.9200,407.2900
24.9300,393.5000
24.9400,413.0675
24.9500,419.9075
24.9600,374.0250
24.9700,393.0200
24.9800,399.8900
24.9900,380.3450
25.0000,412.7350
25.0100,439.5000
25.0200,443.2675
25.0300,449.8650
25.0400,476.1025
25.0500,450.5850
25.0600,436.9700
25.0700,436.6675
25.0800,469.1900
25.0900,408.2550
25.1000,403.4200
25.1100,510.4000
25.1200,529.5425
25.1300,497.6075
25.1400,448.1200
25.1500,469.3050
25.1600,479.6925
25.1700,467.0850
25.1800,498.9275
25.1900,451.6500
25.2000,437.1175
25.2100,436.6675
25.2200,494.5450
25.2300,519.1550
25.2400,574.5725
25.2500,573.4600
25.2600,582.9475
25.2700,624.9625
25.2800,700.2575
25.2900,732.1050
25.3000,803.6075
25.3100,822.6250
25.3200,909.4375
25.3300,1114.0750
25.3400,1085.1275
25.3500,1197.8525
25.3600,1282.7950
25.3700,1299.3700
25.3800,1312.6925
25.3900,1345.0375
25.4000,1476.5500
25.4100,1451.6800
25.4200,1478.4625
25.4300,1524.2400
25.4400,1441.4200
25.4500,1376.7275
25.4600,1379.6375
25.4700,1279.2200
25.4800,1216.6925
25.4900,1052.9850
25.5000,930.2425
25.5100,920.1950
25.5200,844.7325
25.5300,742.8625
25.5400,658.3950
25.5500,575.1275
25.5600,501.2375
25.5700,493.5450
25.5800,521.4150
25.5900,457.8625
25.6000,453.3325
25.6100,440.8850
25.6200,440.0000
25.6300,408.9300
25.6400,384.9350
25.6500,420.5550
25.6600,435.7300
25.6700,424.2800
25.6800,420.2400
25.6900,404.5450
25.7000,434.2175
25.7100,415.0650
25.7200,394.8350
25.7300,399.4950
25.7400,375.3775
25.7500,373.3325
25.7600,425.5675
25.7700,399.3000
25.7800,387.4650
25.7900,405.0550
25.8000,394.4200
25.8100,411.6900
25.8200,394.9925
25.8300,402.4950
25.8400,406.3850
25.8500,403.6175
25.8600,415.5175
25.8700,383.1900
25.8800,407.3650
25.8900,346.2025
25.9000,361.2475
25.9100,375.4650
25.9200,388.7875
25.9300,371.8350
25.9400,379.0750
25.9500,349.7800
25.9600,376.8600
25.9700,383.0175
25.9800,395.3900
25.9900,456.8950
26.0000,430.2375
26.0100,375.5625
26.0200,388.0200
26.0300,408.0050
26.0400,418.9950
26.0500,396.0350
26.0600,384.3550
26.0700,380.3425
26.0800,400.9125
26.0900,418.2575
26.1000,381.2325
26.1100,397.5225
26.1200,435.7225
26.1300,401.3350
26.1400,393.6950
26.1500,414.1150
26.1600,387.0050
26.1700,368.5150
26.1800,378.5100
26.1900,377.0425
26.2000,361.8875
26.2100,395.4350
26.2200,402.9500
26.2300,373.8575
26.2400,343.4950
26.2500,345.8850
26.2600,431.9150
26.2700,431.5850
26.2800,391.8550
26.2900,427.7100
26.3000,450.9075
26.3100,447.4800
26.3200,414.5075
26.3300,442.1300
26.3400,481.6875
26.3500,509.9925
26.3600,475.4650
26.3700,478.7300
26.3800,462.5550
26.3900,457.0950
26.4000,503.1025
26.4100,533.1975
26.4200,467.1400
26.4300,471.1375
26.4400,473.3325
26.4500,508.0000
26.4600,513.3325
26.4700,464.3125
26.4800,482.5950
26.4900,472.2750
26.5000,446.9950
26.5100,449.0800
26.5200,447.1300
26.5300,458.1375
26.5400,457.1350
26.5500,428.0425
26.5600,437.6325
26.5700,408.5725
26.5800,400.4800
26.5900,411.4075
26.6000,396.2400
26.6100,418.9500
26.6200,437.5525
26.6300,491.1375
26.6400,471.6175
26.6500,432.6400
26.6600,452.1625
26.6700,419.8725
26.6800,404.8500
26.6900,420.2825
26.7000,412.0450
26.7100,424.0975
26.7200,432.3000
26.7300,447.4050
26.7400,427.5075
26.7500,403.6700
26.7600,419.6425
26.7700,417.7250
26.7800,413.8650
26.7900,421.7275
26.8000,406.5600
26.8100,420.0900
26.8200,434.4950
26.8300,428.3050
26.8400,421.0975
26.8500,425.5650
26.8600,409.9900
26.8700,431.6575
26.8800,414.4725
26.8900,396.1425
26.9000,390.5650
26.9100,365.1050
26.9200,382.1075
26.9300,370.1025
26.9400,361.1500
26.9500,357.2450
26.9600,362.1725
26.9700,385.3350
26.9800,392.7475
26.9900,404.3125
27.0000,412.1500
27.0100,435.2475
27.0200,407.1600
27.0300,380.8625
27.0400,360.2775
27.0500,367.5825
27.0600,399.9850
27.0700,406.6675
27.0800,422.9900
27.0900,396.7700
27.1000,390.0000
27.1100,408.9875
27.1200,380.8150
27.1300,416.6500
27.1400,448.3025
27.1500,391.1900
27.1600,392.8625
27.1700,455.9900
27.1800,440.3675
27.1900,471.0100
27.2000,415.4750
27.2100,397.3150
27.2200,420.8150
27.2300,458.8325
27.2400,455.9550
27.2500,415.8825
27.2600,438.7350
27.2700,510.7400
27.2800,454.6550
27.2900,415.3525
27.3000,481.8675
27.3100,497.3400
27.3200,504.6350
27.3300,562.3950
27.3400,597.8750
27.3500,629.8175
27.3600,678.9975
27.3700,761.3600
27.3800,830.1650
27.3900,972.5775
27.4000,1038.2850
27.4100,1070.3575
27.4200,1108.2225
27.4300,1221.7425
27.4400,1347.0950
27.4500,1375.9550
27.4600,1491.8975
27.4700,1533.7975
27.4800,1609.8450
27.4900,1710.9350
27.5000,1655.0900
27.5100,1682.8375
27.5200,1753.9275
27.5300,1697.1975
27.5400,1588.3550
27.5500,1464.7325
27.5600,1413.3375
27.5700,1398.8975
27.5800,1241.4650
27.5900,1116.5625
27.6000,1013.3125
27.6100,894.5900
27.6200,848.6350
27.6300,797.0150
27.6400,706.2150
27.6500,621.7025
27.6600,575.1150
27.6700,510.2900
27.6800,526.6125
27.6900,549.4525
27.7000,558.4425
27.7100,534.4825
27.7200,501.1750
27.7300,472.9625
27.7400,464.1225
27.7500,468.4150
27.7600,492.8450
27.7700,494.9275
27.7800,457.8700
27.7900,477.0300
27.8000,466.4450
27.8100,437.2750
27.8200,450.1775
27.8300,436.5100
27.8400,409.8650
27.8500,405.8475
27.8600,436.8050
27.8700,398.9975
27.8800,443.4825
27.8900,453.3200
27.9000,465.0050
27.9100,447.5175
27.9200,442.4950
27.9300,445.8250
27.9400,404.3350
27.9500,429.8000
27.9600,465.6950
27.9700,463.4050
27.9800,442.6450
27.9900,426.7600
28.0000,430.7550
28.0100,450.6325
28.0200,456.6675
28.0300,456.6675
28.0400,461.5925
28.0500,487.9400
28.0600,513.8725
28.0700,488.0825
28.0800,464.4050
28.0900,506.5475
28.1000,503.7550
28.1100,472.2225
28.1200,424.2650
28.1300,424.6350
28.1400,464.1100
28.1500,471.8000
28.1600,472.4300
28.1700,468.4775
28.1800,476.3700
28.1900,489.6925
28.2000,481.2325
28.2100,459.7425
28.2200,472.6525
28.2300,484.8250
28.2400,489.0775
28.2500,523.6975
28.2600,534.2625
28.2700,521.3250
28.2800,495.0775
28.2900,551.3650
28.3000,579.0600
28.3100,513.0575
28.3200,498.6075
28.3300,524.8025
28.3400,600.0500
28.3500,645.7075
28.3600,639.0700
28.3700,621.4600
28.3800,614.2950
28.3900,641.7650
28.4000,674.6325
28.4100,716.4300
28.4200,753.6125
28.4300,857.6775
28.4400,960.2775
28.4500,1078.4425
28.4600,1184.8325
28.4700,1189.8550
28.4800,1365.2700
28.4900,1506.5800
28.5000,1645.6450
28.5100,1835.8975
28.5200,2008.7200
28.5300,2077.6525
28.5400,2305.6000
28.5500,2444.2025
28.5600,2581.8425
28.5700,2777.2375
28.5800,2944.3250
28.5900,3140.5175
28.6000,3333.8800
28.6100,3417.7225
28.6200,3501.5350
28.6300,3507.9800
28.6400,3517.3875
28.6500,3517.4675
28.6600,3387.0050
28.6700,3332.2950
28.6800,3266.8800
28.6900,3238.9550
28.7000,3317.7275
28.7100,3385.3025
28.7200,3434.2125
28.7300,3415.8275
28.7400,3215.6925
28.7500,3005.0000
28.7600,2892.1850
28.7700,2791.8450
28.7800,2643.4325
28.7900,2526.6650
28.8000,2467.2950
28.8100,2478.1550
28.8200,2408.8575
28.8300,2320.4725
28.8400,2406.8475
28.8500,2444.2800
28.8600,2555.5575
28.8700,2698.4725
28.8800,2722.0975
28.8900,2778.1525
28.9000,2859.1150
28.9100,3039.4175
28.9200,3167.8900
28.9300,3262.2900
28.9400,3398.8675
28.9500,3572.0475
28.9600,3671.0125
28.9700,3758.6250
28.9800,3848.6075
28.9900,3799.3750
29.0000,3665.1575
29.0100,3662.9300
29.0200,3627.2600
29.0300,3486.7875
29.0400,3451.9500
29.0500,3412.9125
29.0600,3281.5675
29.0700,3187.3025
29.0800,3011.5900
29.0900,2646.4050
29.1000,2348.5075
29.1100,2187.3075
29.1200,2102.0375
29.1300,1977.9725
29.1400,1973.2000
29.1500,2095.2775
29.1600,2157.4800
29.1700,2228.1350
29.1800,2405.7200
29.1900,2660.0175
29.2000,2952.4975
29.2100,3311.4700
29.2200,3752.6750
29.2300,4312.3450
29.2400,4977.5275
29.2500,5596.6425
29.2600,6318.0875
29.2700,7184.7725
29.2800,7855.1500
29.2900,8420.2500
29.3000,9135.7950
29.3100,9934.8575
29.3200,10555.2400
29.3300,11048.2025
29.3400,11690.6300
29.3500,12190.1850
29.3600,12340.2050
29.3700,12274.1675
29.3800,11954.4100
29.3900,11314.2900
29.4000,10506.6375
29.4100,9670.6450
29.4200,8790.6950
29.4300,7884.7575
29.4400,7076.9400
29.4500,6369.2425
29.4600,5707.2825
29.4700,5059.8850
29.4800,4299.5050
29.4900,3592.5550
29.5000,2920.3700
29.5100,2451.8450
29.5200,2060.1225
29.5300,1723.3275
29.5400,1536.2925
29.5500,1352.8825
29.5600,1161.0575
29.5700,1076.9100
29.5800,1027.7125
29.5900,939.8600
29.6000,838.6550
29.6100,820.4225
29.6200,855.7675
29.6300,841.4850
29.6400,813.1625
29.6500,778.2275
29.6600,747.8275
29.6700,756.2075
29.6800,772.7375
29.6900,758.4800
29.7000,710.3425
29.7100,708.8350
29.7200,679.0550
29.7300,652.0100
29.7400,663.3700
29.7500,690.0475
29.7600,713.3425
29.7700,686.0125
29.7800,685.2975
29.7900,678.0675
29.8000,637.4475
29.8100,637.8975
29.8200,655.9575
29.8300,626.2850
29.8400,621.1575
29.8500,637.2900
29.8600,624.1975
29.8700,623.1950
29.8800,645.7600
29.8900,636.9950
29.9000,576.1850
29.9100,572.7600
29.9200,605.0875
29.9300,613.3325
29.9400,615.2875
29.9500,626.4225
29.9600,631.3850
29.9700,630.0000
29.9800,657.2050
29.9900,734.8800
30.0000,827.0500
30.0100,818.8250
30.0200,805.9900
30.0300,864.3850
30.0400,892.8125
30.0500,951.5825
30.0600,1052.3975
30.0700,1158.5825
30.0800,1252.6600
30.0900,1301.9775
30.1000,1393.5975
30.1100,1518.2200
30.1200,1673.3875
30.1300,1848.4875
30.1400,1996.0150
30.1500,2153.9125
30.1600,2385.3950
30.1700,2594.1675
30.1800,2704.9075
30.1900,2870.6475
30.2000,2988.4075
30.2100,3084.6775
30.2200,3247.7100
30.2300,3317.7050
30.2400,3388.2800
30.2500,3517.7650
30.2600,3577.0700
30.2700,3621.0450
30.2800,3630.9775
30.2900,3525.8975
30.3000,3434.3750
30.3100,3318.3500
30.3200,3091.8125
30.3300,2884.5475
30.3400,2733.9125
30.3500,2610.9800
30.3600,2555.9675
30.3700,2577.5850
30.3800,2497.1650
30.3900,2420.6675
30.4000,2476.1050
30.4100,2498.3825
30.4200,2519.8475
30.4300,2602.8675
30.4400,2783.1925
30.4500,2936.6550
30.4600,3146.0575
30.4700,3409.3250
30.4800,3629.7250
30.4900,3820.0700
30.5000,4068.3575
30.5100,4438.2750
30.5200,4802.9725
30.5300,5208.4175
30.5400,5518.1450
30.5500,5618.1600
30.5600,5699.2600
30.5700,5637.2625
30.5800,5381.5400
30.5900,5054.3850
30.6000,4659.1175
30.6100,4270.0675
30.6200,3911.9150
30.6300,3690.2400
30.6400,3445.4200
30.6500,3150.0200
30.6600,2918.2475
30.6700,2618.4425
30.6800,2286.6525
30.6900,2003.2050
30.7000,1792.4450
30.7100,1629.4075
30.7200,1520.1625
30.7300,1439.4500
30.7400,1325.4550
30.7500,1266.8100
30.7600,1259.5900
30.7700,1196.2925
30.7800,1136.2875
30.7900,1112.8500
30.8000,1079.3050
30.8100,1030.7275
30.8200,993.0175
30.8300,985.0500
30.8400,971.2425
30.8500,939.5550
30.8600,931.8750
30.8700,931.4700
30.8800,916.5200
30.8900,928.7075
30.9000,927.9900
30.9100,923.5625
30.9200,965.4425
30.9300,1011.9225
30.9400,1048.5600
30.9500,1059.9275
30.9600,1044.9225
30.9700,1023.2325
30.9800,1001.6175
30.9900,991.6600
31.0000,943.2000
31.0100,856.6175
31.0200,843.3250
31.0300,831.7400
31.0400,758.4575
31.0500,736.5975
31.0600,754.9675
31.0700,721.9850
31.0800,666.8325
31.0900,641.7625
31.1000,597.1450
31.1100,564.9275
31.1200,535.5700
31.1300,493.4525
31.1400,481.7650
31.1500,497.8775
31.1600,498.8225
31.1700,473.4150
31.1800,487.8600
31.1900,492.0775
31.2000,468.5750
31.2100,460.0000
31.2200,468.0650
31.2300,484.7200
31.2400,511.0200
31.2500,501.1075
31.2600,461.9875
31.2700,454.9325
31.2800,464.6525
31.2900,476.5225
31.3000,475.2250
31.3100,444.5725
31.3200,442.0525
31.3300,490.5925
31.3400,516.4950
31.3500,478.9550
31.3600,412.8450
31.3700,396.2925
31.3800,417.4700
31.3900,453.7175
31.4000,476.6675
31.4100,479.7925
31.4200,461.4900
31.4300,455.3575
31.4400,472.0025
31.4500,465.1150
31.4600,491.2250
31.4700,504.7700
31.4800,453.9925
31.4900,427.7075
31.5000,439.7450
31.5100,435.6525
31.5200,432.8025
31.5300,447.6550
31.5400,456.6675
31.5500,441.4075
31.5600,438.5650
31.5700,467.3100
31.5800,478.4825
31.5900,463.0300
31.6000,428.5150
31.6100,420.2575
31.6200,456.2625
31.6300,476.9900
31.6400,476.3375
31.6500,477.0000
31.6600,465.8500
31.6700,450.6900
31.6800,414.9950
31.6900,388.9325
31.7000,413.3775
31.7100,450.7700
31.7200,454.4525
31.7300,423.7100
31.7400,402.2925
31.7500,397.6775
31.7600,436.1750
31.7700,452.2625
31.7800,458.3875
31.7900,464.5575
31.8000,456.2525
31.8100,432.3125
31.8200,399.5750
31.8300,423.6625
31.8400,439.8550
31.8500,422.3275
31.8600,406.5575
31.8700,427.9300
31.8800,466.1400
31.8900,437.9950
31.9000,419.0675
31.9100,419.5125
31.9200,418.5700
31.9300,404.3375
31.9400,377.1150
31.9500,395.1900
31.9600,408.0850
31.9700,428.3975
31.9800,451.9200
31.9900,437.3100
32.0000,431.2575
32.0100,441.0475
32.0200,434.7350
32.0300,436.6675
32.0400,421.3025
32.0500,412.5475
32.0600,420.2600
32.0700,391.3875
32.0800,368.6125
32.0900,354.2125
32.1000,353.2400
32.1100,375.2875
32.1200,377.4600
32.1300,391.5725
32.1400,397.8500
32.1500,387.2650
32.1600,369.6800
32.1700,370.4400
32.1800,416.3225
32.1900,425.0675
32.2000,395.2050
32.2100,383.3325
32.2200,402.2275
32.2300,425.9600
32.2400,405.2125
32.2500,394.0675
32.2600,401.9650
32.2700,395.3450
32.2800,414.0050
32.2900,410.0300
32.3000,368.0425
32.3100,340.7175
32.3200,354.4600
32.3300,391.3825
32.3400,395.1975
32.3500,405.4400
32.3600,401.2125
32.3700,409.4025
32.3800,409.8725
32.3900,416.0850
32.4000,406.0925
32.4100,397.4000
32.4200,399.8200
32.4300,424.2425
32.4400,442.7900
32.4500,421.1925
32.4600,417.2575
32.4700,442.2950
32.4800,451.7875
32.4900,466.2025
32.5000,435.8875
32.5100,455.2875
32.5200,463.4750
32.5300,448.0850
32.5400,461.6025
32.5500,467.2300
32.5600,529.0850
32.5700,569.4275
32.5800,528.7450
32.5900,532.9325
32.6000,537.0825
32.6100,537.8975
32.6200,546.7050
32.6300,513.8475
32.6400,495.3475
32.6500,522.3750
32.6600,534.6900
32.6700,538.4825
32.6800,551.5575
32.6900,496.6875
32.7000,448.0950
32.7100,449.2175
32.7200,455.9400
32.7300,421.2175
32.7400,426.9750
32.7500,429.7000
32.7600,436.6300
32.7700,435.8775
32.7800,405.3700
32.7900,423.0625
32.8000,429.8500
32.8100,442.5725
32.8200,423.3325
32.8300,422.1425
32.8400,402.1800
32.8500,374.7425
32.8600,392.7950
32.8700,401.7375
32.8800,399.6200
32.8900,411.5825
32.9000,399.3800
32.9100,436.5550
32.9200,454.6575
32.9300,420.0000
32.9400,431.6200
32.9500,441.7375
32.9600,417.6850
32.9700,432.9550
32.9800,478.0625
32.9900,440.4750
33.0000,330.8275
33.0100,344.2200
33.0200,397.6275
33.0300,391.2225
33.0400,396.5925
33.0500,391.1325
33.0600,371.8450
33.0700,344.6700
33.0800,403.7300
33.0900,468.9500
33.1000,466.5525
33.1100,428.8200
33.1200,408.8975
33.1300,412.2200
33.1400,410.0000
33.1500,390.0600
33.1600,380.9450
33.1700,455.4625
33.1800,465.7000
33.1900,456.4200
33.2000,478.0550
33.2100,438.9075
33.2200,425.7700
33.2300,433.7725
33.2400,496.6675
33.2500,485.8475
33.2600,463.3325
33.2700,468.7175
33.2800,466.0350
33.2900,437.7375
33.3000,437.8625
33.3100,433.3325
33.3200,442.9075
33.3300,466.5175
33.3400,470.1575
33.3500,468.6150
33.3600,485.2675
33.3700,472.4925
33.3800,429.4350
33.3900,453.1375
33.4000,448.5225
33.4100,445.1875
33.4200,481.9125
33.4300,474.2725
33.4400,504.0350
33.4500,471.9975
33.4600,461.0575
33.4700,495.3850
33.4800,495.9100
33.4900,497.8875
33.5000,527.4050
33.5100,551.8925
33.5200,571.4800
33.5300,533.6375
33.5400,526.6675
33.5500,534.7050
33.5600,565.3600
33.5700,600.3300
33.5800,612.6775
33.5900,613.2775
33.6000,647.5775
33.6100,704.9950
33.6200,756.3150
33.6300,702.9525
33.6400,717.8525
33.6500,751.3550
33.6600,777.8775
33.6700,760.5625
33.6800,773.8850
33.6900,800.7750
33.7000,844.3000
33.7100,858.2325
33.7200,899.1625
33.7300,955.8850
33.7400,1051.5525
33.7500,1178.6325
33.7600,1319.0200
33.7700,1418.8325
33.7800,1617.1600
33.7900,1834.7775
33.8000,2039.4575
33.8100,2277.2100
33.8200,2408.4225
33.8300,2580.6650
33.8400,2693.9075
33.8500,2992.6350
33.8600,3374.0175
33.8700,3785.2700
33.8800,4085.6975
33.8900,4352.0275
33.9000,4641.6525
33.9100,4886.3525
33.9200,5109.1275
33.9300,5178.4975
33.9400,5086.9725
33.9500,4742.9525
33.9600,4144.4950
33.9700,3573.9700
33.9800,3248.0025
33.9900,3040.5500
34.0000,2941.3125
34.0100,2789.7350
34.0200,2514.2175
34.0300,2454.9125
34.0400,2189.2075
34.0500,1844.2150
34.0600,1581.8475
34.0700,1415.7200
34.0800,1168.8425
34.0900,1076.1275
34.1000,1038.3950
34.1100,1019.2000
34.1200,945.7025
34.1300,929.9050
34.1400,925.1250
34.1500,924.6675
34.1600,883.3975
34.1700,911.1150
34.1800,944.7625
34.1900,872.3250
34.2000,817.4825
34.2100,812.5100
34.2200,828.3400
34.2300,833.3775
34.2400,761.7275
34.2500,717.5750
34.2600,689.1750
34.2700,685.8450
34.2800,683.3325
34.2900,677.6200
34.3000,656.7450
34.3100,655.5900
34.3200,683.3325
34.3300,678.4950
34.3400,670.5675
34.3500,698.1400
34.3600,712.5350
34.3700,717.1650
34.3800,732.0650
34.3900,725.6525
34.4000,786.6675
34.4100,775.6625
34.4200,743.9175
34.4300,768.3825
34.4400,830.8000
34.4500,915.4325
34.4600,944.1600
34.4700,980.0000
34.4800,970.0100
34.4900,949.6875
34.5000,994.0975
34.5100,1014.1650
34.5200,1076.3675
34.5300,1104.8050
34.5400,1179.4725
34.5500,1231.5925
34.5600,1233.0625
34.5700,1134.0350
34.5800,1126.7125
34.5900,1161.4825
34.6000,1113.3550
34.6100,1076.0225
34.6200,1049.3950
34.6300,1117.5775
34.6400,1083.5275
34.6500,1107.6650
34.6600,1053.2100
34.6700,1016.6675
34.6800,1032.4650
34.6900,1075.6875
34.7000,1021.9075
34.7100,998.1900
34.7200,929.2925
34.7300,909.7325
34.7400,837.5275
34.7500,796.3275
34.7600,755.3400
34.7700,700.6950
34.7800,691.5500
34.7900,639.7600
34.8000,614.7100
34.8100,626.1700
34.8200,630.1900
34.8300,549.2500
34.8400,539.4375
34.8500,548.4700
34.8600,490.0000
34.8700,481.2825
34.8800,440.6525
34.8900,418.6625
34.9000,428.6550
34.9100,430.0600
34.9200,409.2575
34.9300,432.0225
34.9400,420.7875
34.9500,398.6175
34.9600,407.9625
34.9700,411.3975
34.9800,406.5500
34.9900,418.7175
35.0000,408.2275
35.0100,384.1225
35.0200,380.9325
35.0300,419.6400
35.0400,439.7550
35.0500,420.6375
35.0600,458.5650
35.0700,416.5050
35.0800,383.5750
35.0900,368.7675
35.1000,368.2400
35.1100,383.2800
35.1200,358.8100
35.1300,386.9700
35.1400,403.9375
35.1500,404.8650
35.1600,401.4550
35.1700,418.5650
35.1800,393.7000
35.1900,378.8175
35.2000,378.0425
35.2100,401.7575
35.2200,412.9175
35.2300,416.2050
35.2400,360.8800
35.2500,341.4000
35.2600,386.3100
35.2700,412.6675
35.2800,392.7650
35.2900,386.6025
35.3000,380.7125
35.3100,429.4025
35.3200,403.8525
35.3300,366.1000
35.3400,333.3250
35.3500,354.9625
35.3600,377.2550
35.3700,357.8675
35.3800,336.5300
35.3900,372.7075
35.4000,387.7450
35.4100,391.1875
35.4200,376.7950
35.4300,364.7850
35.4400,391.5875
35.4500,402.6350
35.4600,416.1425
35.4700,407.0700
35.4800,373.8525
35.4900,382.8700
35.5000,419.2400
35.5100,430.2600
35.5200,409.2550
35.5300,384.1300
35.5400,372.0200
35.5500,385.3425
35.5600,390.1675
35.5700,364.2750
35.5800,428.1525
35.5900,430.7575
35.6000,395.1975
35.6100,393.4925
35.6200,439.6400
35.6300,481.9750
35.6400,519.0950
35.6500,541.8675
35.6600,476.6600
35.6700,496.1950
35.6800,493.8050
35.6900,504.1550
35.7000,551.8625
35.7100,559.6275
35.7200,545.8800
35.7300,602.8750
35.7400,600.0000
35.7500,609.9725
35.7600,671.0800
35.7700,660.2550
35.7800,686.9025
35.7900,709.1125
35.8000,708.1850
35.8100,740.8775
35.8200,747.1025
35.8300,759.1100
35.8400,826.9025
35.8500,863.4675
35.8600,817.9925
35.8700,964.6050
35.8800,965.7425
35.8900,916.6875
35.9000,950.4200
35.9100,1027.8925
35.9200,1045.5825
35.9300,947.8375
35.9400,980.0000
35.9500,968.6700
35.9600,884.6550
35.9700,869.2000
35.9800,868.8975
35.9900,896.5725
36.0000,785.6750
36.0100,704.8950
36.0200,714.3400
36.0300,701.6750
36.0400,744.9775
36.0500,777.6275
36.0600,724.6400
36.0700,654.0375
36.0800,635.2000
36.0900,650.0000
36.1000,647.7900
36.1100,621.9500
36.1200,561.3925
36.1300,602.8875
36.1400,622.3625
36.1500,592.0100
36.1600,641.9750
36.1700,684.9100
36.1800,672.0950
36.1900,685.8400
36.2000,650.6875
36.2100,653.9325
36.2200,631.3575
36.2300,642.3225
36.2400,627.6450
36.2500,572.6800
36.2600,537.3250
36.2700,541.0425
36.2800,519.0250
36.2900,512.9025
36.3000,532.6375
36.3100,468.1000
36.3200,508.6025
36.3300,460.8300
36.3400,437.5975
36.3500,441.1200
36.3600,388.1950
36.3700,408.4900
36.3800,456.0875
36.3900,413.6825
36.4000,385.7025
36.4100,410.5875
36.4200,416.6675
36.4300,412.9100
36.4400,371.0400
36.4500,349.2250
36.4600,376.3850
36.4700,372.2150
36.4800,361.9400
36.4900,384.9800
36.5000,403.6050
36.5100,407.7450
36.5200,420.2675
36.5300,423.0675
36.5400,420.5250
36.5500,426.1450
36.5600,423.6100
36.5700,465.3900
36.5800,451.2650
36.5900,463.6575
36.6000,429.6475
36.6100,467.4050
36.6200,477.3975
36.6300,488.8375
36.6400,517.3825
36.6500,527.1400
36.6600,533.8025
36.6700,540.2325
36.6800,544.2500
36.6900,555.0775
36.7000,531.9850
36.7100,511.7775
36.7200,485.3825
36.7300,421.5225
36.7400,445.4850
36.7500,475.6025
36.7600,458.5275
36.7700,436.6675
36.7800,437.2825
36.7900,445.2450
36.8000,424.9400
36.8100,446.8250
36.8200,394.9025
36.8300,367.6350
36.8400,385.4400
36.8500,420.5675
36.8600,427.3875
36.8700,384.0700
36.8800,397.5775
36.8900,415.8475
36.9000,458.5825
36.9100,428.4375
36.9200,342.4150
36.9300,386.3275
36.9400,380.6725
36.9500,392.5050
36.9600,377.4825
36.9700,392.0475
36.9800,366.0325
36.9900,355.9850
37.0000,409.2325
37.0100,393.3325
37.0200,392.5875
37.0300,375.2000
37.0400,345.2100
37.0500,386.9500
37.0600,393.7525
37.0700,404.4325
37.0800,430.6750
37.0900,445.6050
37.1000,419.3500
37.1100,403.4600
37.1200,408.6750
37.1300,459.7525
37.1400,451.5200
37.1500,402.8600
37.1600,388.8375
37.1700,357.8050
37.1800,390.7800
37.1900,412.5700
37.2000,391.9225
37.2100,448.8500
37.2200,412.8225
37.2300,397.6650
37.2400,429.5125
37.2500,413.0475
37.2600,404.2625
37.2700,436.6675
37.2800,435.8725
37.2900,406.1525
37.3000,387.5025
37.3100,420.5675
37.3200,443.6500
37.3300,457.5075
37.3400,492.7400
37.3500,467.1700
37.3600,489.9300
37.3700,486.4650
37.3800,477.3150
37.3900,509.9375
37.4000,506.7875
37.4100,514.6075
37.4200,587.0550
37.4300,610.1075
37.4400,616.4125
37.4500,601.3625
37.4600,693.4250
37.4700,699.7800
37.4800,683.7925
37.4900,720.7900
37.5000,787.0000
37.5100,817.2575
37.5200,874.6675
37.5300,1010.2125
37.5400,1033.8350
37.5500,1093.9725
37.5600,1177.0850
37.5700,1237.3175
37.5800,1340.2975
37.5900,1394.0200
37.6000,1534.0500
37.6100,1703.8500
37.6200,1850.3775
37.6300,1983.4900
37.6400,2056.7050
37.6500,2083.4125
37.6600,2186.6575
37.6700,2056.7450
37.6800,2149.8775
37.6900,2086.7925
37.7000,1880.5525
37.7100,1896.6100
37.7200,1823.6300
37.7300,1670.7275
37.7400,1762.8275
37.7500,1707.0125
37.7600,1676.8700
37.7700,1673.3575
37.7800,1640.2725
37.7900,1597.0500
37.8000,1474.5100
37.8100,1456.8375
37.8200,1496.2300
37.8300,1526.3175
37.8400,1691.2850
37.8500,1785.4550
37.8600,1888.5875
37.8700,2047.7050
37.8800,2105.8150
37.8900,2178.8475
37.9000,2311.1475
37.9100,2418.1775
37.9200,2672.1075
37.9300,2797.7250
37.9400,2950.4000
37.9500,3172.2425
37.9600,3277.8825
37.9700,3306.1025
37.9800,3332.7500
37.9900,3242.1025
38.0000,2956.7325
38.0100,2839.3750
38.0200,2726.1175
38.0300,2456.9025
38.0400,2368.8275
38.0500,2324.4875
38.0600,2125.5500
38.0700,1945.0350
38.0800,1833.1525
38.0900,1758.8175
38.1000,1646.7350
38.1100,1381.6200
38.1200,1231.2675
38.1300,1184.7225
38.1400,1057.5875
38.1500,979.2275
38.1600,915.4925
38.1700,848.9825
38.1800,840.2350
38.1900,811.0825
38.2000,777.8925
38.2100,767.0400
38.2200,821.1725
38.2300,797.7025
38.2400,931.1400
38.2500,946.2650
38.2600,981.8375
38.2700,1012.0875
38.2800,1115.5025
38.2900,1193.3825
38.3000,1305.0675
38.3100,1418.3250
38.3200,1467.9075
38.3300,1597.2625
38.3400,1784.5550
38.3500,1964.8950
38.3600,2132.0750
38.3700,2171.7250
38.3800,2293.8075
38.3900,2303.1675
38.4000,2233.6850
38.4100,2277.4550
38.4200,2229.4175
38.4300,2138.2100
38.4400,1972.3275
38.4500,1897.0850
38.4600,1779.8425
38.4700,1688.2750
38.4800,1727.4050
38.4900,1685.9575
38.5000,1516.7225
38.5100,1327.6075
38.5200,1316.6675
38.5300,1231.9700
38.5400,1101.2775
38.5500,1015.0200
38.5600,950.5250
38.5700,884.1050
38.5800,823.7350
38.5900,754.4050
38.6000,740.6350
38.6100,683.8550
38.6200,689.3500
38.6300,683.7700
38.6400,670.8825
38.6500,598.4625
38.6600,559.1450
38.6700,556.6675
38.6800,541.1475
38.6900,527.5950
38.7000,539.0650
38.7100,518.3200
38.7200,507.3825
38.7300,512.8525
38.7400,470.0675
38.7500,448.1375
38.7600,449.7525
38.7700,471.5875
38.7800,485.6600
38.7900,508.2225
38.8000,485.3825
38.8100,501.7850
38.8200,524.8425
38.8300,542.0200
38.8400,561.7450
38.8500,609.3275
38.8600,616.3975
38.8700,635.0375
38.8800,648.9050
38.8900,680.5750
38.9000,799.4375
38.9100,889.3825
38.9200,942.4325
38.9300,946.6675
38.9400,1056.3450
38.9500,1118.4225
38.9600,1172.0100
38.9700,1264.8275
38.9800,1312.8250
38.9900,1334.8800
39.0000,1379.1350
39.0100,1468.2100
39.0200,1461.5200
39.0300,1429.7300
39.0400,1384.3200
39.0500,1401.1575
39.0600,1234.1875
39.0700,1180.4475
39.0800,1185.7150
39.0900,1035.9700
39.1000,989.8825
39.1100,1022.7825
39.1200,966.5175
39.1300,899.8950
39.1400,905.3450
39.1500,849.6475
39.1600,810.3475
39.1700,779.6975
39.1800,680.8425
39.1900,634.0925
39.2000,680.8325
39.2100,701.6075
39.2200,682.4325
39.2300,712.8200
39.2400,761.3900
39.2500,832.2125
39.2600,845.9550
39.2700,912.1175
39.2800,940.8100
39.2900,964.1275
39.3000,1061.6625
39.3100,1129.6950
39.3200,1264.1325
39.3300,1202.9825
39.3400,1214.0525
39.3500,1287.6550
39.3600,1314.4000
39.3700,1204.4300
39.3800,1133.9225
39.3900,1100.1225
39.4000,1102.5600
39.4100,1085.6625
39.4200,1000.9325
39.4300,945.8875
39.4400,919.4300
39.4500,940.1575
39.4600,913.9900
39.4700,910.0000
39.4800,939.3000
39.4900,925.7650
39.5000,946.7400
39.5100,1023.0925
39.5200,1036.2550
39.5300,1100.8950
39.5400,1182.9325
39.5500,1216.6550
39.5600,1327.7825
39.5700,1488.8800
39.5800,1620.5350
39.5900,1697.7075
39.6000,1802.5175
39.6100,1926.9600
39.6200,2024.5425
39.6300,2112.0200
39.6400,2410.0500
39.6500,2589.3525
39.6600,2667.8375
39.6700,2737.3525
39.6800,2564.7425
39.6900,2415.4725
39.7000,2220.7775
39.7100,1991.6400
39.7200,1813.1600
39.7300,1769.8600
39.7400,1735.0425
39.7500,1709.8900
39.7600,1632.0250
39.7700,1617.1325
39.7800,1459.0025
39.7900,1270.0575
39.8000,1194.6725
39.8100,1115.1600
39.8200,951.8475
39.8300,818.1350
39.8400,714.3800
39.8500,671.4800
39.8600,643.8675
39.8700,622.9125
39.8800,517.5575
39.8900,488.6250
39.9000,483.8250
39.9100,463.4575
39.9200,451.4875
39.9300,495.3625
39.9400,525.9975
39.9500,445.0675
39.9600,492.2375
39.9700,480.7175
39.9800,451.2425
39.9900,446.6675
40.0000,429.7425
40.0100,421.0300
40.0200,453.7975
40.0300,454.3700
40.0400,439.2725
40.0500,445.0975
40.0600,474.7475
40.0700,451.9400
40.0800,398.9975
40.0900,423.6250
40.1000,463.6000
40.1100,430.8300
40.1200,434.5175
40.1300,433.8725
40.1400,416.5825
40.1500,432.8600
40.1600,422.7300
40.1700,420.0000
40.1800,436.7000
40.1900,476.1575
40.2000,469.4375
40.2100,441.6725
40.2200,383.9375
40.2300,401.0650
40.2400,437.1475
40.2500,462.7175
40.2600,444.5300
40.2700,423.4100
40.2800,433.8150
40.2900,436.6675
40.3000,458.7375
40.3100,463.3325
40.3200,441.2950
40.3300,461.4400
40.3400,469.4175
40.3500,486.4925
40.3600,487.2525
40.3700,464.7100
40.3800,454.5150
40.3900,464.2950
40.4000,439.2825
40.4100,490.7975
40.4200,492.3950
40.4300,490.0000
40.4400,547.3350
40.4500,565.4575
40.4600,542.1300
40.4700,544.8400
40.4800,560.2775
40.4900,571.4925
40.5000,529.8450
40.5100,520.0000
40.5200,541.7125
40.5300,530.3950
40.5400,556.4775
40.5500,595.8300
40.5600,576.2750
40.5700,561.8875
40.5800,611.3350
40.5900,669.2325
40.6000,725.8650
40.6100,750.1450
40.6200,702.1500
40.6300,706.1500
40.6400,809.5225
40.6500,876.3375
40.6600,1010.2150
40.6700,1101.7275
40.6800,1194.4400
40.6900,1304.4475
40.7000,1415.0350
40.7100,1567.7800
40.7200,1765.7750
40.7300,2087.2050
40.7400,2244.7700
40.7500,2400.0575
40.7600,2582.6175
40.7700,2777.1650
40.7800,3034.9350
40.7900,3425.1375
40.8000,3669.4700
40.8100,3704.6875
40.8200,3849.2950
40.8300,3891.9700
40.8400,3697.2425
40.8500,3469.2600
40.8600,3238.1200
40.8700,2899.1700
40.8800,2641.0400
40.8900,2537.8950
40.9000,2409.9000
40.9100,2308.8275
40.9200,2332.1450
40.9300,2253.8450
40.9400,2127.4275
40.9500,1847.7050
40.9600,1619.8075
40.9700,1469.0775
40.9800,1280.0475
40.9900,1116.1375
41.0000,996.9325
41.0100,934.0900
41.0200,813.5325
41.0300,749.3725
41.0400,669.5200
41.0500,670.8675
41.0600,634.9650
41.0700,579.0575
41.0800,540.6425
41.0900,564.5400
41.1000,544.7500
41.1100,515.8925
41.1200,556.7050
41.1300,580.3700
41.1400,510.7925
41.1500,471.8775
41.1600,505.4700
41.1700,485.6475
41.1800,430.1725
41.1900,463.1250
41.2000,489.5625
41.2100,483.0250
41.2200,456.8225
41.2300,434.5600
41.2400,465.9975
41.2500,463.8200
41.2600,424.0575
41.2700,413.3325
41.2800,392.8250
41.2900,422.5300
41.3000,415.4150
41.3100,427.9050
41.3200,453.7800
41.3300,444.6775
41.3400,468.0725
41.3500,476.6675
41.3600,435.8975
41.3700,413.1475
41.3800,458.3400
41.3900,414.8600
41.4000,424.6100
41.4100,461.2575
41.4200,457.3175
41.4300,473.6100
41.4400,459.7375
41.4500,483.7025
41.4600,470.5725
41.4700,488.6025
41.4800,466.3675
41.4900,471.8050
41.5000,469.1025
41.5100,481.7825
41.5200,489.1850
41.5300,522.7000
41.5400,543.3875
41.5500,519.0375
41.5600,479.8825
41.5700,457.4600
41.5800,473.3800
41.5900,487.5125
41.6000,457.4725
41.6100,519.1750
41.6200,540.8350
41.6300,535.0075
41.6400,505.8925
41.6500,501.6525
41.6600,485.8975
41.6700,494.9325
41.6800,465.1825
41.6900,460.7875
41.7000,438.5000
41.7100,422.5550
41.7200,429.9175
41.7300,425.9000
41.7400,443.1400
41.7500,457.4225
41.7600,452.5850
41.7700,477.1700
41.7800,499.0075
41.7900,488.5350
41.8000,503.0475
41.8100,512.4625
41.8200,525.6375
41.8300,520.1650
41.8400,563.3475
41.8500,567.7250
41.8600,641.8350
41.8700,687.1600
41.8800,722.7275
41.8900,809.2075
41.9000,878.2450
41.9100,895.7775
41.9200,984.5775
41.9300,1080.1100
41.9400,1230.1250
41.9500,1364.3775
41.9600,1455.0950
41.9700,1556.9450
41.9800,1693.6250
41.9900,1823.2075
42.0000,1970.7425
42.0100,2001.2075
42.0200,1962.7375
42.0300,2015.3825
42.0400,2073.8775
42.0500,1977.8600
42.0600,1794.1175
42.0700,1686.8875
42.0800,1642.5425
42.0900,1604.4075
42.1000,1424.7250
42.1100,1355.1875
42.1200,1285.9925
42.1300,1245.5800
42.1400,1191.9725
42.1500,1185.3300
42.1600,1089.2975
42.1700,994.8950
42.1800,918.2700
42.1900,810.5475
42.2000,736.0300
42.2100,686.5600
42.2200,639.9200
42.2300,571.8150
42.2400,576.2150
42.2500,522.3725
42.2600,522.8400
42.2700,533.3325
42.2800,483.4425
42.2900,513.1875
42.3000,490.6350
42.3100,492.2975
42.3200,535.5275
42.3300,568.9350
42.3400,562.4775
42.3500,589.7500
42.3600,572.6350
42.3700,541.1250
42.3800,606.4225
42.3900,688.4975
42.4000,691.1675
42.4100,655.1050
42.4200,687.9925
42.4300,723.1075
42.4400,711.2250
42.4500,700.9875
42.4600,704.6875
42.4700,704.3250
42.4800,740.7700
42.4900,705.2325
42.5000,732.3925
42.5100,720.6525
42.5200,722.9950
42.5300,764.9625
42.5400,773.0125
42.5500,814.2175
42.5600,875.1925
42.5700,904.9525
42.5800,893.7475
42.5900,895.9475
42.6000,918.5475
42.6100,905.8175
42.6200,908.2400
42.6300,848.5700
42.6400,838.4900
42.6500,839.7375
42.6600,804.3575
42.6700,780.7750
42.6800,769.7550
42.6900,739.0375
42.7000,703.6600
42.7100,681.8400
42.7200,676.6675
42.7300,669.7800
42.7400,627.6750
42.7500,614.5825
42.7600,596.0550
42.7700,584.3775
42.7800,569.6150
42.7900,519.9225
42.8000,456.6225
42.8100,411.5725
42.8200,379.4825
42.8300,374.5550
42.8400,399.4275
42.8500,419.0975
42.8600,391.5175
42.8700,397.1050
42.8800,404.3975
42.8900,444.1475
42.9000,406.6925
42.9100,377.7350
42.9200,383.4525
42.9300,420.5725
42.9400,423.1150
42.9500,423.4375
42.9600,458.2400
42.9700,477.8400
42.9800,493.5100
42.9900,482.0000
43.0000,486.8225
43.0100,529.2800
43.0200,542.1775
43.0300,508.5950
43.0400,511.2650
43.0500,540.1575
43.0600,558.9525
43.0700,581.2250
43.0800,522.9625
43.0900,478.8350
43.1000,473.3325
43.1100,448.8100
43.1200,447.8050
43.1300,460.0125
43.1400,465.5575
43.1500,484.4475
43.1600,468.9025
43.1700,474.4200
43.1800,503.2900
43.1900,488.9600
43.2000,476.6675
43.2100,430.2050
43.2200,402.2450
43.2300,402.2100
43.2400,409.9550
43.2500,419.9500
43.2600,449.7800
43.2700,467.7375
43.2800,463.3975
43.2900,479.7900
43.3000,487.8025
43.3100,482.2750
43.3200,449.2850
43.3300,483.7525
43.3400,529.7150
43.3500,507.1675
43.3600,522.8075
43.3700,533.4425
43.3800,547.4700
43.3900,561.0300
43.4000,574.2350
43.4100,560.3900
43.4200,543.4675
43.4300,546.5275
43.4400,513.0450
43.4500,499.8500
43.4600,503.3325
43.4700,512.0075
43.4800,479.8250
43.4900,490.3175
43.5000,508.8300
43.5100,522.9725
43.5200,540.8025
43.5300,533.7125
43.5400,559.0250
43.5500,580.9775
43.5600,555.3325
43.5700,527.0875
43.5800,543.6575
43.5900,571.7100
43.6000,577.8525
43.6100,606.7075
43.6200,616.9000
43.6300,624.0450
43.6400,657.8300
43.6500,686.1675
43.6600,684.7825
43.6700,714.1750
43.6800,711.9900
43.6900,697.8675
43.7000,728.6300
43.7100,750.9250
43.7200,795.8875
43.7300,817.8750
43.7400,820.9150
43.7500,829.7025
43.7600,812.1200
43.7700,802.1200
43.7800,805.4525
43.7900,834.1800
43.8000,799.2450
43.8100,789.0175
43.8200,778.8850
43.8300,781.4350
43.8400,745.7250
43.8500,671.5475
43.8600,670.7000
43.8700,709.8050
43.8800,719.1300
43.8900,718.7675
43.9000,709.5075
43.9100,697.0425
43.9200,710.0975
43.9300,747.2200
43.9400,761.2400
43.9500,801.8125
43.9600,830.8450
43.9700,733.1350
43.9800,721.3100
43.9900,827.1200
44.0000,879.5825
44.0100,935.3625
44.0200,1020.7350
44.0300,1042.9425
44.0400,1026.2850
44.0500,1067.7200
44.0600,1107.0325
44.0700,1140.2650
44.0800,1220.8375
44.0900,1307.5750
44.1000,1328.4000
44.1100,1374.9675
44.1200,1386.0300
44.1300,1336.2150
44.1400,1305.0900
44.1500,1273.2325
44.1600,1260.7825
44.1700,1232.4950
44.1800,1153.7575
44.1900,1044.8175
44.2000,985.6425
44.2100,1011.5125
44.2200,1004.6600
44.2300,964.1550
44.2400,1003.1700
44.2500,989.6675
44.2600,902.8275
44.2700,850.3450
44.2800,858.3500
44.2900,892.4100
44.3000,912.7750
44.3100,890.2225
44.3200,855.0400
44.3300,861.6125
44.3400,861.1550
44.3500,857.3900
44.3600,817.4450
44.3700,775.8250
44.3800,764.6425
44.3900,724.9175
44.4000,716.1625
44.4100,712.5350
44.4200,699.3000
44.4300,694.6500
44.4400,695.3475
44.4500,680.5650
44.4600,690.1125
44.4700,699.3150
44.4800,690.6425
44.4900,662.5875
44.5000,618.5950
44.5100,587.9775
44.5200,584.0050
44.5300,580.6650
44.5400,556.6750
44.5500,551.3225
44.5600,546.6875
44.5700,502.1050
44.5800,502.5750
44.5900,510.0425
44.6000,461.5425
44.6100,419.4125
44.6200,419.9350
44.6300,418.7250
44.6400,423.2525
44.6500,426.0350
44.6600,413.4275
44.6700,416.5650
44.6800,441.1350
44.6900,429.6150
44.7000,387.6575
44.7100,387.7625
44.7200,421.6925
44.7300,426.8125
44.7400,412.1225
44.7500,410.6025
44.7600,389.7400
44.7700,387.0875
44.7800,408.4450
44.7900,430.4000
44.8000,447.8400
44.8100,439.6225
44.8200,486.7625
44.8300,554.0500
44.8400,590.9225
44.8500,622.8625
44.8600,660.0850
44.8700,688.3675
44.8800,716.1525
44.8900,726.1050
44.9000,771.9750
44.9100,833.8850
44.9200,800.8800
44.9300,767.2150
44.9400,775.8200
44.9500,776.1225
44.9600,753.9650
44.9700,703.2250
44.9800,680.5350
44.9900,671.7375
45.0000,672.9900
45.0100,670.3525
45.0200,599.7000
45.0300,559.1150
45.0400,544.0800
45.0500,530.0000
45.0600,545.3800
45.0700,550.9025
45.0800,515.9525
45.0900,501.0050
45.1000,510.5000
45.1100,486.5175
45.1200,434.1300
45.1300,383.2250
45.1400,372.8900
45.1500,410.5550
45.1600,440.9675
45.1700,442.8525
45.1800,440.0000
45.1900,382.8800
45.2000,345.7075
45.2100,384.2225
45.2200,379.6025
45.2300,369.9550
45.2400,383.7950
45.2500,386.6675
45.2600,418.8675
45.2700,449.0125
45.2800,440.0950
45.2900,411.1000
45.3000,389.1125
45.3100,402.2050
45.3200,433.6375
45.3300,446.6675
45.3400,463.6125
45.3500,459.7325
45.3600,469.2300
45.3700,507.3325
45.3800,502.6825
45.3900,490.4175
45.4000,485.8350
45.4100,481.8725
45.4200,492.6925
45.4300,477.5550
45.4400,456.2625
45.4500,455.2000
45.4600,467.8650
45.4700,506.5075
45.4800,496.4550
45.4900,473.7250
45.5000,474.8050
45.5100,464.0350
45.5200,451.0925
45.5300,461.5225
45.5400,501.1650
45.5500,510.3550
45.5600,470.3550
45.5700,463.3300
45.5800,487.7675
45.5900,465.2400
45.6000,449.2375
45.6100,488.0475
45.6200,524.4000
45.6300,520.4300
45.6400,541.3125
45.6500,596.1150
45.6600,629.1975
45.6700,618.2875
45.6800,592.3150
45.6900,638.3900
45.7000,758.5225
45.7100,798.0100
45.7200,812.9625
45.7300,869.2775
45.7400,895.1625
45.7500,978.8925
45.7600,1081.3600
45.7700,1088.1050
45.7800,1075.4700
45.7900,1101.8625
45.8000,1123.6400
45.8100,1068.4500
45.8200,1016.3650
45.8300,1018.7825
45.8400,1017.8875
45.8500,1015.1475
45.8600,994.9150
45.8700,958.5525
45.8800,946.9525
45.8900,955.4275
45.9000,934.6950
45.9100,907.9150
45.9200,879.8700
45.9300,805.8925
45.9400,797.8475
45.9500,786.7750
45.9600,748.2000
45.9700,732.2800
45.9800,709.2175
45.9900,703.5925
46.0000,713.8450
46.0100,678.7550
46.0200,603.9100
46.0300,557.4650
46.0400,552.0350
46.0500,540.5725
46.0600,507.0125
46.0700,498.9275
46.0800,479.9025
46.0900,438.8375
46.1000,444.7150
46.1100,484.7000
46.1200,474.8650
46.1300,439.3325
46.1400,442.4375
46.1500,412.5000
46.1600,385.5375
46.1700,396.8800
46.1800,375.1975
46.1900,376.3475
46.2000,412.5875
46.2100,419.5950
46.2200,422.1675
46.2300,415.8775
46.2400,398.0400
46.2500,400.3850
46.2600,401.3825
46.2700,403.7075
46.2800,380.0950
46.2900,370.9125
46.3000,377.8825
46.3100,392.8200
46.3200,401.0550
46.3300,390.0000
46.3400,365.4775
46.3500,362.5875
46.3600,381.7500
46.3700,406.0575
46.3800,424.9200
46.3900,426.8250
46.4000,419.5350
46.4100,427.4300
46.4200,459.0100
46.4300,476.8150
46.4400,493.9150
46.4500,517.0950
46.4600,535.3525
46.4700,522.5050
46.4800,518.9450
46.4900,547.2000
46.5000,556.5350
46.5100,591.4150
46.5200,635.3150
46.5300,622.5900
46.5400,613.6975
46.5500,628.5125
46.5600,631.6075
46.5700,604.1450
46.5800,566.2200
46.5900,553.3325
46.6000,556.7725
46.6100,556.5625
46.6200,544.7450
46.6300,528.0825
46.6400,538.8700
46.6500,577.2375
46.6600,553.8400
46.6700,513.3325
46.6800,540.7050
46.6900,546.1525
46.7000,492.5000
46.7100,475.3650
46.7200,466.1175
46.7300,477.4300
46.7400,498.0750
46.7500,469.6425
46.7600,436.3200
46.7700,425.1000
46.7800,404.5150
46.7900,383.3950
46.8000,386.6675
46.8100,384.9700
46.8200,390.1100
46.8300,388.2000
46.8400,378.3075
46.8500,373.2850
46.8600,376.7600
46.8700,385.0225
46.8800,386.6675
46.8900,376.5500
46.9000,378.4625
46.9100,396.7350
46.9200,393.2350
46.9300,361.4700
46.9400,350.0825
46.9500,370.0775
46.9600,378.3225
46.9700,373.3125
46.9800,364.9725
46.9900,365.0250
47.0000,388.4125
47.0100,386.5950
47.0200,380.0400
47.0300,403.3550
47.0400,436.7050
47.0500,444.9850
47.0600,430.0000
47.0700,431.6650
47.0800,420.0150
47.0900,395.0200
47.1000,389.9850
47.1100,399.9900
47.1200,411.6350
47.1300,448.2100
47.1400,476.6675
47.1500,475.0100
47.1600,479.9575
47.1700,498.2525
47.1800,510.0000
47.1900,536.4450
47.2000,569.9400
47.2100,570.0650
47.2200,576.5300
47.2300,603.1875
47.2400,610.0775
47.2500,608.2725
47.2600,639.6550
47.2700,656.8025
47.2800,659.8100
47.2900,660.1975
47.3000,623.6950
47.3100,590.1625
47.3200,557.0575
47.3300,523.5075
47.3400,513.3325
47.3500,506.7925
47.3600,486.9250
47.3700,510.9000
47.3800,509.1925
47.3900,482.9800
47.4000,516.3025
47.4100,510.5250
47.4200,502.9475
47.4300,503.7300
47.4400,463.9025
47.4500,438.3750
47.4600,431.7950
47.4700,420.1750
47.4800,411.7125
47.4900,435.9325
47.5000,448.7550
47.5100,417.1475
47.5200,387.0600
47.5300,379.8000
47.5400,394.7450
47.5500,429.1650
47.5600,411.4900
47.5700,376.2325
47.5800,369.0525
47.5900,370.8225
47.6000,407.9325
47.6100,439.3000
47.6200,463.2150
47.6300,452.2100
47.6400,462.3525
47.6500,515.6675
47.6600,525.6975
47.6700,508.2700
47.6800,519.6075
47.6900,544.4025
47.7000,563.1975
47.7100,563.4700
47.7200,591.9450
47.7300,621.8775
47.7400,595.9300
47.7500,579.7100
47.7600,573.9200
47.7700,587.0675
47.7800,608.7100
47.7900,587.2775
47.8000,590.8150
47.8100,589.3525
47.8200,555.5550
47.8300,490.9875
47.8400,460.2825
47.8500,491.5850
47.8600,461.6675
47.8700,417.1725
47.8800,414.5725
47.8900,447.0400
47.9000,468.5950
47.9100,453.8625
47.9200,459.1075
47.9300,465.6325
47.9400,439.1525
47.9500,417.0350
47.9600,402.1325
47.9700,365.0250
47.9800,339.6200
47.9900,351.3800
48.0000,364.5150
48.0100,400.0025
48.0200,419.0250
48.0300,383.1625
48.0400,362.9300
48.0500,391.9100
48.0600,407.2825
48.0700,387.2875
48.0800,370.4175
48.0900,396.1175
48.1000,419.2925
48.1100,372.1475
48.1200,353.8075
48.1300,381.1200
48.1400,385.3300
48.1500,401.7775
48.1600,425.1125
48.1700,423.3325
48.1800,432.6500
48.1900,443.3325
48.2000,454.1900
48.2100,454.2675
48.2200,472.5300
48.2300,516.1925
48.2400,521.7850
48.2500,521.5475
48.2600,531.0600
48.2700,532.2775
48.2800,540.3125
48.2900,575.4250
48.3000,584.0825
48.3100,571.7925
48.3200,545.3625
48.3300,513.5875
48.3400,525.3800
48.3500,560.2425
48.3600,576.9275
48.3700,596.3625
48.3800,670.9025
48.3900,737.4025
48.4000,763.7950
48.4100,757.0225
48.4200,794.2975
48.4300,865.4100
48.4400,849.2975
48.4500,859.5900
48.4600,892.7750
48.4700,870.9975
48.4800,818.3600
48.4900,798.1925
48.5000,795.4275
48.5100,751.9275
48.5200,683.8375
48.5300,676.4425
48.5400,701.5200
48.5500,682.0625
48.5600,684.0000
48.5700,709.0775
48.5800,654.4975
48.5900,606.0625
48.6000,595.1525
48.6100,564.2475
48.6200,541.2275
48.6300,517.5925
48.6400,482.4800
48.6500,447.2900
48.6600,415.8425
48.6700,383.6475
48.6800,376.9825
48.6900,409.5100
48.7000,430.7375
48.7100,385.2650
48.7200,355.8100
48.7300,352.6825
48.7400,356.9950
48.7500,363.8500
48.7600,373.6650
48.7700,360.9975
48.7800,378.4950
48.7900,398.3450
48.8000,371.0125
48.8100,361.4975
48.8200,358.8450
48.8300,377.2625
48.8400,391.7200
48.8500,367.3575
48.8600,360.0000
48.8700,365.9700
48.8800,391.2300
48.8900,393.9550
48.9000,370.0000
48.9100,384.8900
48.9200,413.7500
48.9300,457.9000
48.9400,492.2075
48.9500,464.3825
48.9600,455.9700
48.9700,503.7450
48.9800,537.7825
48.9900,537.4025
49.0000,540.3725
49.0100,562.2175
49.0200,551.1325
49.0300,547.0000
49.0400,597.3650
49.0500,608.5575
49.0600,592.9525
49.0700,584.8575
49.0800,567.0500
49.0900,557.4350
49.1000,541.1575
49.1100,560.9300
49.1200,585.2800
49.1300,557.8400
49.1400,567.2525
49.1500,597.7425
49.1600,598.9275
49.1700,605.0775
49.1800,618.5325
49.1900,632.8000
49.2000,669.4575
49.2100,684.1400
49.2200,635.6675
49.2300,584.7975
49.2400,605.6825
49.2500,656.3150
49.2600,668.0825
49.2700,638.5400
49.2800,654.1825
49.2900,647.4900
49.3000,595.4200
49.3100,572.2950
49.3200,557.9275
49.3300,561.2250
49.3400,587.2750
49.3500,580.6700
49.3600,558.5475
49.3700,536.3275
49.3800,502.7400
49.3900,509.2975
49.4000,551.7575
49.4100,559.7025
49.4200,536.2325
49.4300,513.9300
49.4400,458.2875
49.4500,443.0225
49.4600,473.0150
49.4700,471.2100
49.4800,439.4425
49.4900,424.2250
49.5000,431.0975
49.5100,454.3275
49.5200,445.5825
49.5300,419.4625
49.5400,415.7600
49.5500,417.5750
49.5600,420.0725
49.5700,427.5800
49.5800,417.1250
49.5900,394.6575
49.6000,392.9750
49.6100,423.3325
49.6200,411.8575
49.6300,389.4975
49.6400,377.1350
49.6500,371.9000
49.6600,392.9050
49.6700,427.6250
49.6800,434.7625
49.6900,430.9500
49.7000,419.0475
49.7100,416.1900
49.7200,402.8725
49.7300,398.5450
49.7400,417.6300
49.7500,431.3775
49.7600,444.3300
49.7700,411.9425
49.7800,406.6275
49.7900,417.1550
49.8000,403.3800
49.8100,390.0000
49.8200,395.6825
49.8300,399.0750
49.8400,387.6575
49.8500,391.3450
49.8600,408.0850
49.8700,387.3300
49.8800,356.6675
49.8900,351.0050
49.9000,351.8225
49.9100,373.2325
49.9200,402.2150
49.9300,410.6175
49.9400,374.9750
49.9500,352.8225
49.9600,376.4175
49.9700,407.5625
49.9800,413.3325
49.9900,413.3325
50.0000,413.3325
