#Intensity_unit=cps
#Attenuator_coefficient=1.0000
10.0000,986.6675
10.0100,892.5725
10.0200,944.0150
10.0300,913.6050
10.0400,913.0325
10.0500,973.9450
10.0600,992.1175
10.0700,866.1450
10.0800,889.6600
10.0900,950.8275
10.1000,962.7150
10.1100,927.0500
10.1200,965.6475
10.1300,976.0425
10.1400,997.8075
10.1500,945.6600
10.1600,894.7350
10.1700,874.9175
10.1800,852.2250
10.1900,904.2550
10.2000,949.1675
10.2100,935.2625
10.2200,948.3850
10.2300,913.8875
10.2400,934.0650
10.2500,843.4500
10.2600,977.6100
10.2700,900.1925
10.2800,890.0000
10.2900,917.0200
10.3000,862.9825
10.3100,934.6600
10.3200,916.3475
10.3300,886.3575
10.3400,883.3325
10.3500,946.2275
10.3600,1013.2075
10.3700,999.0525
10.3800,984.7025
10.3900,941.4725
10.4000,978.5100
10.4100,947.4825
10.4200,922.4300
10.4300,866.2675
10.4400,934.5975
10.4500,895.6100
10.4600,895.9625
10.4700,926.4675
10.4800,879.3575
10.4900,888.2225
10.5000,940.6000
10.5100,961.5425
10.5200,927.6450
10.5300,941.1700
10.5400,973.0475
10.5500,914.2900
10.5600,876.9775
10.5700,900.0425
10.5800,918.1650
10.5900,928.8950
10.6000,935.9275
10.6100,910.0025
10.6200,868.1675
10.6300,913.6575
10.6400,964.3850
10.6500,943.3800
10.6600,928.1750
10.6700,926.6675
10.6800,846.9100
10.6900,907.5300
10.7000,937.3275
10.7100,875.0975
10.7200,902.0525
10.7300,880.1375
10.7400,932.6450
10.7500,972.3950
10.7600,894.2425
10.7700,900.9875
10.7800,915.0975
10.7900,931.3650
10.8000,936.2725
10.8100,921.9800
10.8200,870.0875
10.8300,869.2025
10.8400,893.4675
10.8500,925.9875
10.8600,862.5900
10.8700,809.3900
10.8800,914.6050
10.8900,909.5125
10.9000,827.6750
10.9100,851.7575
10.9200,871.2825
10.9300,867.4900
10.9400,954.2775
10.9500,995.8575
10.9600,894.9600
10.9700,926.6625
10.9800,939.1625
10.9900,934.1725
11.0000,921.6825
11.0100,841.3975
11.0200,862.0075
11.0300,901.5700
11.0400,927.0175
11.0500,909.6600
11.0600,924.0950
11.0700,854.0850
11.0800,828.8250
11.0900,875.9775
11.1000,865.9375
11.1100,851.7425
11.1200,870.2750
11.1300,896.4950
11.1400,885.5300
11.1500,892.0100
11.1600,838.4000
11.1700,864.6775
11.1800,884.4425
11.1900,906.8775
11.2000,860.9425
11.2100,827.3725
11.2200,829.1000
11.2300,838.6450
11.2400,822.7175
11.2500,863.1850
11.2600,890.1425
11.2700,901.9625
11.2800,863.0850
11.2900,856.6675
11.3000,827.9450
11.3100,932.4250
11.3200,881.1325
11.3300,895.8125
11.3400,859.8650
11.3500,887.7175
11.3600,810.2775
11.3700,810.9800
11.3800,882.0025
11.3900,881.8950
11.4000,828.5475
11.4100,828.5725
11.4200,858.5575
11.4300,846.2075
11.4400,880.4225
11.4500,906.6275
11.4600,961.3025
11.4700,950.0575
11.4800,901.1075
11.4900,807.9550
11.5000,830.3125
11.5100,833.8225
11.5200,858.9100
11.5300,817.8875
11.5400,846.9075
11.5500,910.0850
11.5600,902.9825
11.5700,840.4700
11.5800,824.3325
11.5900,896.9650
11.6000,861.8800
11.6100,842.0175
11.6200,868.2775
11.6300,929.8600
11.6400,917.4000
11.6500,842.7475
11.6600,909.0175
11.6700,917.6925
11.6800,849.0050
11.6900,901.4750
11.7000,907.7000
11.7100,872.8875
11.7200,846.9725
11.7300,826.4600
11.7400,868.3025
11.7500,865.4300
11.7600,815.6025
11.7700,851.5675
11.7800,921.7075
11.7900,913.7100
11.8000,873.5750
11.8100,931.0800
11.8200,898.5475
11.8300,848.0350
11.8400,831.6125
11.8500,871.9225
11.8600,871.6200
11.8700,875.5825
11.8800,871.0850
11.8900,858.8450
11.9000,906.8425
11.9100,847.0150
11.9200,889.0250
11.9300,841.5550
11.9400,799.4025
11.9500,804.4550
11.9600,851.1275
11.9700,832.2275
11.9800,837.7700
11.9900,776.1900
12.0000,832.6550
12.0100,877.1525
12.0200,844.5550
12.0300,784.0675
12.0400,795.4700
12.0500,835.9525
12.0600,879.2650
12.0700,878.3800
12.0800,901.5150
12.0900,851.4750
12.1000,798.6300
12.1100,817.5650
12.1200,872.9250
12.1300,883.3325
12.1400,825.5400
12.1500,835.3375
12.1600,856.4950
12.1700,846.2625
12.1800,815.8725
12.1900,831.9575
12.2000,817.4650
12.2100,881.8750
12.2200,899.4075
12.2300,916.4325
12.2400,854.3100
12.2500,845.4700
12.2600,868.5400
12.2700,818.6825
12.2800,853.0950
12.2900,874.2525
12.3000,800.2825
12.3100,843.3175
12.3200,867.5675
12.3300,870.0000
12.3400,848.2250
12.3500,799.8050
12.3600,836.2225
12.3700,822.2100
12.3800,832.9625
12.3900,831.2375
12.4000,876.1175
12.4100,870.4000
12.4200,866.6675
12.4300,831.4600
12.4400,826.0400
12.4500,823.9625
12.4600,861.1850
12.4700,929.4450
12.4800,1032.4500
12.4900,1010.1500
12.5000,978.4200
12.5100,962.5500
12.5200,919.5850
12.5300,1050.0250
12.5400,1102.1725
12.5500,1058.2525
12.5600,1019.7850
12.5700,1007.9600
12.5800,1009.3525
12.5900,977.7975
12.6000,902.9525
12.6100,975.1175
12.6200,977.9150
12.6300,970.6550
12.6400,935.2175
12.6500,932.0150
12.6600,887.9000
12.6700,892.6925
12.6800,891.3275
12.6900,932.6850
12.7000,935.3350
12.7100,858.7225
12.7200,832.0100
12.7300,891.2150
12.7400,946.5650
12.7500,940.7175
12.7600,965.8925
12.7700,978.6450
12.7800,1046.3400
12.7900,1036.8125
12.8000,1014.0975
12.8100,914.6400
12.8200,982.6550
12.8300,1019.8950
12.8400,917.5700
12.8500,866.2175
12.8600,865.2825
12.8700,882.5025
12.8800,894.5800
12.8900,867.6700
12.9000,862.6350
12.9100,818.5750
12.9200,788.2475
12.9300,828.0375
12.9400,834.7450
12.9500,822.8275
12.9600,801.6250
12.9700,833.3925
12.9800,811.8725
12.9900,750.9325
13.0000,778.5625
13.0100,810.9350
13.0200,787.9000
13.0300,798.2950
13.0400,795.4975
13.0500,795.9425
13.0600,791.4500
13.0700,800.4275
13.0800,816.3600
13.0900,822.6050
13.1000,833.7425
13.1100,787.2550
13.1200,742.1450
13.1300,772.2925
13.1400,772.9500
13.1500,801.1275
13.1600,789.2600
13.1700,780.7425
13.1800,728.2175
13.1900,767.6700
13.2000,780.7475
13.2100,821.3475
13.2200,815.2550
13.2300,797.0950
13.2400,746.9075
13.2500,751.3775
13.2600,764.3950
13.2700,792.4100
13.2800,738.2550
13.2900,704.5750
13.3000,753.9575
13.3100,826.4900
13.3200,807.4100
13.3300,776.1525
13.3400,780.2500
13.3500,752.6000
13.3600,730.5375
13.3700,739.4550
13.3800,730.5525
13.3900,767.5375
13.4000,818.2900
13.4100,801.9375
13.4200,821.3775
13.4300,756.1175
13.4400,761.3400
13.4500,757.2775
13.4600,768.5900
13.4700,793.6625
13.4800,822.8550
13.4900,736.1075
13.5000,757.3850
13.5100,798.6750
13.5200,771.2100
13.5300,795.4325
13.5400,753.5525
13.5500,746.7775
13.5600,805.5675
13.5700,785.4725
13.5800,783.4225
13.5900,774.0625
13.6000,709.5425
13.6100,740.3475
13.6200,771.7600
13.6300,814.3750
13.6400,814.1050
13.6500,804.9800
13.6600,856.0200
13.6700,820.6825
13.6800,760.7400
13.6900,671.5550
13.7000,666.6825
13.7100,700.8375
13.7200,764.9700
13.7300,768.3525
13.7400,765.8275
13.7500,754.2000
13.7600,782.3925
13.7700,808.2725
13.7800,795.9150
13.7900,807.4050
13.8000,813.3325
13.8100,805.8850
13.8200,763.6300
13.8300,735.1225
13.8400,739.9125
13.8500,802.7625
13.8600,786.2150
13.8700,756.0250
13.8800,764.8250
13.8900,794.6925
13.9000,714.5025
13.9100,737.5800
13.9200,764.0600
13.9300,754.3550
13.9400,742.6175
13.9500,781.8000
13.9600,757.3525
13.9700,721.2350
13.9800,737.8700
13.9900,717.2450
14.0000,743.4175
14.0100,741.9775
14.0200,739.1125
14.0300,752.2250
14.0400,737.1225
14.0500,730.0000
14.0600,769.0325
14.0700,785.7700
14.0800,754.9975
14.0900,762.8075
14.1000,772.4325
14.1100,778.1950
14.1200,792.1450
14.1300,760.2575
14.1400,686.0300
14.1500,702.1125
14.1600,752.9950
14.1700,756.9850
14.1800,724.3125
14.1900,749.5825
14.2000,777.8225
14.2100,744.7250
14.2200,739.6450
14.2300,736.1050
14.2400,759.8175
14.2500,798.8725
14.2600,788.3625
14.2700,792.0125
14.2800,767.8600
14.2900,802.2450
14.3000,803.2200
14.3100,782.2950
14.3200,774.2725
14.3300,787.6825
14.3400,814.8425
14.3500,809.0050
14.3600,772.3125
14.3700,719.4625
14.3800,753.3700
14.3900,768.5725
14.4000,723.8425
14.4100,751.8350
14.4200,758.1225
14.4300,722.4750
14.4400,733.7200
14.4500,750.4425
14.4600,720.1775
14.4700,723.2325
14.4800,715.8125
14.4900,717.0875
14.5000,665.6975
14.5100,671.6450
14.5200,704.5500
14.5300,713.3325
14.5400,758.0550
14.5500,731.9800
14.5600,746.2350
14.5700,748.2575
14.5800,731.6000
14.5900,747.7675
14.6000,730.8950
14.6100,710.6350
14.6200,725.3800
14.6300,733.3325
14.6400,745.0100
14.6500,752.3325
14.6600,706.6975
14.6700,679.6775
14.6800,683.6500
14.6900,709.9300
14.7000,652.5900
14.7100,674.4325
14.7200,731.4800
14.7300,716.5200
14.7400,675.5275
14.7500,693.4325
14.7600,711.2925
14.7700,729.5150
14.7800,762.0750
14.7900,747.9475
14.8000,736.6675
14.8100,741.2750
14.8200,734.1250
14.8300,750.7050
14.8400,741.6100
14.8500,804.5325
14.8600,811.4225
14.8700,827.5175
14.8800,846.8725
14.8900,829.3950
14.9000,886.3375
14.9100,891.5250
14.9200,905.1225
14.9300,1019.3525
14.9400,1055.2675
14.9500,1008.9925
14.9600,1024.1450
14.9700,1074.1150
14.9800,1090.0000
14.9900,1062.7525
15.0000,1054.5375
15.0100,1052.1325
15.0200,993.3750
15.0300,962.1400
15.0400,966.7850
15.0500,1028.7450
15.0600,1110.8475
15.0700,1107.3425
15.0800,1055.0200
15.0900,1092.9625
15.1000,1129.0000
15.1100,1158.0625
15.1200,1219.4175
15.1300,1209.6675
15.1400,1202.3025
15.1500,1157.3750
15.1600,1079.6050
15.1700,1042.1500
15.1800,1036.6675
15.1900,949.5825
15.2000,857.5825
15.2100,842.2500
15.2200,842.2125
15.2300,788.8175
15.2400,767.7800
15.2500,763.3350
15.2600,731.1450
15.2700,703.3600
15.2800,692.2350
15.2900,718.7800
15.3000,744.3925
15.3100,723.4800
15.3200,672.4600
15.3300,670.9825
15.3400,680.0000
15.3500,680.0000
15.3600,691.0025
15.3700,731.8450
15.3800,750.0000
15.3900,780.7275
15.4000,774.7375
15.4100,710.7525
15.4200,668.0100
15.4300,635.9425
15.4400,634.2600
15.4500,677.1150
15.4600,705.3925
15.4700,679.4900
15.4800,685.1075
15.4900,738.0000
15.5000,705.6600
15.5100,665.8075
15.5200,673.0175
15.5300,708.1800
15.5400,710.3375
15.5500,690.3500
15.5600,681.1725
15.5700,664.8800
15.5800,656.6675
15.5900,710.5700
15.6000,735.6925
15.6100,765.6175
15.6200,744.6275
15.6300,691.1075
15.6400,658.3100
15.6500,673.5875
15.6600,675.9550
15.6700,644.3150
15.6800,634.2775
15.6900,666.5800
15.7000,700.4100
15.7100,701.4700
15.7200,681.7525
15.7300,669.0750
15.7400,687.9350
15.7500,674.5025
15.7600,683.3525
15.7700,709.3925
15.7800,723.0225
15.7900,718.2000
15.8000,668.9175
15.8100,668.6900
15.8200,706.5550
15.8300,709.4550
15.8400,682.2625
15.8500,661.5800
15.8600,652.4600
15.8700,702.5300
15.8800,729.1350
15.8900,711.9850
15.9000,676.0950
15.9100,657.9075
15.9200,658.7575
15.9300,670.4475
15.9400,657.8800
15.9500,667.5200
15.9600,675.8325
15.9700,658.7625
15.9800,602.1750
15.9900,635.6550
16.0000,692.0125
16.0100,678.4525
16.0200,665.4050
16.0300,650.1125
16.0400,642.0675
16.0500,647.4650
16.0600,639.6825
16.0700,645.7025
16.0800,653.3325
16.0900,659.5050
16.1000,671.5550
16.1100,672.5600
16.1200,690.5150
16.1300,719.7275
16.1400,748.4275
16.1500,737.5000
16.1600,725.3775
16.1700,700.1275
16.1800,664.9800
16.1900,655.3700
16.2000,656.6675
16.2100,634.3000
16.2200,638.2825
16.2300,658.1175
16.2400,683.6075
16.2500,692.6150
16.2600,694.0475
16.2700,700.7100
16.2800,681.1225
16.2900,634.3925
16.3000,627.4400
16.3100,668.8775
16.3200,698.0450
16.3300,679.2250
16.3400,677.3825
16.3500,674.6375
16.3600,662.6600
16.3700,658.0000
16.3800,618.6875
16.3900,583.3500
16.4000,634.5175
16.4100,655.3975
16.4200,665.2325
16.4300,701.8775
16.4400,690.8400
16.4500,669.3650
16.4600,662.7025
16.4700,665.9425
16.4800,713.5275
16.4900,697.8725
16.5000,639.0250
16.5100,635.7800
16.5200,646.6675
16.5300,660.4450
16.5400,650.3375
16.5500,662.2025
16.5600,715.3200
16.5700,663.5550
16.5800,596.2925
16.5900,602.3150
16.6000,621.1500
16.6100,659.8500
16.6200,716.4800
16.6300,722.4700
16.6400,659.4125
16.6500,623.3325
16.6600,662.1650
16.6700,678.3625
16.6800,633.1875
16.6900,629.8925
16.7000,635.0675
16.7100,615.0800
16.7200,624.0300
16.7300,627.0300
16.7400,620.0000
16.7500,656.5375
16.7600,681.4125
16.7700,666.5675
16.7800,673.9175
16.7900,669.4350
16.8000,660.4925
16.8100,663.3325
16.8200,646.1575
16.8300,648.5850
16.8400,673.3300
16.8500,668.1150
16.8600,647.1650
16.8700,664.6750
16.8800,668.1650
16.8900,696.4375
16.9000,726.6675
16.9100,711.5500
16.9200,667.9100
16.9300,652.7600
16.9400,661.8825
16.9500,682.1475
16.9600,724.8550
16.9700,729.7725
16.9800,703.5425
16.9900,695.2075
17.0000,666.7325
17.0100,652.6775
17.0200,658.1325
17.0300,641.7500
17.0400,635.5875
17.0500,656.7425
17.0600,660.7100
17.0700,666.3250
17.0800,678.5200
17.0900,700.3700
17.1000,663.0225
17.1100,647.7150
17.1200,653.3900
17.1300,603.1300
17.1400,606.4775
17.1500,625.9775
17.1600,605.3025
17.1700,624.5275
17.1800,653.6650
17.1900,651.1750
17.2000,655.8100
17.2100,661.5075
17.2200,647.2300
17.2300,642.1325
17.2400,641.2050
17.2500,651.2100
17.2600,648.8050
17.2700,623.9700
17.2800,618.7675
17.2900,599.8100
17.3000,605.3050
17.3100,605.0025
17.3200,610.1075
17.3300,624.5975
17.3400,637.9900
17.3500,644.3500
17.3600,622.3100
17.3700,617.1700
17.3800,644.8175
17.3900,657.9675
17.4000,646.1900
17.4100,654.2725
17.4200,704.0850
17.4300,709.9725
17.4400,693.7775
17.4500,675.1450
17.4600,633.8275
17.4700,639.6900
17.4800,690.0725
17.4900,677.7975
17.5000,586.8650
17.5100,561.3425
17.5200,579.8125
17.5300,622.3800
17.5400,665.0900
17.5500,673.6825
17.5600,674.7450
17.5700,659.5025
17.5800,669.2225
17.5900,683.1750
17.6000,671.2850
17.6100,687.7075
17.6200,692.6125
17.6300,671.4575
17.6400,645.8525
17.6500,638.7925
17.6600,656.9200
17.6700,682.3400
17.6800,675.8400
17.6900,630.9250
17.7000,616.8850
17.7100,619.8950
17.7200,582.3250
17.7300,575.7250
17.7400,579.4475
17.7500,571.9750
17.7600,615.7925
17.7700,634.7225
17.7800,618.2200
17.7900,608.2275
17.8000,610.1325
17.8100,611.5750
17.8200,616.8400
17.8300,641.9050
17.8400,639.7575
17.8500,611.5125
17.8600,603.3725
17.8700,635.3025
17.8800,648.1925
17.8900,619.8925
17.9000,611.7000
17.9100,646.8300
17.9200,658.2575
17.9300,623.2875
17.9400,631.7050
17.9500,670.0025
17.9600,645.0425
17.9700,608.3300
17.9800,608.3400
17.9900,618.2750
18.0000,631.6550
18.0100,630.0250
18.0200,628.3175
18.0300,630.0000
18.0400,644.8250
18.0500,679.7400
18.0600,691.7850
18.0700,662.0050
18.0800,654.7450
18.0900,629.0950
18.1000,611.1750
18.1100,644.8250
18.1200,668.0000
18.1300,671.9425
18.1400,651.8750
18.1500,631.9725
18.1600,632.9650
18.1700,622.3900
18.1800,607.9800
18.1900,611.9300
18.2000,609.7800
18.2100,655.2975
18.2200,693.4525
18.2300,653.0800
18.2400,605.3175
18.2500,614.2750
18.2600,626.9400
18.2700,634.3675
18.2800,683.4775
18.2900,707.2650
18.3000,683.7950
18.3100,671.7450
18.3200,657.3175
18.3300,646.5000
18.3400,643.6775
18.3500,674.5525
18.3600,738.7350
18.3700,793.2400
18.3800,848.6725
18.3900,876.4725
18.4000,964.6375
18.4100,1097.5625
18.4200,1168.1325
18.4300,1256.1850
18.4400,1401.0375
18.4500,1564.9175
18.4600,1671.5300
18.4700,1732.5850
18.4800,1824.2325
18.4900,1885.1200
18.5000,1841.6175
18.5100,1720.8250
18.5200,1576.5875
18.5300,1468.2100
18.5400,1306.5975
18.5500,1139.3250
18.5600,1086.4875
18.5700,1031.4925
18.5800,912.1225
18.5900,792.5550
18.6000,729.5500
18.6100,681.1700
18.6200,662.1125
18.6300,667.2775
18.6400,660.3250
18.6500,627.6000
18.6600,619.6850
18.6700,644.4275
18.6800,663.9825
18.6900,631.1300
18.7000,588.0000
18.7100,579.3250
18.7200,603.1175
18.7300,609.8950
18.7400,621.6600
18.7500,652.2000
18.7600,639.2350
18.7700,624.0625
18.7800,618.1475
18.7900,620.0000
18.8000,606.7050
18.8100,591.4750
18.8200,596.2800
18.8300,602.9400
18.8400,602.2625
18.8500,574.6775
18.8600,574.4775
18.8700,643.6125
18.8800,653.1075
18.8900,628.9400
18.9000,646.0600
18.9100,598.9075
18.9200,548.5500
18.9300,551.0100
18.9400,576.9025
18.9500,594.6750
18.9600,597.7425
18.9700,603.7200
18.9800,566.5575
18.9900,561.5100
19.0000,587.1375
19.0100,569.0375
19.0200,555.7100
19.0300,571.8825
19.0400,610.3625
19.0500,632.4625
19.0600,616.1700
19.0700,624.2475
19.0800,614.4525
19.0900,582.0450
19.1000,565.2575
19.1100,581.6175
19.1200,613.6875
19.1300,606.5100
19.1400,570.7375
19.1500,565.9100
19.1600,586.1225
19.1700,602.5350
19.1800,592.1900
19.1900,576.9325
19.2000,630.7875
19.2100,647.5475
19.2200,606.5175
19.2300,580.2275
19.2400,595.5075
19.2500,606.0825
19.2600,607.2550
19.2700,603.3325
19.2800,603.3325
19.2900,599.2375
19.3000,609.6875
19.3100,600.6825
19.3200,560.1250
19.3300,576.7800
19.3400,590.7275
19.3500,569.6425
19.3600,554.2800
19.3700,594.0400
19.3800,582.5250
19.3900,566.0600
19.4000,577.3200
19.4100,551.9350
19.4200,537.3550
19.4300,601.9825
19.4400,644.0350
19.4500,637.2650
19.4600,658.0300
19.4700,610.2975
19.4800,557.9275
19.4900,588.4625
19.5000,619.3000
19.5100,619.3900
19.5200,589.7225
19.5300,546.7850
19.5400,574.5725
19.5500,635.9425
19.5600,624.3700
19.5700,610.4000
19.5800,612.3900
19.5900,569.2725
19.6000,536.6675
19.6100,543.1200
19.6200,553.3325
19.6300,558.4775
19.6400,562.8150
19.6500,550.2600
19.6600,548.9525
19.6700,567.1625
19.6800,568.2350
19.6900,561.2725
19.7000,558.2550
19.7100,560.1400
19.7200,588.0525
19.7300,601.6150
19.7400,600.8950
19.7500,600.7525
19.7600,573.7225
19.7700,544.5350
19.7800,542.1050
19.7900,619.9650
19.8000,638.8450
19.8100,577.9600
19.8200,573.2650
19.8300,586.2825
19.8400,580.0000
19.8500,567.6550
19.8600,549.1300
19.8700,568.0900
19.8800,599.4700
19.8900,585.5000
19.9000,564.1200
19.9100,629.2875
19.9200,689.7450
19.9300,695.7250
19.9400,700.9325
19.9500,738.4900
19.9600,737.2500
19.9700,777.7425
19.9800,814.6275
19.9900,774.1100
20.0000,766.3800
20.0100,800.1700
20.0200,759.9450
20.0300,730.0000
20.0400,724.0525
20.0500,672.9675
20.0600,604.7400
20.0700,623.9750
20.0800,636.2525
20.0900,599.7775
20.1000,577.8225
20.1100,623.7050
20.1200,620.2775
20.1300,582.9900
20.1400,574.6625
20.1500,581.0075
20.1600,576.6675
20.1700,556.9675
20.1800,518.8425
20.1900,525.8975
20.2000,536.4250
20.2100,539.4225
20.2200,558.5325
20.2300,542.3900
20.2400,559.0425
20.2500,567.7200
20.2600,574.7050
20.2700,580.7775
20.2800,570.3850
20.2900,605.4800
20.3000,578.6225
20.3100,546.7100
20.3200,565.6850
20.3300,593.3625
20.3400,594.4100
20.3500,585.5650
20.3600,571.0725
20.3700,551.1100
20.3800,575.5800
20.3900,555.5450
20.4000,578.7650
20.4100,614.4650
20.4200,641.8725
20.4300,692.4100
20.4400,665.5225
20.4500,686.3775
20.4600,738.5200
20.4700,792.9725
20.4800,855.9525
20.4900,931.8175
20.5000,1014.0850
20.5100,1130.7750
20.5200,1188.8100
20.5300,1336.2700
20.5400,1526.3875
20.5500,1578.7750
20.5600,1523.4700
20.5700,1535.8000
20.5800,1577.7275
20.5900,1556.7200
20.6000,1479.2175
20.6100,1357.8525
20.6200,1206.5175
20.6300,1117.5725
20.6400,996.0100
20.6500,948.6900
20.6600,850.8450
20.6700,773.1625
20.6800,723.6400
20.6900,678.9650
20.7000,689.0450
20.7100,713.5800
20.7200,706.6675
20.7300,731.2525
20.7400,793.8200
20.7500,832.4300
20.7600,905.7100
20.7700,995.2250
20.7800,1119.7750
20.7900,1225.5500
20.8000,1296.8150
20.8100,1346.3475
20.8200,1365.3650
20.8300,1405.3350
20.8400,1443.3100
20.8500,1447.7550
20.8600,1390.4250
20.8700,1325.3350
20.8800,1222.5850
20.8900,1177.2750
20.9000,1133.5775
20.9100,970.3800
20.9200,863.7675
20.9300,806.9075
20.9400,767.7575
20.9500,712.5225
20.9600,670.0000
20.9700,661.3050
20.9800,641.9275
20.9900,655.3175
21.0000,656.5325
21.0100,612.4050
21.0200,623.8050
21.0300,617.6175
21.0400,608.6125
21.0500,580.0000
21.0600,588.4975
21.0700,591.1650
21.0800,539.5750
21.0900,542.1800
21.1000,581.7425
21.1100,624.7675
21.1200,666.9875
21.1300,625.9175
21.1400,607.5925
21.1500,611.8450
21.1600,622.1850
21.1700,644.9225
21.1800,655.6900
21.1900,621.1925
21.2000,617.5850
21.2100,662.0925
21.2200,704.2375
21.2300,716.5950
21.2400,757.7350
21.2500,842.4475
21.2600,993.5225
21.2700,1080.0575
21.2800,1169.1950
21.2900,1345.2950
21.3000,1482.9150
21.3100,1669.4450
21.3200,1874.4625
21.3300,2100.2100
21.3400,2257.6175
21.3500,2455.4000
21.3600,2617.2875
21.3700,2724.6200
21.3800,2767.0550
21.3900,2829.4700
21.4000,2960.3475
21.4100,3036.6250
21.4200,2932.8825
21.4300,2888.4525
21.4400,2883.7625
21.4500,2852.9675
21.4600,2984.9900
21.4700,3159.3200
21.4800,3239.5600
21.4900,3446.3325
21.5000,3757.7475
21.5100,4031.6850
21.5200,4203.2900
21.5300,4290.6250
21.5400,4321.5375
21.5500,4004.9625
21.5600,3721.9300
21.5700,3395.8950
21.5800,3005.2375
21.5900,2689.9650
21.6000,2519.3225
21.6100,2221.0200
21.6200,1882.8500
21.6300,1608.1150
21.6400,1282.2925
21.6500,1080.8250
21.6600,992.1225
21.6700,899.3625
21.6800,862.9200
21.6900,767.7300
21.7000,704.3075
21.7100,700.5875
21.7200,704.7350
21.7300,681.3425
21.7400,695.8900
21.7500,691.7850
21.7600,682.8075
21.7700,646.1550
21.7800,574.3350
21.7900,603.0575
21.8000,616.3800
21.8100,635.0175
21.8200,693.6050
21.8300,807.2275
21.8400,862.8800
21.8500,950.2300
21.8600,1056.5925
21.8700,1207.8950
21.8800,1314.8450
21.8900,1433.6200
21.9000,1678.0350
21.9100,1999.2650
21.9200,2017.8900
21.9300,2094.0625
21.9400,2088.6700
21.9500,2020.8850
21.9600,1867.0075
21.9700,1782.5925
21.9800,1601.5050
21.9900,1429.5225
22.0000,1377.7050
22.0100,1235.8050
22.0200,1016.8800
22.0300,834.8325
22.0400,748.4200
22.0500,716.0125
22.0600,648.7000
22.0700,586.3900
22.0800,555.1575
22.0900,537.3550
22.1000,543.4350
22.1100,543.6650
22.1200,504.2425
22.1300,548.7050
22.1400,550.5750
22.1500,517.9000
22.1600,494.7550
22.1700,540.0000
22.1800,550.6675
22.1900,588.6825
22.2000,576.6175
22.2100,613.2225
22.2200,658.5875
22.2300,680.0000
22.2400,699.5525
22.2500,791.0375
22.2600,839.9000
22.2700,859.7750
22.2800,887.3075
22.2900,908.5350
22.3000,1005.1275
22.3100,1083.3325
22.3200,1087.7550
22.3300,1102.2625
22.3400,1077.0675
22.3500,1054.3675
22.3600,1054.0675
22.3700,967.5250
22.3800,925.2275
22.3900,793.4200
22.4000,814.1625
22.4100,769.6800
22.4200,739.3875
22.4300,662.7775
22.4400,595.7900
22.4500,573.6725
22.4600,554.0375
22.4700,517.1675
22.4800,471.5600
22.4900,465.6875
22.5000,466.7025
22.5100,429.9225
22.5200,472.6000
22.5300,448.7050
22.5400,425.5150
22.5500,417.7050
22.5600,407.8075
22.5700,411.6275
22.5800,410.1250
22.5900,445.0225
22.6000,455.5775
22.6100,466.6675
22.6200,472.2250
22.6300,496.6800
22.6400,475.0425
22.6500,451.6450
22.6600,464.3650
22.6700,485.5800
22.6800,472.4325
22.6900,433.8725
22.7000,438.2725
22.7100,442.9350
22.7200,424.3950
22.7300,429.4725
22.7400,427.1925
22.7500,430.0000
22.7600,434.1625
22.7700,465.4675
22.7800,502.5150
22.7900,443.8450
22.8000,451.7675
22.8100,474.4175
22.8200,433.7375
22.8300,388.5425
22.8400,441.1650
22.8500,463.1850
22.8600,442.3425
22.8700,434.6975
22.8800,423.8225
22.8900,422.2825
22.9000,398.6050
22.9100,418.1950
22.9200,467.1450
22.9300,470.0000
22.9400,472.8475
22.9500,481.5050
22.9600,426.7150
22.9700,414.1350
22.9800,460.4650
22.9900,458.7150
23.0000,434.1325
23.0100,458.1725
23.0200,451.2075
23.0300,472.3250
23.0400,425.1300
23.0500,440.2375
23.0600,463.3325
23.0700,469.5125
23.0800,506.0525
23.0900,479.5650
23.1000,477.1000
23.1100,474.3975
23.1200,436.2375
23.1300,435.4625
23.1400,443.2250
23.1500,399.6125
23.1600,422.9275
23.1700,441.2550
23.1800,429.1450
23.1900,446.6675
23.2000,449.9300
23.2100,471.3050
23.2200,459.4875
23.2300,474.3950
23.2400,432.1400
23.2500,427.2850
23.2600,454.3100
23.2700,441.3475
23.2800,474.3425
23.2900,455.5125
23.3000,441.6950
23.3100,405.2325
23.3200,423.7725
23.3300,452.5850
23.3400,450.3875
23.3500,477.4125
23.3600,455.9325
23.3700,453.2800
23.3800,480.7225
23.3900,485.5900
23.4000,484.1575
23.4100,552.6875
23.4200,600.5200
23.4300,577.3650
23.4400,586.1050
23.4500,617.5650
23.4600,699.0300
23.4700,850.5525
23.4800,989.1300
23.4900,1150.6775
23.5000,1361.1550
23.5100,1607.3025
23.5200,1856.6375
23.5300,2159.8350
23.5400,2438.4100
23.5500,2787.8725
23.5600,3310.2425
23.5700,3702.4450
23.5800,4110.7200
23.5900,4401.0750
23.6000,4307.5350
23.6100,4233.9625
23.6200,4048.7350
23.6300,3753.3075
23.6400,3246.0050
23.6500,2902.5300
23.6600,2595.2325
23.6700,2343.8750
23.6800,2036.5100
23.6900,1676.1200
23.7000,1259.3675
23.7100,1093.1075
23.7200,930.9975
23.7300,785.4575
23.7400,691.5550
23.7500,635.7300
23.7600,663.8600
23.7700,671.5675
23.7800,686.8975
23.7900,651.5375
23.8000,671.5200
23.8100,687.2400
23.8200,655.8150
23.8300,688.6325
23.8400,712.3600
23.8500,702.6450
23.8600,731.6700
23.8700,664.5475
23.8800,634.1075
23.8900,597.6975
23.9000,565.5300
23.9100,547.3000
23.9200,511.1125
23.9300,525.5675
23.9400,508.2625
23.9500,486.7675
23.9600,537.3025
23.9700,542.4800
23.9800,478.9650
23.9900,465.1700
24.0000,490.9150
24.0100,455.7225
24.0200,495.6900
24.0300,532.3650
24.0400,517.0500
24.0500,523.1450
24.0600,519.8150
24.0700,517.7675
24.0800,538.1125
24.0900,562.0850
24.1000,536.4875
24.1100,474.1975
24.1200,487.1025
24.1300,435.1800
24.1400,472.8075
24.1500,526.1800
24.1600,513.1475
24.1700,443.4900
24.1800,447.5950
24.1900,464.3850
24.2000,417.5650
24.2100,436.9600
24.2200,443.3325
24.2300,440.9225
24.2400,385.2750
24.2500,354.7000
24.2600,386.1300
24.2700,372.8075
24.2800,360.9000
24.2900,383.3325
24.3000,383.2100
24.3100,380.7250
24.3200,398.8175
24.3300,365.1625
24.3400,325.1425
24.3500,375.8925
24.3600,354.7350
24.3700,398.1400
24.3800,443.2300
24.3900,438.0000
24.4000,373.2350
24.4100,370.6625
24.4200,392.5950
24.4300,368.1000
24.4400,420.5225
24.4500,438.4825
24.4600,379.4275
24.4700,356.8250
24.4800,364.3275
24.4900,407.0350
24.5000,421.7650
24.5100,350.7550
24.5200,386.9300
24.5300,399.7475
24.5400,386.8500
24.5500,396.6075
24.5600,393.7775
24.5700,419.1000
24.5800,363.1325
24.5900,350.2375
24.6000,367.0275
24.6100,393.1200
24.6200,376.2275
24.6300,340.4850
24.6400,383.3325
24.6500,382.8850
24.6600,337.3125
24.6700,409.9475
24.6800,403.0200
24.6900,360.1925
24.7000,390.0200
24.7100,393.3650
24.7200,400.1225
24.7300,429.8225
24.7400,376.5825
24.7500,343.3500
24.7600,353.3750
24.7700,396.6650
24.7800,386.6725
24.7900,370.0225
24.8000,360.0225
24.8100,353.3525
24.8200,359.9750
24.8300,396.5000
24.8400,409.9275
24.8500,406.6875
24.8600,370.2550
24.8700,370.0000
24.8800,356.7800
24.8900,392.9925
24.9000,366.9350
24.9100,353.4775
24.9200,369.8050
24.9300,337.0825
24.9400,379.4250
24.9500,370.1400
24.9600,389.7025
24.9700,337.5000
24.9800,359.6175
24.9900,366.5525
25.0000,386.3075
25.0100,412.8325
25.0200,416.6025
25.0300,442.7900
25.0400,475.9625
25.0500,466.8850
25.0600,473.1825
25.0700,486.3525
25.0800,463.9000
25.0900,489.3300
25.1000,467.2700
25.1100,447.2000
25.1200,469.3600
25.1300,411.6950
25.1400,468.2575
25.1500,473.2350
25.1600,424.8650
25.1700,423.3325
25.1800,442.6900
25.1900,462.6725
25.2000,476.2150
25.2100,441.2675
25.2200,407.8450
25.2300,461.2850
25.2400,521.1150
25.2500,561.8225
25.2600,537.6950
25.2700,559.0825
25.2800,575.9975
25.2900,599.0450
25.3000,625.5550
25.3100,760.7175
25.3200,741.1550
25.3300,724.0675
25.3400,732.8850
25.3500,854.2150
25.3600,942.6400
25.3700,838.6900
25.3800,757.1775
25.3900,724.7975
25.4000,697.9900
25.4100,658.6850
25.4200,618.7150
25.4300,588.2275
25.4400,507.7350
25.4500,487.5600
25.4600,511.8825
25.4700,488.1375
25.4800,442.6125
25.4900,440.0000
25.5000,386.5950
25.5100,395.8875
25.5200,387.2575
25.5300,411.7350
25.5400,388.2875
25.5500,377.2825
25.5600,364.1650
25.5700,375.8250
25.5800,329.8625
25.5900,342.2550
25.6000,365.1375
25.6100,338.6550
25.6200,377.0925
25.6300,398.6425
25.6400,384.4775
25.6500,374.0275
25.6600,354.7400
25.6700,371.9125
25.6800,376.4275
25.6900,358.1200
25.7000,338.1350
25.7100,392.2100
25.7200,415.1650
25.7300,358.1375
25.7400,393.3450
25.7500,347.4625
25.7600,352.5500
25.7700,380.9625
25.7800,367.9975
25.7900,372.7950
25.8000,397.8275
25.8100,378.5850
25.8200,346.1000
25.8300,373.8725
25.8400,391.9225
25.8500,393.3325
25.8600,384.1950
25.8700,377.2475
25.8800,370.5850
25.8900,354.8100
25.9000,377.6175
25.9100,392.1300
25.9200,402.4225
25.9300,370.0325
25.9400,333.3950
25.9500,366.2650
25.9600,382.0775
25.9700,389.3675
25.9800,393.0150
25.9900,405.3800
26.0000,349.5000
26.0100,346.3400
26.0200,364.6875
26.0300,360.6650
26.0400,389.9825
26.0500,384.3475
26.0600,320.4825
26.0700,313.3325
26.0800,346.1950
26.0900,344.0300
26.1000,343.3325
26.1100,358.2300
26.1200,342.1375
26.1300,369.7425
26.1400,450.5950
26.1500,406.5600
26.1600,405.9325
26.1700,427.4125
26.1800,427.0400
26.1900,388.2100
26.2000,427.6675
26.2100,418.5675
26.2200,449.1200
26.2300,476.9150
26.2400,535.9550
26.2500,555.1025
26.2600,494.9350
26.2700,524.8475
26.2800,594.5550
26.2900,600.4025
26.3000,570.7100
26.3100,552.0350
26.3200,552.9225
26.3300,529.9650
26.3400,506.2375
26.3500,523.7425
26.3600,558.7100
26.3700,522.5900
26.3800,548.6500
26.3900,556.2375
26.4000,542.1550
26.4100,505.2050
26.4200,473.9275
26.4300,498.9425
26.4400,477.3075
26.4500,453.1100
26.4600,424.0225
26.4700,422.8825
26.4800,385.8800
26.4900,342.5825
26.5000,362.5475
26.5100,404.0150
26.5200,355.4650
26.5300,389.6800
26.5400,347.9625
26.5500,331.4125
26.5600,330.0000
26.5700,355.7125
26.5800,348.5825
26.5900,380.8850
26.6000,338.2350
26.6100,344.2325
26.6200,355.1975
26.6300,356.6675
26.6400,350.9900
26.6500,338.6575
26.6600,325.3350
26.6700,343.1450
26.6800,309.9075
26.6900,340.0575
26.7000,346.6675
26.7100,326.9300
26.7200,337.4175
26.7300,351.2575
26.7400,350.5225
26.7500,338.7650
26.7600,364.7300
26.7700,358.7850
26.7800,342.6625
26.7900,390.3675
26.8000,349.6800
26.8100,384.6850
26.8200,379.3825
26.8300,357.1550
26.8400,358.9025
26.8500,393.3850
26.8600,391.6625
26.8700,348.3475
26.8800,334.4525
26.8900,338.8775
26.9000,353.8450
26.9100,351.1350
26.9200,369.3450
26.9300,381.6150
26.9400,380.5750
26.9500,380.0000
26.9600,380.0000
26.9700,399.2500
26.9800,353.8800
26.9900,335.1000
27.0000,316.8800
27.0100,316.0725
27.0200,330.3500
27.0300,338.8025
27.0400,342.7325
27.0500,376.0775
27.0600,358.8000
27.0700,339.7175
27.0800,320.3425
27.0900,341.1275
27.1000,343.9525
27.1100,329.7700
27.1200,380.8650
27.1300,425.8200
27.1400,398.1750
27.1500,360.2800
27.1600,345.2350
27.1700,319.0650
27.1800,337.5775
27.1900,381.0100
27.2000,379.2450
27.2100,398.1525
27.2200,408.7000
27.2300,359.0700
27.2400,386.8325
27.2500,426.0925
27.2600,414.6250
27.2700,385.9725
27.2800,406.6700
27.2900,421.3275
27.3000,449.9500
27.3100,459.3250
27.3200,486.5625
27.3300,503.9475
27.3400,546.4325
27.3500,583.1500
27.3600,560.8975
27.3700,624.6925
27.3800,706.7000
27.3900,818.2875
27.4000,872.3175
27.4100,866.8375
27.4200,881.7400
27.4300,849.8900
27.4400,918.7275
27.4500,945.2425
27.4600,849.7700
27.4700,823.3325
27.4800,797.1975
27.4900,706.4550
27.5000,698.9825
27.5100,690.3050
27.5200,618.9950
27.5300,545.3975
27.5400,504.0250
27.5500,478.5025
27.5600,465.5575
27.5700,452.9750
27.5800,406.0275
27.5900,393.3325
27.6000,401.0775
27.6100,403.3325
27.6200,390.4525
27.6300,384.0925
27.6400,396.1875
27.6500,382.0250
27.6600,394.6225
27.6700,384.6250
27.6800,356.9600
27.6900,367.9000
27.7000,401.4325
27.7100,366.6200
27.7200,330.3900
27.7300,346.2525
27.7400,363.5075
27.7500,394.6175
27.7600,375.4100
27.7700,348.9175
27.7800,371.1975
27.7900,405.3025
27.8000,415.8600
27.8100,388.8925
27.8200,364.8650
27.8300,375.1175
27.8400,377.4825
27.8500,394.2675
27.8600,405.0225
27.8700,399.1400
27.8800,381.6300
27.8900,391.6875
27.9000,409.1700
27.9100,430.8200
27.9200,391.7475
27.9300,351.7375
27.9400,373.2150
27.9500,408.2075
27.9600,409.2125
27.9700,409.1475
27.9800,382.7275
27.9900,353.5200
28.0000,398.6200
28.0100,419.1375
28.0200,392.8450
28.0300,398.1300
28.0400,395.9425
28.0500,383.4900
28.0600,352.9625
28.0700,372.7950
28.0800,415.2175
28.0900,426.6675
28.1000,407.0900
28.1100,380.4450
28.1200,397.7525
28.1300,401.7875
28.1400,400.0000
28.1500,404.8675
28.1600,413.9600
28.1700,397.2400
28.1800,416.6825
28.1900,421.8200
28.2000,422.4200
28.2100,457.1800
28.2200,445.8500
28.2300,434.2550
28.2400,450.2000
28.2500,468.7025
28.2600,468.5250
28.2700,483.4775
28.2800,490.0000
28.2900,466.0375
28.3000,459.0600
28.3100,514.9900
28.3200,519.9500
28.3300,544.3450
28.3400,554.2850
28.3500,512.8725
28.3600,496.6675
28.3700,520.4150
28.3800,544.2325
28.3900,592.6475
28.4000,633.6675
28.4100,657.5175
28.4200,644.4425
28.4300,674.4050
28.4400,833.7125
28.4500,928.6325
28.4600,992.6950
28.4700,1116.6400
28.4800,1190.4875
28.4900,1233.7850
28.5000,1333.2400
28.5100,1444.7875
28.5200,1483.6700
28.5300,1666.2125
28.5400,1796.9025
28.5500,1822.3275
28.5600,1802.4200
28.5700,1770.1225
28.5800,1787.8200
28.5900,1864.8375
28.6000,1925.7150
28.6100,1990.8275
28.6200,2151.7900
28.6300,2284.7850
28.6400,2321.2700
28.6500,2406.1175
28.6600,2544.3950
28.6700,2530.3500
28.6800,2363.5525
28.6900,2231.3350
28.7000,2222.8625
28.7100,2153.4125
28.7200,2029.9975
28.7300,1798.6400
28.7400,1710.0000
28.7500,1641.8175
28.7600,1569.1400
28.7700,1579.4750
28.7800,1597.8625
28.7900,1627.1450
28.8000,1687.4450
28.8100,1856.6800
28.8200,1949.2050
28.8300,1993.7700
28.8400,2142.6650
28.8500,2345.9125
28.8600,2545.6825
28.8700,2775.7975
28.8800,2961.8450
28.8900,3064.7425
28.9000,3038.6525
28.9100,2930.8300
28.9200,2961.2675
28.9300,3136.8050
28.9400,3175.5625
28.9500,3226.5725
28.9600,3344.2225
28.9700,3388.8800
28.9800,3462.9625
28.9900,3427.1250
29.0000,3233.4000
29.0100,2974.8925
29.0200,2696.3100
29.0300,2424.1925
29.0400,2166.5200
29.0500,2060.2700
29.0600,2012.7775
29.0700,1912.4200
29.0800,1784.8175
29.0900,1711.6400
29.1000,1629.1225
29.1100,1606.3900
29.1200,1645.9350
29.1300,1717.6025
29.1400,1870.2475
29.1500,2200.8475
29.1600,2622.3250
29.1700,3149.1800
29.1800,3827.9525
29.1900,4631.8000
29.2000,5631.5525
29.2100,6895.7375
29.2200,8307.3475
29.2300,9859.8200
29.2400,11443.0650
29.2500,12910.0975
29.2600,14264.6250
29.2700,15559.1600
29.2800,16299.1025
29.2900,16171.5325
29.3000,15771.9775
29.3100,15112.4075
29.3200,14060.7950
29.3300,12986.3875
29.3400,11950.6100
29.3500,10791.6400
29.3600,9727.4750
29.3700,8750.7100
29.3800,7493.8025
29.3900,6127.4725
29.4000,5089.8500
29.4100,4260.7425
29.4200,3466.0450
29.4300,2744.8125
29.4400,2187.2875
29.4500,1835.6975
29.4600,1602.1475
29.4700,1388.1575
29.4800,1248.5125
29.4900,1144.8825
29.5000,1049.4725
29.5100,975.2875
29.5200,892.1450
29.5300,836.0300
29.5400,817.1500
29.5500,815.3925
29.5600,804.3325
29.5700,819.2475
29.5800,794.3800
29.5900,759.7625
29.6000,726.7500
29.6100,720.2100
29.6200,724.6275
29.6300,705.0025
29.6400,652.6525
29.6500,630.7300
29.6600,659.7075
29.6700,666.5375
29.6800,631.6725
29.6900,585.0425
29.7000,562.6300
29.7100,630.5375
29.7200,664.5900
29.7300,620.4875
29.7400,592.6525
29.7500,583.9850
29.7600,594.0150
29.7700,569.3450
29.7800,572.6225
29.7900,550.1200
29.8000,561.1675
29.8100,560.8150
29.8200,573.1225
29.8300,569.5350
29.8400,539.4700
29.8500,522.0875
29.8600,530.4925
29.8700,557.7525
29.8800,566.0600
29.8900,577.1050
29.9000,594.5250
29.9100,572.5350
29.9200,551.3750
29.9300,553.9125
29.9400,585.9750
29.9500,622.2750
29.9600,631.3850
29.9700,631.9450
29.9800,611.9600
29.9900,649.0600
30.0000,744.8000
30.0100,844.7200
30.0200,904.0575
30.0300,916.6675
30.0400,1003.3875
30.0500,1089.7600
30.0600,1145.1025
30.0700,1242.4200
30.0800,1314.4150
30.0900,1354.8775
30.1000,1396.2675
30.1100,1443.8675
30.1200,1499.0650
30.1300,1569.0075
30.1400,1633.7400
30.1500,1719.2925
30.1600,1783.7225
30.1700,1870.4700
30.1800,1926.6675
30.1900,1898.3600
30.2000,1914.3550
30.2100,2020.4825
30.2200,2108.1850
30.2300,2107.4825
30.2400,2110.6100
30.2500,2130.4075
30.2600,2094.0975
30.2700,2126.7675
30.2800,2204.6125
30.2900,2195.0400
30.3000,2117.9850
30.3100,2061.8275
30.3200,2061.1150
30.3300,1988.6150
30.3400,1873.4650
30.3500,1844.4000
30.3600,1919.6350
30.3700,1995.4025
30.3800,2070.2600
30.3900,2320.2050
30.4000,2631.3175
30.4100,3026.0800
30.4200,3488.8475
30.4300,3996.8925
30.4400,4657.1450
30.4500,5440.7850
30.4600,6294.0175
30.4700,6838.3225
30.4800,6979.9075
30.4900,7012.9300
30.5000,6772.2525
30.5100,6035.9775
30.5200,5336.0725
30.5300,5145.4075
30.5400,5089.2825
30.5500,4966.2700
30.5600,4828.7925
30.5700,4596.4275
30.5800,4185.1775
30.5900,3747.4900
30.6000,3413.1150
30.6100,3112.0200
30.6200,2820.9075
30.6300,2530.9300
30.6400,2312.0475
30.6500,2194.1250
30.6600,1989.4900
30.6700,1772.9700
30.6800,1655.5500
30.6900,1562.8225
30.7000,1432.2750
30.7100,1287.0550
30.7200,1200.3225
30.7300,1117.5525
30.7400,981.3825
30.7500,865.1025
30.7600,798.7675
30.7700,733.6175
30.7800,663.6725
30.7900,628.2725
30.8000,654.2600
30.8100,686.8875
30.8200,679.5800
30.8300,678.6825
30.8400,674.5750
30.8500,649.7325
30.8600,679.2975
30.8700,697.9025
30.8800,664.6700
30.8900,680.6100
30.9000,698.1150
30.9100,703.6200
30.9200,708.1525
30.9300,664.5575
30.9400,631.6450
30.9500,643.4775
30.9600,631.4375
30.9700,581.4775
30.9800,524.8100
30.9900,489.9850
31.0000,513.4100
31.0100,514.9700
31.0200,465.0075
31.0300,430.0200
31.0400,424.9825
31.0500,446.5825
31.0600,468.3000
31.0700,458.4575
31.0800,438.3825
31.0900,441.5700
31.1000,453.2900
31.1100,438.6025
31.1200,400.3250
31.1300,407.8275
31.1400,444.8375
31.1500,438.6500
31.1600,400.5275
31.1700,389.6775
31.1800,403.3325
31.1900,416.3025
31.2000,433.2375
31.2100,436.6675
31.2200,423.7625
31.2300,401.9475
31.2400,386.9025
31.2500,392.8400
31.2600,409.8725
31.2700,421.3325
31.2800,449.1650
31.2900,455.6500
31.3000,425.6725
31.3100,411.5900
31.3200,437.1325
31.3300,458.5825
31.3400,439.1025
31.3500,426.4900
31.3600,407.9350
31.3700,406.9350
31.3800,442.7575
31.3900,426.6750
31.4000,401.3625
31.4100,433.2350
31.4200,436.8100
31.4300,400.4375
31.4400,407.3275
31.4500,415.5725
31.4600,402.0175
31.4700,371.9150
31.4800,363.4100
31.4900,406.7075
31.5000,399.2200
31.5100,404.8150
31.5200,448.7325
31.5300,434.1475
31.5400,437.0900
31.5500,447.2300
31.5600,433.9075
31.5700,431.2275
31.5800,429.0775
31.5900,410.9075
31.6000,421.1775
31.6100,455.7275
31.6200,463.6525
31.6300,437.4300
31.6400,396.4825
31.6500,391.9950
31.6600,408.1625
31.6700,421.9525
31.6800,441.1400
31.6900,427.3100
31.7000,410.7650
31.7100,427.4175
31.7200,424.8200
31.7300,401.1300
31.7400,401.8050
31.7500,418.1400
31.7600,403.8250
31.7700,365.7200
31.7800,349.1950
31.7900,361.0550
31.8000,363.7475
31.8100,383.3175
31.8200,414.7875
31.8300,412.3100
31.8400,386.3750
31.8500,367.2350
31.8600,378.1100
31.8700,388.6500
31.8800,408.6325
31.8900,402.7650
31.9000,372.8325
31.9100,377.6425
31.9200,372.3850
31.9300,335.7225
31.9400,338.5375
31.9500,348.5800
31.9600,362.2625
31.9700,381.9175
31.9800,372.9375
31.9900,353.4625
32.0000,337.1850
32.0100,350.1900
32.0200,392.9625
32.0300,400.4075
32.0400,363.5550
32.0500,370.9125
32.0600,390.2600
32.0700,379.4450
32.0800,386.1050
32.0900,381.6975
32.1000,368.6200
32.1100,380.4525
32.1200,375.2350
32.1300,345.4925
32.1400,340.9975
32.1500,330.1725
32.1600,357.7500
32.1700,395.5975
32.1800,418.7750
32.1900,421.2375
32.2000,399.7850
32.2100,371.8875
32.2200,366.7475
32.2300,383.4025
32.2400,386.6125
32.2500,376.6675
32.2600,372.6500
32.2700,366.6675
32.2800,376.0050
32.2900,380.6800
32.3000,345.4075
32.3100,317.3125
32.3200,315.3925
32.3300,311.2575
32.3400,312.7875
32.3500,307.1925
32.3600,352.2200
32.3700,387.4950
32.3800,364.1800
32.3900,344.7800
32.4000,343.1800
32.4100,337.7350
32.4200,318.5225
32.4300,346.0875
32.4400,363.7450
32.4500,345.9125
32.4600,361.5825
32.4700,377.4325
32.4800,381.0225
32.4900,394.6125
32.5000,397.9425
32.5100,394.9050
32.5200,391.7525
32.5300,397.4625
32.5400,404.7275
32.5500,396.8025
32.5600,364.6800
32.5700,399.6900
32.5800,420.3875
32.5900,406.2400
32.6000,410.0025
32.6100,425.4200
32.6200,420.8425
32.6300,406.7250
32.6400,386.2800
32.6500,377.5250
32.6600,379.5075
32.6700,390.0000
32.6800,378.9350
32.6900,356.3200
32.7000,364.6925
32.7100,382.6700
32.7200,371.2200
32.7300,394.0150
32.7400,408.1475
32.7500,350.6175
32.7600,322.7100
32.7700,353.8375
32.7800,379.1675
32.7900,369.6075
32.8000,389.0625
32.8100,392.1375
32.8200,385.2275
32.8300,375.4750
32.8400,387.5900
32.8500,412.1475
32.8600,385.1600
32.8700,352.9825
32.8800,383.7325
32.8900,410.7675
32.9000,442.5300
32.9100,425.2575
32.9200,361.6600
32.9300,345.8225
32.9400,360.1525
32.9500,374.7825
32.9600,393.4700
32.9700,404.6175
32.9800,411.0300
32.9900,399.7725
33.0000,386.6675
33.0100,382.0900
33.0200,391.5950
33.0300,420.9725
33.0400,406.5925
33.0500,400.0000
33.0600,397.7375
33.0700,401.2325
33.0800,420.0450
33.0900,431.1600
33.1000,425.4325
33.1100,394.4300
33.1200,397.8075
33.1300,427.8000
33.1400,447.7850
33.1500,426.6775
33.1600,402.3175
33.1700,376.5900
33.1800,390.0675
33.1900,389.8350
33.2000,427.6150
33.2100,446.7225
33.2200,436.7300
33.2300,428.9125
33.2400,417.9900
33.2500,417.3100
33.2600,469.5225
33.2700,489.3350
33.2800,444.9625
33.2900,404.7600
33.3000,395.2200
33.3100,444.2600
33.3200,508.9350
33.3300,479.0725
33.3400,440.1150
33.3500,456.9300
33.3600,401.0525
33.3700,420.1500
33.3800,449.3275
33.3900,453.2050
33.4000,478.9300
33.4100,464.9775
33.4200,520.0000
33.4300,493.0750
33.4400,429.2025
33.4500,430.3050
33.4600,450.2500
33.4700,432.0550
33.4800,424.0525
33.4900,476.5950
33.5000,500.5600
33.5100,486.6675
33.5200,489.7050
33.5300,497.6775
33.5400,493.9550
33.5500,497.0800
33.5600,543.6825
33.5700,557.0000
33.5800,562.9625
33.5900,583.3875
33.6000,565.9525
33.6100,571.0950
33.6200,546.0525
33.6300,547.4925
33.6400,582.1700
33.6500,598.4375
33.6600,595.4550
33.6700,620.5625
33.6800,631.9425
33.6900,661.8575
33.7000,756.1900
33.7100,853.0525
33.7200,952.9300
33.7300,1176.6950
33.7400,1425.9475
33.7500,1734.4875
33.7600,2384.8825
33.7700,3185.9275
33.7800,3913.8200
33.7900,4725.5925
33.8000,5105.0225
33.8100,5394.5175
33.8200,5494.2100
33.8300,5487.0575
33.8400,5659.4750
33.8500,5808.0500
33.8600,5865.9450
33.8700,5598.4850
33.8800,4990.7450
33.8900,4395.9450
33.9000,4012.6500
33.9100,3646.2650
33.9200,3324.4775
33.9300,3122.2075
33.9400,2937.7475
33.9500,2702.4600
33.9600,2208.6975
33.9700,1717.1750
33.9800,1373.4625
33.9900,1177.0600
34.0000,943.9550
34.0100,834.6525
34.0200,849.5875
34.0300,851.1725
34.0400,905.6025
34.0500,901.2275
34.0600,907.5900
34.0700,862.4625
34.0800,848.6975
34.0900,803.6625
34.1000,775.3100
34.1100,790.5200
34.1200,760.7550
34.1300,764.4725
34.1400,802.6475
34.1500,789.3375
34.1600,703.3975
34.1700,706.5600
34.1800,682.4450
34.1900,695.2475
34.2000,774.1950
34.2100,771.6075
34.2200,734.1725
34.2300,755.8350
34.2400,774.8875
34.2500,830.0825
34.2600,809.8875
34.2700,835.0725
34.2800,813.4500
34.2900,795.7825
34.3000,793.5675
34.3100,757.6550
34.3200,734.3400
34.3300,716.6675
34.3400,724.7025
34.3500,746.7950
34.3600,722.2925
34.3700,678.2600
34.3800,700.7925
34.3900,762.2050
34.4000,781.5775
34.4100,777.2350
34.4200,758.4200
34.4300,786.5150
34.4400,753.3325
34.4500,749.4525
34.4600,745.1750
34.4700,779.5000
34.4800,790.0100
34.4900,751.3050
34.5000,740.2025
34.5100,780.0725
34.5200,839.7000
34.5300,840.1750
34.5400,803.6525
34.5500,798.5875
34.5600,813.6725
34.5700,829.4350
34.5800,911.8250
34.5900,875.1850
34.6000,846.6675
34.6100,858.4375
34.6200,901.4675
34.6300,901.5525
34.6400,877.5075
34.6500,842.8800
34.6600,782.4850
34.6700,733.2450
34.6800,683.0225
34.6900,635.4800
34.7000,637.6275
34.7100,606.7175
34.7200,570.7075
34.7300,579.6850
34.7400,597.7075
34.7500,571.0625
34.7600,530.4525
34.7700,437.8850
34.7800,375.6775
34.7900,416.9050
34.8000,439.8925
34.8100,430.7800
34.8200,445.9825
34.8300,431.7625
34.8400,387.3450
34.8500,383.9200
34.8600,362.0200
34.8700,365.9775
34.8800,355.3450
34.8900,372.6725
34.9000,357.3300
34.9100,364.6250
34.9200,385.3075
34.9300,394.6450
34.9400,388.8975
34.9500,349.1900
34.9600,380.4625
34.9700,402.2525
34.9800,368.7125
34.9900,373.5850
35.0000,409.0075
35.0100,375.3950
35.0200,375.7000
35.0300,400.6300
35.0400,402.7050
35.0500,389.9875
35.0600,349.7825
35.0700,365.8175
35.0800,387.1775
35.0900,430.2550
35.1000,411.7600
35.1100,385.1125
35.1200,365.7675
35.1300,379.0900
35.1400,391.2075
35.1500,394.8650
35.1600,386.6675
35.1700,381.8975
35.1800,362.3750
35.1900,375.6975
35.2000,385.4900
35.2100,375.3100
35.2200,352.7500
35.2300,349.4200
35.2400,344.9300
35.2500,333.2100
35.2600,322.9775
35.2700,351.6200
35.2800,342.7650
35.2900,336.0350
35.3000,320.6125
35.3100,342.2450
35.3200,357.2450
35.3300,371.6575
35.3400,351.0975
35.3500,381.0550
35.3600,409.5675
35.3700,355.5725
35.3800,353.2650
35.3900,370.5425
35.4000,372.7950
35.4100,378.0500
35.4200,418.3975
35.4300,404.6825
35.4400,374.5500
35.4500,365.4400
35.4600,385.0575
35.4700,416.4300
35.4800,343.3325
35.4900,346.9525
35.5000,364.0950
35.5100,347.4400
35.5200,334.3525
35.5300,341.5225
35.5400,354.0375
35.5500,374.1550
35.5600,367.9975
35.5700,417.8100
35.5800,442.3425
35.5900,439.1300
35.6000,450.3925
35.6100,438.6975
35.6200,477.7625
35.6300,521.4025
35.6400,513.3625
35.6500,533.8100
35.6600,531.4375
35.6700,501.8925
35.6800,519.9200
35.6900,567.4875
35.7000,603.5575
35.7100,539.1650
35.7200,525.7725
35.7300,604.2500
35.7400,616.3800
35.7500,663.0125
35.7600,711.4500
35.7700,766.0250
35.7800,799.8375
35.7900,913.7650
35.8000,967.5000
35.8100,1022.8075
35.8200,1065.0775
35.8300,1081.0050
35.8400,1099.2150
35.8500,1021.5200
35.8600,993.4925
35.8700,1029.3975
35.8800,949.4975
35.8900,896.6450
35.9000,869.1650
35.9100,844.9725
35.9200,872.1725
35.9300,819.5325
35.9400,831.0450
35.9500,754.9325
35.9600,667.1850
35.9700,640.6700
35.9800,591.5000
35.9900,553.7275
36.0000,559.0225
36.0100,575.8875
36.0200,566.1225
36.0300,546.2975
36.0400,622.2975
36.0500,635.8150
36.0600,609.7600
36.0700,669.0150
36.0800,741.4925
36.0900,742.2100
36.1000,656.2800
36.1100,686.2200
36.1200,734.1225
36.1300,708.2775
36.1400,670.6125
36.1500,692.6450
36.1600,598.0250
36.1700,554.0350
36.1800,559.3025
36.1900,549.1750
36.2000,511.6125
36.2100,494.2750
36.2200,473.3325
36.2300,474.0075
36.2400,477.6575
36.2500,454.6750
36.2600,434.6875
36.2700,414.3750
36.2800,391.7075
36.2900,373.1200
36.3000,340.9600
36.3100,350.6350
36.3200,361.3975
36.3300,400.4075
36.3400,342.7950
36.3500,370.6150
36.3600,377.5850
36.3700,387.5775
36.3800,394.5600
36.3900,371.2425
36.4000,348.8150
36.4100,340.1925
36.4200,374.3350
36.4300,351.7325
36.4400,370.5725
36.4500,374.3925
36.4600,350.5625
36.4700,358.6225
36.4800,376.9525
36.4900,344.9800
36.5000,360.6125
36.5100,330.8100
36.5200,343.2100
36.5300,380.7950
36.5400,386.0600
36.5500,340.7800
36.5600,355.4150
36.5700,417.1900
36.5800,382.5750
36.5900,375.8400
36.6000,408.6525
36.6100,430.6275
36.6200,395.6925
36.6300,383.3325
36.6400,388.3500
36.6500,453.5700
36.6600,453.6225
36.6700,412.6375
36.6800,403.7925
36.6900,409.5450
36.7000,402.2100
36.7100,388.4450
36.7200,409.1575
36.7300,353.0450
36.7400,397.3125
36.7500,403.4750
36.7600,358.9800
36.7700,394.1650
36.7800,403.5825
36.7900,356.4625
36.8000,354.5375
36.8100,370.3550
36.8200,324.5100
36.8300,345.0775
36.8400,375.8225
36.8500,417.8000
36.8600,435.1725
36.8700,407.4200
36.8800,363.5150
36.8900,368.4625
36.9000,398.7600
36.9100,376.6675
36.9200,375.6325
36.9300,355.9850
36.9400,345.8500
36.9500,391.1825
36.9600,349.0225
36.9700,332.0900
36.9800,374.2850
36.9900,391.3050
37.0000,351.6900
37.0100,385.9100
37.0200,370.0000
37.0300,370.5875
37.0400,383.0450
37.0500,376.8075
37.0600,380.1400
37.0700,383.4700
37.0800,385.9925
37.0900,370.7950
37.1000,388.6975
37.1100,356.5400
37.1200,353.7100
37.1300,363.2100
37.1400,361.8125
37.1500,410.1175
37.1600,412.5200
37.1700,390.4550
37.1800,402.8875
37.1900,391.4200
37.2000,432.6925
37.2100,414.1700
37.2200,440.3075
37.2300,449.5000
37.2400,432.7475
37.2500,413.5225
37.2600,420.5575
37.2700,440.2725
37.2800,449.0300
37.2900,412.6475
37.3000,388.0875
37.3100,445.2825
37.3200,523.6500
37.3300,535.7475
37.3400,497.5575
37.3500,536.6675
37.3600,536.3875
37.3700,524.8800
37.3800,600.7800
37.3900,641.8150
37.4000,736.8475
37.4100,746.9575
37.4200,764.5025
37.4300,834.5600
37.4400,910.3050
37.4500,931.3625
37.4600,1024.0750
37.4700,1076.9750
37.4800,1100.9600
37.4900,1177.9675
37.5000,1287.0750
37.5100,1324.7275
37.5200,1458.2600
37.5300,1621.1475
37.5400,1747.0025
37.5500,1787.8450
37.5600,1941.0950
37.5700,2096.9175
37.5800,2137.2825
37.5900,2246.2075
37.6000,2153.0950
37.6100,2096.3850
37.6200,2016.3925
37.6300,1919.6125
37.6400,1739.9325
37.6500,1693.2575
37.6600,1593.3350
37.6700,1623.3150
37.6800,1686.5850
37.6900,1680.0125
37.7000,1666.7025
37.7100,1610.1900
37.7200,1610.0000
37.7300,1523.7450
37.7400,1450.3975
37.7500,1443.3750
37.7600,1506.2350
37.7700,1480.2000
37.7800,1413.8775
37.7900,1502.5350
37.8000,1572.6650
37.8100,1579.9325
37.8200,1553.6250
37.8300,1747.7175
37.8400,2010.0975
37.8500,2115.3250
37.8600,2399.4175
37.8700,2574.1800
37.8800,2767.0950
37.8900,2789.6850
37.9000,2753.9350
37.9100,2576.4075
37.9200,2425.9975
37.9300,2370.9825
37.9400,2160.7475
37.9500,1924.6875
37.9600,1884.0850
37.9700,1873.5450
37.9800,1808.1225
37.9900,1748.0175
38.0000,1665.2675
38.0100,1546.2000
38.0200,1416.5275
38.0300,1140.4050
38.0400,1084.6300
38.0500,995.7275
38.0600,886.3350
38.0700,802.3300
38.0800,757.9075
38.0900,688.7200
38.1000,699.6000
38.1100,580.4525
38.1200,599.2675
38.1300,612.9050
38.1400,603.6600
38.1500,577.5575
38.1600,541.2500
38.1700,591.4800
38.1800,667.2850
38.1900,666.7875
38.2000,673.0875
38.2100,766.3800
38.2200,837.3300
38.2300,971.3625
38.2400,1088.7275
38.2500,1246.9100
38.2600,1349.2500
38.2700,1471.5475
38.2800,1604.3775
38.2900,1865.2400
38.3000,2071.1500
38.3100,2293.4650
38.3200,2487.9925
38.3300,2566.6600
38.3400,2353.8075
38.3500,2206.7200
38.3600,1984.1125
38.3700,1725.8700
38.3800,1599.2000
38.3900,1552.1475
38.4000,1524.6725
38.4100,1513.8425
38.4200,1573.4000
38.4300,1570.3475
38.4400,1418.4650
38.4500,1305.8950
38.4600,1120.3075
38.4700,943.0350
38.4800,816.8550
38.4900,687.3125
38.5000,657.9950
38.5100,596.9800
38.5200,618.4475
38.5300,601.1775
38.5400,546.7100
38.5500,518.2725
38.5600,472.8425
38.5700,466.8725
38.5800,451.0375
38.5900,428.1350
38.6000,429.7875
38.6100,476.7875
38.6200,483.1175
38.6300,470.8750
38.6400,516.6875
38.6500,495.1175
38.6600,418.7375
38.6700,369.8500
38.6800,369.7700
38.6900,416.5225
38.7000,460.2900
38.7100,416.8775
38.7200,453.5675
38.7300,435.0175
38.7400,427.1525
38.7500,423.5775
38.7600,420.2475
38.7700,478.5925
38.7800,443.2725
38.7900,406.1250
38.8000,421.7975
38.8100,383.3575
38.8200,389.2175
38.8300,457.5550
38.8400,463.3325
38.8500,475.5975
38.8600,491.9875
38.8700,597.4375
38.8800,661.7425
38.8900,645.2650
38.9000,716.6625
38.9100,805.7675
38.9200,819.4350
38.9300,759.0250
38.9400,698.4950
38.9500,739.0000
38.9600,679.4475
38.9700,691.5725
38.9800,675.1050
38.9900,633.8700
39.0000,605.7325
39.0100,618.4900
39.0200,635.1450
39.0300,591.2625
39.0400,577.5925
39.0500,588.7575
39.0600,559.7950
39.0700,559.6850
39.0800,575.0800
39.0900,513.3725
39.1000,509.6775
39.1100,543.1050
39.1200,507.5700
39.1300,500.3275
39.1400,496.9975
39.1500,502.6675
39.1600,572.3050
39.1700,577.0025
39.1800,558.7000
39.1900,604.5425
39.2000,604.0200
39.2100,627.2375
39.2200,773.3200
39.2300,900.3950
39.2400,919.2975
39.2500,1009.3800
39.2600,1073.5900
39.2700,1172.2275
39.2800,1129.8200
39.2900,1081.7425
39.3000,1046.9800
39.3100,981.0375
39.3200,893.2975
39.3300,886.2950
39.3400,874.8275
39.3500,846.7125
39.3600,843.3325
39.3700,819.7050
39.3800,784.2000
39.3900,750.5075
39.4000,740.7725
39.4100,707.6050
39.4200,626.8175
39.4300,604.9025
39.4400,706.1850
39.4500,675.9525
39.4600,631.8525
39.4700,708.7700
39.4800,802.0425
39.4900,880.6775
39.5000,974.8500
39.5100,1185.4775
39.5200,1376.9425
39.5300,1540.1325
39.5400,1790.4675
39.5500,1995.3300
39.5600,2186.0450
39.5700,2437.0550
39.5800,2609.6225
39.5900,2679.4150
39.6000,2567.5775
39.6100,2442.6075
39.6200,2264.2475
39.6300,1961.7700
39.6400,1731.7525
39.6500,1636.7725
39.6600,1545.6950
39.6700,1484.2075
39.6800,1473.7800
39.6900,1565.6700
39.7000,1490.6125
39.7100,1419.0400
39.7200,1217.0925
39.7300,962.2500
39.7400,874.9175
39.7500,768.9875
39.7600,678.6925
39.7700,632.2425
39.7800,580.8000
39.7900,510.3150
39.8000,488.5500
39.8100,452.3425
39.8200,458.1000
39.8300,445.7200
39.8400,440.4800
39.8500,448.5550
39.8600,393.0025
39.8700,366.2475
39.8800,394.6350
39.8900,414.2175
39.9000,410.9825
39.9100,415.6800
39.9200,376.9450
39.9300,404.0225
39.9400,395.8350
39.9500,384.8400
39.9600,405.9650
39.9700,398.6925
39.9800,388.1925
39.9900,355.6175
40.0000,358.4625
40.0100,393.8225
40.0200,369.0175
40.0300,360.5200
40.0400,396.5600
40.0500,442.6775
40.0600,421.9175
40.0700,321.2575
40.0800,300.5300
40.0900,350.4350
40.1000,360.0000
40.1100,362.7975
40.1200,399.6775
40.1300,401.0800
40.1400,369.2925
40.1500,382.8600
40.1600,336.4900
40.1700,321.0950
40.1800,384.0175
40.1900,402.2300
40.2000,417.2300
40.2100,378.3425
40.2200,361.6750
40.2300,365.5450
40.2400,361.1250
40.2500,365.5375
40.2600,352.8325
40.2700,355.5300
40.2800,387.0575
40.2900,429.2250
40.3000,403.5625
40.3100,426.9900
40.3200,469.1450
40.3300,438.1300
40.3400,399.7425
40.3500,393.3325
40.3600,409.8125
40.3700,454.5000
40.3800,438.6525
40.3900,430.5925
40.4000,465.5975
40.4100,448.7075
40.4200,459.7400
40.4300,449.6725
40.4400,441.2050
40.4500,445.4575
40.4600,419.4050
40.4700,402.4375
40.4800,424.5000
40.4900,432.7200
40.5000,438.7700
40.5100,478.0250
40.5200,481.2375
40.5300,498.9850
40.5400,525.0125
40.5500,532.7075
40.5600,573.9225
40.5700,586.0375
40.5800,648.8100
40.5900,620.1350
40.6000,658.5625
40.6100,745.4850
40.6200,825.2925
40.6300,1009.5850
40.6400,1157.5925
40.6500,1347.2900
40.6600,1639.1325
40.6700,1898.6025
40.6800,2075.3925
40.6900,2430.9225
40.7000,2847.4025
40.7100,3133.3600
40.7200,3469.4275
40.7300,3745.7275
40.7400,3791.3275
40.7500,3792.6675
40.7600,3620.0575
40.7700,3243.6925
40.7800,2947.0550
40.7900,2733.7450
40.8000,2395.6575
40.8100,2192.5200
40.8200,2210.4225
40.8300,2281.6750
40.8400,2251.6200
40.8500,2298.2525
40.8600,2157.2250
40.8700,1897.2225
40.8800,1581.0925
40.8900,1328.5375
40.9000,1121.7225
40.9100,929.7500
40.9200,824.1500
40.9300,738.2350
40.9400,662.1400
40.9500,630.8975
40.9600,579.3975
40.9700,558.7950
40.9800,525.2000
40.9900,514.0475
41.0000,497.6250
41.0100,454.0900
41.0200,445.9475
41.0300,446.6675
41.0400,454.4975
41.0500,448.8425
41.0600,436.2400
41.0700,425.5200
41.0800,428.5375
41.0900,435.2000
41.1000,454.8575
41.1100,449.6125
41.1200,392.1775
41.1300,381.8525
41.1400,388.5150
41.1500,377.0550
41.1600,381.0950
41.1700,352.3150
41.1800,400.1575
41.1900,411.5050
41.2000,402.2625
41.2100,405.1550
41.2200,432.4175
41.2300,401.4025
41.2400,390.0000
41.2500,361.7375
41.2600,361.0350
41.2700,371.0300
41.2800,368.2075
41.2900,376.9125
41.3000,400.4775
41.3100,396.4350
41.3200,362.6650
41.3300,343.1175
41.3400,340.0000
41.3500,383.3500
41.3600,422.1475
41.3700,412.1775
41.3800,429.5650
41.3900,413.7850
41.4000,414.2875
41.4100,434.4350
41.4200,427.3175
41.4300,438.5400
41.4400,445.8650
41.4500,380.8675
41.4600,372.6450
41.4700,391.8275
41.4800,384.0425
41.4900,395.1375
41.5000,402.5200
41.5100,368.0625
41.5200,384.3575
41.5300,428.5500
41.5400,392.2425
41.5500,376.6675
41.5600,396.7450
41.5700,403.3325
41.5800,423.3800
41.5900,437.5125
41.6000,407.4725
41.6100,424.1700
41.6200,390.8600
41.6300,409.1200
41.6400,390.0650
41.6500,387.4775
41.6600,377.5450
41.6700,355.9100
41.6800,372.3825
41.6900,399.8800
41.7000,453.8475
41.7100,470.0000
41.7200,477.4375
41.7300,460.1800
41.7400,445.9075
41.7500,468.0725
41.7600,476.6675
41.7700,456.9075
41.7800,487.0225
41.7900,529.5950
41.8000,517.8200
41.8100,556.7875
41.8200,647.1525
41.8300,720.0500
41.8400,812.8300
41.8500,906.2875
41.8600,1057.5650
41.8700,1301.8900
41.8800,1537.4475
41.8900,1684.7800
41.9000,1958.7925
41.9100,2212.8500
41.9200,2363.6875
41.9300,2540.6350
41.9400,2637.2225
41.9500,2516.8950
41.9600,2342.5050
41.9700,2216.3875
41.9800,2130.7575
41.9900,1961.8300
42.0000,1884.8225
42.0100,1752.9775
42.0200,1665.4675
42.0300,1645.1575
42.0400,1672.3700
42.0500,1712.3475
42.0600,1583.2025
42.0700,1459.9875
42.0800,1288.5900
42.0900,1064.5950
42.1000,966.2775
42.1100,900.3825
42.1200,788.6100
42.1300,669.2225
42.1400,559.8225
42.1500,558.7950
42.1600,543.6250
42.1700,509.3750
42.1800,468.8775
42.1900,451.8825
42.2000,445.2200
42.2100,417.0600
42.2200,444.8550
42.2300,469.5400
42.2400,411.3725
42.2500,396.1925
42.2600,428.5525
42.2700,430.4900
42.2800,438.5450
42.2900,438.5850
42.3000,429.5500
42.3100,457.4825
42.3200,455.7875
42.3300,440.5325
42.3400,455.5850
42.3500,456.2450
42.3600,486.3925
42.3700,500.0000
42.3800,459.9200
42.3900,429.1975
42.4000,458.6450
42.4100,485.0950
42.4200,487.6500
42.4300,474.9225
42.4400,502.8575
42.4500,547.1525
42.4600,585.7775
42.4700,577.9350
42.4800,572.3400
42.4900,552.2925
42.5000,592.3925
42.5100,648.3500
42.5200,637.6750
42.5300,628.9975
42.5400,613.6975
42.5500,615.9750
42.5600,599.0700
42.5700,569.0875
42.5800,525.1725
42.5900,498.4000
42.6000,511.8800
42.6100,547.8000
42.6200,546.1100
42.6300,512.2450
42.6400,479.2000
42.6500,437.6675
42.6600,446.4100
42.6700,445.1375
42.6800,437.6950
42.6900,436.6675
42.7000,436.6675
42.7100,434.3675
42.7200,412.6600
42.7300,396.4475
42.7400,407.0950
42.7500,413.3325
42.7600,395.0125
42.7700,386.6675
42.7800,386.6675
42.7900,361.5325
42.8000,345.4350
42.8100,338.7700
42.8200,343.5050
42.8300,351.2225
42.8400,364.7150
42.8500,399.5675
42.8600,436.0600
42.8700,383.0825
42.8800,344.2575
42.8900,360.4075
42.9000,354.1400
42.9100,371.5700
42.9200,383.3325
42.9300,396.8950
42.9400,423.6625
42.9500,494.2725
42.9600,512.0575
42.9700,511.1725
42.9800,486.3125
42.9900,441.8325
43.0000,424.4175
43.0100,427.8275
43.0200,432.2450
43.0300,424.3600
43.0400,415.5175
43.0500,406.6150
43.0600,430.1900
43.0700,420.9700
43.0800,376.4800
43.0900,382.3300
43.1000,391.1025
43.1100,392.2300
43.1200,386.6500
43.1300,394.4625
43.1400,391.1025
43.1500,375.5525
43.1600,403.3150
43.1700,428.8775
43.1800,384.5475
43.1900,317.9000
43.2000,309.9525
43.2100,358.7025
43.2200,386.6325
43.2300,383.3725
43.2400,402.0725
43.2500,406.7175
43.2600,379.0900
43.2700,349.0475
43.2800,348.8025
43.2900,370.9250
43.3000,397.5775
43.3100,408.8625
43.3200,414.3875
43.3300,383.7850
43.3400,357.9050
43.3500,388.3550
43.3600,382.6075
43.3700,389.6700
43.3800,419.6550
43.3900,460.5500
43.4000,437.4175
43.4100,397.0575
43.4200,401.9075
43.4300,420.8775
43.4400,433.1875
43.4500,449.7000
43.4600,424.1100
43.4700,428.3550
43.4800,468.1725
43.4900,453.0175
43.5000,447.4850
43.5100,479.2800
43.5200,491.1725
43.5300,507.2700
43.5400,523.1375
43.5500,584.8675
43.5600,633.8975
43.5700,658.4000
43.5800,701.0775
43.5900,756.5325
43.6000,832.4975
43.6100,972.7625
43.6200,1110.5200
43.6300,1164.0450
43.6400,1174.2825
43.6500,1191.6400
43.6600,1208.5500
43.6700,1189.8400
43.6800,1161.7275
43.6900,1129.8750
43.7000,1067.6550
43.7100,1067.6825
43.7200,1081.2050
43.7300,1082.1250
43.7400,1051.4675
43.7500,993.0000
43.7600,946.6675
43.7700,977.8450
43.7800,1028.7500
43.7900,988.3075
43.8000,948.2075
43.8100,894.7325
43.8200,803.3225
43.8300,739.2375
43.8400,725.4425
43.8500,716.1325
43.8600,686.8450
43.8700,652.2975
43.8800,646.3050
43.8900,671.0025
43.9000,656.0500
43.9100,635.8050
43.9200,660.5750
43.9300,708.0750
43.9400,793.6200
43.9500,896.0525
43.9600,920.8000
43.9700,909.1575
43.9800,1015.1325
43.9900,1148.7825
44.0000,1229.5725
44.0100,1303.2800
44.0200,1314.6175
44.0300,1324.1125
44.0400,1351.2025
44.0500,1343.4025
44.0600,1271.1375
44.0700,1177.4000
44.0800,1139.1925
44.0900,1107.7075
44.1000,1069.3300
44.1100,1075.2550
44.1200,1035.0725
44.1300,945.5925
44.1400,887.3325
44.1500,889.8050
44.1600,871.1950
44.1700,880.0600
44.1800,900.7750
44.1900,876.6475
44.2000,837.4375
44.2100,866.3775
44.2200,901.5250
44.2300,880.0600
44.2400,812.2075
44.2500,775.9125
44.2600,783.5425
44.2700,775.7175
44.2800,715.6975
44.2900,646.6625
44.3000,641.6550
44.3100,616.7175
44.3200,605.5300
44.3300,617.3950
44.3400,617.9700
44.3500,612.6100
44.3600,565.4175
44.3700,544.7675
44.3800,566.1875
44.3900,564.5350
44.4000,522.3200
44.4100,477.7925
44.4200,473.4200
44.4300,445.7325
44.4400,435.4175
44.4500,481.5750
44.4600,488.5650
44.4700,460.5900
44.4800,429.9175
44.4900,402.6200
44.5000,377.2925
44.5100,360.6550
44.5200,354.6650
44.5300,375.3400
44.5400,409.9900
44.5500,379.3875
44.5600,338.0250
44.5700,331.9950
44.5800,359.2425
44.5900,364.7175
44.6000,352.6875
44.6100,363.9200
44.6200,367.3725
44.6300,329.5800
44.6400,338.4100
44.6500,373.8775
44.6600,361.5425
44.6700,358.5450
44.6800,354.7975
44.6900,354.5725
44.7000,375.8000
44.7100,370.8775
44.7200,354.0825
44.7300,363.7950
44.7400,387.1175
44.7500,422.2475
44.7600,422.3050
44.7700,431.6125
44.7800,444.7025
44.7900,488.4550
44.8000,561.1650
44.8100,623.3000
44.8200,646.6675
44.8300,687.7400
44.8400,820.2500
44.8500,836.6975
44.8600,763.4925
44.8700,673.7000
44.8800,616.9250
44.8900,551.5875
44.9000,492.4900
44.9100,522.7725
44.9200,566.9325
44.9300,570.8425
44.9400,547.2675
44.9500,550.7775
44.9600,538.1525
44.9700,514.1925
44.9800,508.0650
44.9900,471.8800
45.0000,465.9775
45.0100,433.6875
45.0200,369.1475
45.0300,335.1050
45.0400,330.5175
45.0500,341.0300
45.0600,400.4975
45.0700,391.9725
45.0800,362.4250
45.0900,364.7475
45.1000,371.0000
45.1100,382.4125
45.1200,369.4400
45.1300,352.8425
45.1400,359.5550
45.1500,370.4850
45.1600,359.9750
45.1700,350.0000
45.1800,359.5275
45.1900,368.5700
45.2000,390.9275
45.2100,400.9625
45.2200,385.2675
45.2300,353.8875
45.2400,346.1525
45.2500,360.9150
45.2600,368.5600
45.2700,396.4975
45.2800,407.2100
45.2900,409.4500
45.3000,429.8875
45.3100,466.4200
45.3200,482.8950
45.3300,434.7750
45.3400,384.9350
45.3500,390.2675
45.3600,405.2125
45.3700,397.2725
45.3800,410.6525
45.3900,406.0300
45.4000,384.3750
45.4100,421.2125
45.4200,432.7425
45.4300,424.1475
45.4400,448.6925
45.4500,439.0525
45.4600,418.1325
45.4700,412.9375
45.4800,406.2725
45.4900,405.1950
45.5000,388.0575
45.5100,354.7375
45.5200,360.4400
45.5300,391.5225
45.5400,394.0550
45.5500,368.1250
45.5600,364.4500
45.5700,391.8475
45.5800,399.2675
45.5900,389.6350
45.6000,412.5300
45.6100,438.8725
45.6200,454.4000
45.6300,446.7450
45.6400,442.5425
45.6500,473.9275
45.6600,537.4750
45.6700,589.8750
45.6800,572.1125
45.6900,530.1500
45.7000,505.6625
45.7100,522.3225
45.7200,519.5275
45.7300,531.1075
45.7400,565.8100
45.7500,580.6425
45.7600,606.7525
45.7700,616.0350
45.7800,586.2975
45.7900,586.7075
45.8000,637.9250
45.8100,621.1850
45.8200,576.0625
45.8300,577.2675
45.8400,592.4100
45.8500,600.0000
45.8600,618.1275
45.8700,626.0875
45.8800,603.7100
45.8900,626.1750
45.9000,683.7800
45.9100,654.2875
45.9200,593.7550
45.9300,578.1975
45.9400,538.8175
45.9500,522.8750
45.9600,516.8700
45.9700,458.6375
45.9800,446.6950
45.9900,484.6250
46.0000,480.2600
46.0100,443.6075
46.0200,423.0825
46.0300,412.8375
46.0400,417.4025
46.0500,423.0900
46.0600,430.7200
46.0700,411.4300
46.0800,365.2550
46.0900,368.0625
46.1000,411.6100
46.1100,395.9425
46.1200,365.1125
46.1300,359.5550
46.1400,353.3325
46.1500,363.9850
46.1600,359.1400
46.1700,360.8500
46.1800,348.5300
46.1900,324.8975
46.2000,341.0250
46.2100,370.8100
46.2200,363.9000
46.2300,350.1975
46.2400,340.9850
46.2500,351.1550
46.2600,375.2850
46.2700,358.8750
46.2800,343.5175
46.2900,330.8450
46.3000,335.9900
46.3100,341.0450
46.3200,356.3125
46.3300,388.7650
46.3400,375.6475
46.3500,379.4225
46.3600,387.7550
46.3700,409.8775
46.3800,464.4550
46.3900,493.6500
46.4000,480.8125
46.4100,487.7375
46.4200,513.4825
46.4300,523.6300
46.4400,531.7400
46.4500,538.5475
46.4600,536.3850
46.4700,526.5275
46.4800,561.4925
46.4900,555.0650
46.5000,518.4000
46.5100,551.1575
46.5200,545.4050
46.5300,537.5325
46.5400,546.1825
46.5500,550.5950
46.5600,570.1175
46.5700,561.2675
46.5800,546.5550
46.5900,508.9075
46.6000,474.9475
46.6100,476.7725
46.6200,455.9500
46.6300,435.0500
46.6400,438.3825
46.6500,426.2875
46.6600,415.0475
46.6700,411.5300
46.6800,391.2700
46.6900,374.9575
46.7000,376.7500
46.7100,398.7775
46.7200,391.0775
46.7300,346.2100
46.7400,347.1100
46.7500,390.5000
46.7600,415.0350
46.7700,399.6650
46.7800,381.6350
46.7900,376.6050
46.8000,371.6375
46.8100,363.2175
46.8200,351.5825
46.8300,355.1325
46.8400,378.5625
46.8500,381.4975
46.8600,370.0000
46.8700,358.1800
46.8800,351.7300
46.8900,363.4125
46.9000,361.5750
46.9100,351.6500
46.9200,355.0475
46.9300,376.8175
46.9400,369.8050
46.9500,336.5900
46.9600,319.9525
46.9700,320.0425
46.9800,319.9625
46.9900,320.0325
47.0000,331.6875
47.0100,355.0675
47.0200,359.9600
47.0300,348.3375
47.0400,355.0075
47.0500,363.3375
47.0600,381.6700
47.0700,390.0025
47.0800,394.9875
47.0900,416.6500
47.1000,444.9550
47.1100,498.2250
47.1200,530.0125
47.1300,544.9200
47.1400,601.4725
47.1500,621.7725
47.1600,585.1175
47.1700,596.4550
47.1800,672.9750
47.1900,691.9025
47.2000,658.3775
47.2100,635.1775
47.2200,619.9650
47.2300,608.4975
47.2400,575.2125
47.2500,520.4500
47.2600,519.5275
47.2700,563.2425
47.2800,537.1400
47.2900,508.2600
47.3000,503.4875
47.3100,499.8925
47.3200,521.4150
47.3300,500.6400
47.3400,456.7875
47.3500,454.9075
47.3600,438.7525
47.3700,421.5675
47.3800,403.8150
47.3900,404.4675
47.4000,402.2875
47.4100,353.7850
47.4200,336.5900
47.4300,346.5075
47.4400,350.0825
47.4500,356.4150
47.4600,366.6675
47.4700,363.4200
47.4800,348.6475
47.4900,330.1825
47.5000,329.8125
47.5100,349.6150
47.5200,356.8625
47.5300,350.0000
47.5400,337.0750
47.5500,342.7075
47.5600,364.9475
47.5700,368.2800
47.5800,379.6675
47.5900,406.1050
47.6000,432.9900
47.6100,417.6000
47.6200,367.4975
47.6300,380.2775
47.6400,421.6050
47.6500,407.2900
47.6600,409.2400
47.6700,417.1825
47.6800,406.5350
47.6900,422.8025
47.7000,439.8650
47.7100,420.9575
47.7200,382.2925
47.7300,381.0325
47.7400,374.3350
47.7500,356.3775
47.7600,368.1125
47.7700,379.7025
47.7800,396.2150
47.7900,409.8475
47.8000,381.5475
47.8100,346.6675
47.8200,359.3650
47.8300,366.9875
47.8400,318.7825
47.8500,298.6825
47.8600,353.5825
47.8700,373.8400
47.8800,352.2650
47.8900,360.5450
47.9000,369.1175
47.9100,348.5975
47.9200,352.7975
47.9300,355.4500
47.9400,340.3650
47.9500,338.0575
47.9600,359.0700
47.9700,370.3750
47.9800,369.6200
47.9900,354.6775
48.0000,342.5575
48.0100,348.8225
48.0200,344.7025
48.0300,340.6000
48.0400,351.9225
48.0500,367.2775
48.0600,348.8475
48.0700,329.0575
48.0800,327.6025
48.0900,364.9800
48.1000,393.3325
48.1100,408.9250
48.1200,425.1075
48.1300,423.3325
48.1400,438.8975
48.1500,444.2225
48.1600,431.5550
48.1700,456.6375
48.1800,481.7800
48.1900,487.7600
48.2000,493.5650
48.2100,480.7000
48.2200,466.9025
48.2300,474.1700
48.2400,497.4975
48.2500,502.2675
48.2600,493.3325
48.2700,504.1450
48.2800,508.9500
48.2900,532.3950
48.3000,586.9575
48.3100,605.1250
48.3200,618.7325
48.3300,656.6725
48.3400,693.8425
48.3500,711.5375
48.3600,747.1300
48.3700,794.3425
48.3800,801.8000
48.3900,800.0000
48.4000,766.2825
48.4100,689.9050
48.4200,629.8275
48.4300,596.2300
48.4400,570.8250
48.4500,560.0000
48.4600,544.7275
48.4700,578.5650
48.4800,612.5400
48.4900,584.5750
48.5000,588.4750
48.5100,582.0975
48.5200,566.0125
48.5300,527.4750
48.5400,478.4225
48.5500,452.1075
48.5600,464.8900
48.5700,445.6900
48.5800,390.6000
48.5900,406.0725
48.6000,412.1225
48.6100,371.5250
48.6200,362.4125
48.6300,353.6725
48.6400,352.6750
48.6500,375.4675
48.6600,371.5100
48.6700,361.2600
48.6800,355.7150
48.6900,377.2175
48.7000,367.4025
48.7100,344.5175
48.7200,343.9800
48.7300,332.1550
48.7400,341.6975
48.7500,358.4975
48.7600,358.1675
48.7700,363.0000
48.7800,360.6675
48.7900,348.8375
48.8000,335.8425
48.8100,332.6550
48.8200,368.4300
48.8300,395.8550
48.8400,394.1400
48.8500,391.3825
48.8600,412.5000
48.8700,473.0800
48.8800,506.7550
48.8900,548.6725
48.9000,593.4075
48.9100,584.6875
48.9200,538.4525
48.9300,528.9250
48.9400,569.7300
48.9500,606.6675
48.9600,579.9400
48.9700,543.6975
48.9800,542.9675
48.9900,561.4900
49.0000,560.7400
49.0100,536.6675
49.0200,526.3075
49.0300,532.5625
49.0400,537.4475
49.0500,522.2000
49.0600,536.2875
49.0700,542.9525
49.0800,549.6175
49.0900,554.8075
49.1000,559.6150
49.1100,572.1700
49.1200,567.1400
49.1300,586.3925
49.1400,616.0800
49.1500,612.0450
49.1600,642.9375
49.1700,623.1775
49.1800,593.3325
49.1900,594.8000
49.2000,567.3500
49.2100,519.7450
49.2200,492.0250
49.2300,483.5775
49.2400,514.2200
49.2500,535.2050
49.2600,543.5625
49.2700,580.0325
49.2800,602.7025
49.2900,559.7800
49.3000,518.1250
49.3100,547.6900
49.3200,602.2700
49.3300,625.2100
49.3400,608.7825
49.3500,574.0025
49.3600,546.0650
49.3700,522.1375
49.3800,481.5525
49.3900,435.9175
49.4000,437.9925
49.4100,472.9000
49.4200,463.6250
49.4300,472.7375
49.4400,500.8775
49.4500,474.5250
49.4600,432.6475
49.4700,431.6800
49.4800,446.9975
49.4900,444.4400
49.5000,471.9925
49.5100,491.9875
49.5200,500.4500
49.5300,456.3200
49.5400,407.6550
49.5500,424.8500
49.5600,411.2250
49.5700,371.8950
49.5800,380.0600
49.5900,380.4050
49.6000,356.1550
49.6100,353.8425
49.6200,367.6375
49.6300,374.7675
49.6400,373.8000
49.6500,380.0250
49.6600,387.6075
49.6700,369.9850
49.6800,349.5150
49.6900,348.5775
49.7000,344.2850
49.7100,350.4650
49.7200,360.9750
49.7300,315.2550
49.7400,321.3875
49.7500,347.1500
49.7600,340.4850
49.7700,338.0900
49.7800,335.7300
49.7900,312.9300
49.8000,301.3750
49.8100,323.7725
49.8200,310.6075
49.8300,308.3925
49.8400,367.9500
49.8500,371.1375
49.8600,342.3375
49.8700,348.5825
49.8800,332.5050
49.8900,333.1500
49.9000,355.7550
49.9100,331.6150
49.9200,302.4250
49.9300,298.0800
49.9400,318.3575
49.9500,316.5150
49.9600,278.5900
49.9700,296.4075
49.9800,323.3325
49.9900,323.3325
50.0000,323.3325
