#Intensity_unit=cps
#Attenuator_coefficient=1.0000
10.0000,892.9025
10.0100,886.6675
10.0200,901.8375
10.0300,882.1025
10.0400,952.7625
10.0500,926.6625
10.0600,929.3925
10.0700,872.4625
10.0800,800.0700
10.0900,890.1650
10.1000,866.7275
10.1100,854.2625
10.1200,868.4450
10.1300,894.1700
10.1400,890.6275
10.1500,938.3025
10.1600,916.1750
10.1700,883.1675
10.1800,916.1850
10.1900,965.2125
10.2000,942.8825
10.2100,846.6350
10.2200,939.0250
10.2300,922.9150
10.2400,898.9425
10.2500,923.7300
10.2600,932.6775
10.2700,882.2550
10.2800,903.6975
10.2900,891.6550
10.3000,908.0050
10.3100,916.0000
10.3200,862.6925
10.3300,901.6275
10.3400,897.6775
10.3500,854.7375
10.3600,858.9800
10.3700,904.8875
10.3800,895.0425
10.3900,866.4225
10.4000,893.2225
10.4100,923.5550
10.4200,968.4750
10.4300,979.3025
10.4400,947.1775
10.4500,883.6800
10.4600,861.7600
10.4700,934.5050
10.4800,883.7550
10.4900,846.8900
10.5000,849.2875
10.5100,852.9750
10.5200,868.2025
10.5300,822.4350
10.5400,849.3525
10.5500,847.3925
10.5600,855.5725
10.5700,892.2800
10.5800,884.8000
10.5900,883.3325
10.6000,901.1175
10.6100,935.9225
10.6200,898.5400
10.6300,872.6125
10.6400,929.1800
10.6500,933.7100
10.6600,868.2925
10.6700,957.5200
10.6800,934.5525
10.6900,853.2300
10.7000,902.3600
10.7100,907.0500
10.7200,850.6400
10.7300,902.2850
10.7400,910.0000
10.7500,851.1000
10.7600,899.2650
10.7700,838.9900
10.7800,824.1175
10.7900,835.0925
10.8000,883.6850
10.8100,904.6875
10.8200,900.7950
10.8300,879.4575
10.8400,897.2000
10.8500,920.5250
10.8600,885.2325
10.8700,871.2125
10.8800,872.9275
10.8900,920.1650
10.9000,900.3350
10.9100,943.4550
10.9200,876.9250
10.9300,933.8650
10.9400,879.0850
10.9500,826.2150
10.9600,878.3550
10.9700,863.3350
10.9800,894.9825
10.9900,917.4825
11.0000,908.3500
11.0100,877.5550
11.0200,882.0625
11.0300,883.3325
11.0400,857.1675
11.0500,824.2750
11.0600,811.2875
11.0700,885.4850
11.0800,925.6850
11.0900,947.4025
11.1000,923.9075
11.1100,882.3275
11.1200,865.0800
11.1300,837.2775
11.1400,902.7875
11.1500,838.1275
11.1600,881.6000
11.1700,921.7875
11.1800,889.1150
11.1900,822.7025
11.2000,856.6200
11.2100,903.7150
11.2200,927.2975
11.2300,883.8925
11.2400,862.2650
11.2500,877.2750
11.2600,845.4675
11.2700,848.6300
11.2800,812.6250
11.2900,798.0450
11.3000,811.0275
11.3100,793.2375
11.3200,858.8675
11.3300,892.9450
11.3400,847.9325
11.3500,865.7875
11.3600,881.4550
11.3700,926.2725
11.3800,876.1075
11.3900,832.3475
11.4000,866.6850
11.4100,904.7625
11.4200,852.8850
11.4300,843.3325
11.4400,849.0400
11.4500,850.0000
11.4600,864.2500
11.4700,883.7600
11.4800,869.5825
11.4900,889.4350
11.5000,904.7125
11.5100,883.9200
11.5200,828.8475
11.5300,800.1175
11.5400,847.7675
11.5500,913.4175
11.5600,877.9550
11.5700,872.8350
11.5800,808.1650
11.5900,819.3225
11.6000,823.3325
11.6100,789.3825
11.6200,837.0600
11.6300,812.7500
11.6400,784.0675
11.6500,830.8225
11.6600,873.8650
11.6700,826.4075
11.6800,788.4750
11.6900,726.9775
11.7000,787.0750
11.7100,881.6325
11.7200,846.0250
11.7300,842.2900
11.7400,877.0600
11.7500,897.3800
11.7600,897.1925
11.7700,820.8950
11.7800,851.5450
11.7900,848.7850
11.8000,891.4975
11.8100,885.9975
11.8200,835.7475
11.8300,784.7025
11.8400,810.2225
11.8500,844.6150
11.8600,782.9600
11.8700,764.4175
11.8800,835.8850
11.8900,836.0550
11.9000,858.4200
11.9100,868.9050
11.9200,870.0000
11.9300,780.9400
11.9400,818.9675
11.9500,863.3625
11.9600,811.6475
11.9700,786.1125
11.9800,813.8675
11.9900,817.2250
12.0000,802.8025
12.0100,800.0000
12.0200,836.0100
12.0300,821.1850
12.0400,811.1325
12.0500,807.2350
12.0600,809.4300
12.0700,774.0875
12.0800,794.2775
12.0900,802.7600
12.1000,822.6400
12.1100,834.9375
12.1200,839.4225
12.1300,842.7525
12.1400,777.2825
12.1500,801.8425
12.1600,831.9925
12.1700,817.4325
12.1800,813.3325
12.1900,802.3550
12.2000,835.6600
12.2100,802.2100
12.2200,823.4750
12.2300,808.0900
12.2400,795.1225
12.2500,790.5975
12.2600,784.5325
12.2700,777.8675
12.2800,771.2050
12.2900,783.6475
12.3000,764.8425
12.3100,721.8275
12.3200,754.2075
12.3300,793.2925
12.3400,816.3325
12.3500,773.7525
12.3600,809.5550
12.3700,754.7825
12.3800,788.8850
12.3900,797.2850
12.4000,804.8050
12.4100,847.3350
12.4200,859.3775
12.4300,822.0850
12.4400,829.5725
12.4500,857.6800
12.4600,855.2225
12.4700,845.2275
12.4800,819.0275
12.4900,810.6350
12.5000,820.7900
12.5100,834.1175
12.5200,855.5275
12.5300,878.8500
12.5400,851.0375
12.5500,870.2300
12.5600,863.2250
12.5700,876.1200
12.5800,877.3150
12.5900,871.3000
12.6000,880.7275
12.6100,861.8900
12.6200,856.6675
12.6300,864.6975
12.6400,882.7200
12.6500,926.7775
12.6600,893.9050
12.6700,805.8750
12.6800,778.6575
12.6900,819.3525
12.7000,822.0000
12.7100,812.0050
12.7200,804.6750
12.7300,829.9475
12.7400,905.8250
12.7500,856.8750
12.7600,866.5675
12.7700,894.5750
12.7800,852.2350
12.7900,869.1725
12.8000,871.3650
12.8100,838.2125
12.8200,867.0625
12.8300,842.2725
12.8400,791.0275
12.8500,822.2800
12.8600,835.9750
12.8700,860.4200
12.8800,858.7525
12.8900,896.2075
12.9000,935.6475
12.9100,882.7775
12.9200,840.3525
12.9300,820.1850
12.9400,785.1300
12.9500,729.3900
12.9600,732.4150
12.9700,765.5225
12.9800,757.6025
12.9900,795.2550
13.0000,756.9175
13.0100,798.2875
13.0200,727.0325
13.0300,679.8100
13.0400,709.9000
13.0500,806.1400
13.0600,803.9125
13.0700,778.4175
13.0800,788.9650
13.0900,788.1250
13.1000,758.0425
13.1100,757.8025
13.1200,770.3950
13.1300,796.7100
13.1400,777.3775
13.1500,770.0000
13.1600,785.5550
13.1700,777.0450
13.1800,801.8150
13.1900,771.1875
13.2000,762.5850
13.2100,791.7600
13.2200,766.4275
13.2300,772.1525
13.2400,799.8800
13.2500,762.8475
13.2600,814.4000
13.2700,786.9950
13.2800,765.6150
13.2900,735.0525
13.3000,734.3750
13.3100,713.5575
13.3200,740.0250
13.3300,788.4650
13.3400,784.6225
13.3500,787.6825
13.3600,787.4400
13.3700,807.1275
13.3800,841.4500
13.3900,773.3675
13.4000,742.3425
13.4100,717.0400
13.4200,740.5925
13.4300,775.4775
13.4400,747.6900
13.4500,757.0225
13.4600,722.6500
13.4700,786.2300
13.4800,782.0675
13.4900,775.8700
13.5000,725.9475
13.5100,730.2750
13.5200,751.8625
13.5300,766.7900
13.5400,780.1175
13.5500,768.1675
13.5600,720.3950
13.5700,736.9550
13.5800,784.5025
13.5900,768.9375
13.6000,772.5950
13.6100,759.0450
13.6200,760.8800
13.6300,743.2225
13.6400,706.5200
13.6500,746.8775
13.6600,728.2100
13.6700,764.3025
13.6800,752.4400
13.6900,710.7850
13.7000,732.5250
13.7100,688.3275
13.7200,702.4825
13.7300,735.8050
13.7400,758.3050
13.7500,783.2800
13.7600,782.5250
13.7700,782.4900
13.7800,778.3575
13.7900,734.3950
13.8000,705.0900
13.8100,690.0675
13.8200,726.3700
13.8300,767.2775
13.8400,707.2850
13.8500,750.1900
13.8600,778.2825
13.8700,765.1625
13.8800,717.9925
13.8900,700.8650
13.9000,732.0775
13.9100,721.1400
13.9200,705.9400
13.9300,705.7950
13.9400,684.5225
13.9500,701.2550
13.9600,717.3725
13.9700,742.0975
13.9800,737.7325
13.9900,703.9100
14.0000,693.3325
14.0100,663.9525
14.0200,716.9450
14.0300,754.6700
14.0400,716.0250
14.0500,734.1800
14.0600,734.4675
14.0700,720.2475
14.0800,702.0500
14.0900,716.1400
14.1000,730.6300
14.1100,689.5800
14.1200,644.1850
14.1300,664.8875
14.1400,713.0500
14.1500,719.3950
14.1600,709.4000
14.1700,709.0875
14.1800,693.0700
14.1900,701.1675
14.2000,716.3250
14.2100,756.1950
14.2200,750.7100
14.2300,733.6950
14.2400,705.9225
14.2500,737.5675
14.2600,750.9300
14.2700,754.8050
14.2800,732.6600
14.2900,771.3100
14.3000,725.2800
14.3100,726.3475
14.3200,739.0600
14.3300,744.7825
14.3400,777.7350
14.3500,794.7750
14.3600,758.4850
14.3700,740.9500
14.3800,680.4325
14.3900,647.1425
14.4000,662.3650
14.4100,643.8500
14.4200,657.0875
14.4300,730.7550
14.4400,763.7825
14.4500,740.5950
14.4600,703.9500
14.4700,721.7300
14.4800,726.2400
14.4900,737.5100
14.5000,729.1675
14.5100,685.5850
14.5200,684.1450
14.5300,680.5775
14.5400,709.6200
14.5500,706.8700
14.5600,690.6000
14.5700,693.7125
14.5800,684.9350
14.5900,682.3450
14.6000,711.4475
14.6100,728.0150
14.6200,671.5200
14.6300,623.2925
14.6400,613.3325
14.6500,629.6700
14.6600,608.6850
14.6700,638.6075
14.6800,696.2450
14.6900,715.6600
14.7000,665.5275
14.7100,692.1100
14.7200,690.1250
14.7300,647.5350
14.7400,707.4825
14.7500,700.6400
14.7600,681.0200
14.7700,721.6100
14.7800,723.8325
14.7900,693.5875
14.8000,681.0275
14.8100,728.3875
14.8200,736.1850
14.8300,688.5900
14.8400,709.0775
14.8500,740.4475
14.8600,730.6025
14.8700,725.6275
14.8800,703.7550
14.8900,711.6475
14.9000,749.7375
14.9100,733.6200
14.9200,720.0000
14.9300,731.4100
14.9400,727.5475
14.9500,757.5050
14.9600,802.9250
14.9700,821.2150
14.9800,805.1525
14.9900,785.3125
15.0000,786.8075
15.0100,783.2000
15.0200,782.2650
15.0300,810.4925
15.0400,807.5050
15.0500,802.2600
15.0600,771.7275
15.0700,763.4325
15.0800,829.7725
15.0900,866.7550
15.1000,804.7500
15.1100,798.0625
15.1200,827.9700
15.1300,800.7575
15.1400,837.1525
15.1500,852.1300
15.1600,833.2350
15.1700,857.9800
15.1800,886.7425
15.1900,862.0725
15.2000,835.5125
15.2100,772.0425
15.2200,750.0150
15.2300,746.6575
15.2400,732.2150
15.2500,755.5475
15.2600,781.0975
15.2700,780.0125
15.2800,754.5075
15.2900,694.6275
15.3000,663.3650
15.3100,651.1600
15.3200,657.7075
15.3300,658.9200
15.3400,676.5050
15.3500,688.8700
15.3600,678.9975
15.3700,657.9425
15.3800,652.1975
15.3900,611.6325
15.4000,625.0850
15.4100,671.8150
15.4200,649.4550
15.4300,667.1800
15.4400,699.7775
15.4500,691.3850
15.4600,700.7825
15.4700,718.7175
15.4800,692.8500
15.4900,676.6675
15.5000,681.0150
15.5100,646.4150
15.5200,631.0050
15.5300,620.3275
15.5400,632.8250
15.5500,623.8575
15.5600,632.7900
15.5700,634.6925
15.5800,632.1575
15.5900,629.0200
15.6000,630.9750
15.6100,622.5725
15.6200,614.5175
15.6300,576.8125
15.6400,578.1300
15.6500,641.4650
15.6600,672.1425
15.6700,673.3325
15.6800,660.5025
15.6900,659.7425
15.7000,646.2550
15.7100,653.7275
15.7200,669.7250
15.7300,630.7575
15.7400,653.4550
15.7500,660.8775
15.7600,652.1225
15.7700,627.8825
15.7800,664.1875
15.7900,638.2925
15.8000,695.4975
15.8100,664.2575
15.8200,608.2225
15.8300,611.7700
15.8400,633.5225
15.8500,630.7025
15.8600,612.8175
15.8700,642.3875
15.8800,663.3325
15.8900,667.5275
15.9000,670.0000
15.9100,665.8125
15.9200,694.7025
15.9300,669.4575
15.9400,657.9450
15.9500,670.8375
15.9600,665.0000
15.9700,672.4875
15.9800,652.9675
15.9900,667.8275
16.0000,641.0075
16.0100,615.4075
16.0200,653.9525
16.0300,674.5975
16.0400,679.5350
16.0500,675.0725
16.0600,630.7950
16.0700,627.2800
16.0800,631.7625
16.0900,614.3225
16.1000,651.8875
16.1100,671.7875
16.1200,656.4100
16.1300,652.0500
16.1400,657.4275
16.1500,651.8175
16.1600,626.2325
16.1700,617.4150
16.1800,648.5525
16.1900,646.2925
16.2000,635.3675
16.2100,654.9675
16.2200,642.2900
16.2300,634.7850
16.2400,648.1100
16.2500,681.6875
16.2600,669.6500
16.2700,656.0625
16.2800,684.2300
16.2900,663.6900
16.3000,601.7125
16.3100,592.7725
16.3200,617.4100
16.3300,630.6850
16.3400,651.3975
16.3500,641.2775
16.3600,606.6375
16.3700,573.3225
16.3800,593.9825
16.3900,618.6625
16.4000,635.9600
16.4100,664.6025
16.4200,654.7675
16.4300,699.6625
16.4400,676.4250
16.4500,615.4700
16.4600,615.2300
16.4700,621.3525
16.4800,635.8275
16.4900,622.9475
16.5000,624.4375
16.5100,626.8050
16.5200,618.0300
16.5300,595.0150
16.5400,572.1350
16.5500,588.2725
16.5600,597.4475
16.5700,609.0150
16.5800,629.7900
16.5900,632.7550
16.6000,630.0000
16.6100,608.5300
16.6200,595.2825
16.6300,614.1975
16.6400,597.4800
16.6500,576.6675
16.6600,565.0175
16.6700,578.0025
16.6800,622.3950
16.6900,656.8800
16.7000,629.9325
16.7100,605.2650
16.7200,604.7375
16.7300,599.4800
16.7400,596.6675
16.7500,585.1300
16.7600,586.2700
16.7700,647.0600
16.7800,673.2500
16.7900,636.5275
16.8000,622.4050
16.8100,657.2350
16.8200,653.2825
16.8300,633.3325
16.8400,640.9500
16.8500,659.9825
16.8600,622.4975
16.8700,590.4625
16.8800,602.8125
16.8900,598.6375
16.9000,599.4600
16.9100,595.3275
16.9200,628.1925
16.9300,644.9150
16.9400,620.1500
16.9500,619.4075
16.9600,621.0300
16.9700,622.2975
16.9800,615.4175
16.9900,616.0325
17.0000,627.0750
17.0100,611.3125
17.0200,626.5325
17.0300,627.6250
17.0400,615.5875
17.0500,584.6550
17.0600,577.1075
17.0700,598.9025
17.0800,614.4575
17.0900,588.1475
17.1000,578.4975
17.1100,602.5725
17.1200,593.3900
17.1300,583.6875
17.1400,588.5075
17.1500,582.6425
17.1600,574.8300
17.1700,580.6725
17.1800,566.5050
17.1900,557.3225
17.2000,576.1350
17.2100,606.7575
17.2200,608.7375
17.2300,587.5550
17.2400,590.9200
17.2500,614.5450
17.2600,599.4275
17.2700,580.2950
17.2800,585.1450
17.2900,593.9050
17.3000,616.2675
17.3100,601.1150
17.3200,592.8950
17.3300,590.4575
17.3400,603.6500
17.3500,621.2775
17.3600,602.3100
17.3700,598.9625
17.3800,633.5225
17.3900,662.0325
17.4000,654.1650
17.4100,620.1425
17.4200,589.3100
17.4300,594.2375
17.4400,617.3325
17.4500,646.1950
17.4600,624.3225
17.4700,588.2300
17.4800,611.4325
17.4900,649.2350
17.5000,665.0975
17.5100,627.8925
17.5200,586.2925
17.5300,595.8225
17.5400,613.5125
17.5500,644.7300
17.5600,659.4900
17.5700,644.7525
17.5800,636.5050
17.5900,626.3525
17.6000,620.0000
17.6100,607.8125
17.6200,587.9725
17.6300,583.4725
17.6400,584.9325
17.6500,609.3175
17.6600,616.0325
17.6700,608.6400
17.6800,590.7800
17.6900,547.7075
17.7000,560.9875
17.7100,572.8075
17.7200,546.3650
17.7300,572.6800
17.7400,604.9550
17.7500,598.2025
17.7600,617.2525
17.7700,653.6500
17.7800,661.5550
17.7900,637.9450
17.8000,630.1975
17.8100,623.0250
17.8200,586.3225
17.8300,563.2800
17.8400,581.9825
17.8500,599.9550
17.8600,591.6075
17.8700,603.5125
17.8800,620.0000
17.8900,638.4800
17.9000,671.7675
17.9100,648.1250
17.9200,591.5900
17.9300,598.4025
17.9400,650.0400
17.9500,646.6625
17.9600,616.6675
17.9700,646.5925
17.9800,653.4225
17.9900,608.4425
18.0000,596.6025
18.0100,613.2825
18.0200,634.8650
18.0300,648.3500
18.0400,641.7250
18.0500,626.7975
18.0600,615.0250
18.0700,628.0975
18.0800,641.6950
18.0900,633.4550
18.1000,621.7650
18.1100,621.5625
18.1200,620.1475
18.1300,606.8250
18.1400,591.8750
18.1500,599.5625
18.1600,598.8400
18.1700,586.4750
18.1800,596.5650
18.1900,588.7025
18.2000,599.2325
18.2100,618.5050
18.2200,614.9400
18.2300,624.6925
18.2400,617.3025
18.2500,596.7975
18.2600,607.7200
18.2700,613.7550
18.2800,616.0850
18.2900,607.7125
18.3000,604.0000
18.3100,601.2675
18.3200,568.5775
18.3300,555.4175
18.3400,581.4425
18.3500,662.6200
18.3600,702.1175
18.3700,705.9250
18.3800,715.2850
18.3900,728.8350
18.4000,782.9150
18.4100,829.3900
18.4200,861.8800
18.4300,921.0025
18.4400,1014.5450
18.4500,1101.5650
18.4600,1204.5900
18.4700,1311.7250
18.4800,1361.4575
18.4900,1479.7400
18.5000,1696.1175
18.5100,1866.7775
18.5200,1928.7375
18.5300,1931.2850
18.5400,1905.6525
18.5500,1872.1275
18.5600,1840.2700
18.5700,1812.1975
18.5800,1664.2250
18.5900,1456.2425
18.6000,1324.9000
18.6100,1155.3950
18.6200,959.8750
18.6300,864.8425
18.6400,810.3425
18.6500,763.6450
18.6600,743.4000
18.6700,700.7325
18.6800,658.2875
18.6900,644.5075
18.7000,623.0000
18.7100,628.9400
18.7200,646.7575
18.7300,614.4800
18.7400,605.0900
18.7500,570.2925
18.7600,593.1050
18.7700,622.9200
18.7800,563.6975
18.7900,554.7775
18.8000,591.4775
18.8100,603.6575
18.8200,606.3575
18.8300,584.5100
18.8400,551.3100
18.8500,545.3225
18.8600,573.3325
18.8700,573.3325
18.8800,567.4975
18.8900,562.9125
18.9000,563.7575
18.9100,571.6175
18.9200,582.3175
18.9300,586.8000
18.9400,584.1000
18.9500,571.9925
18.9600,573.2475
18.9700,562.8775
18.9800,581.0300
18.9900,605.7350
19.0000,597.5850
19.0100,595.2500
19.0200,608.5825
19.0300,580.5100
19.0400,557.6425
19.0500,544.3175
19.0600,552.2650
19.0700,586.0750
19.0800,600.5075
19.0900,572.6775
19.1000,552.6800
19.1100,578.4400
19.1200,578.7650
19.1300,546.5100
19.1400,552.7275
19.1500,577.9625
19.1600,552.4825
19.1700,538.3100
19.1800,535.0100
19.1900,567.4900
19.2000,584.1950
19.2100,579.1200
19.2200,582.8550
19.2300,556.4375
19.2400,556.3025
19.2500,567.2525
19.2600,563.3325
19.2700,555.1150
19.2800,543.3325
19.2900,541.9675
19.3000,523.6475
19.3100,513.6050
19.3200,545.5575
19.3300,559.2650
19.3400,533.0300
19.3500,531.7100
19.3600,594.9150
19.3700,599.7350
19.3800,570.7550
19.3900,582.6400
19.4000,572.6475
19.4100,562.6550
19.4200,551.3275
19.4300,539.3350
19.4400,532.0025
19.4500,528.6725
19.4600,559.8100
19.4700,594.1200
19.4800,568.6800
19.4900,569.3050
19.5000,565.4350
19.5100,537.5650
19.5200,504.1500
19.5300,482.1425
19.5400,518.3625
19.5500,572.4575
19.5600,530.8825
19.5700,511.4650
19.5800,508.5250
19.5900,523.1450
19.6000,515.2300
19.6100,493.1200
19.6200,465.9700
19.6300,434.9600
19.6400,477.4325
19.6500,488.7100
19.6600,528.6825
19.6700,572.4850
19.6800,593.1375
19.6900,577.9375
19.7000,568.5725
19.7100,538.5925
19.7200,511.1450
19.7300,509.2925
19.7400,546.3850
19.7500,559.4950
19.7600,537.9225
19.7700,543.7600
19.7800,516.2250
19.7900,468.7400
19.8000,495.7950
19.8100,509.2025
19.8200,516.5325
19.8300,537.6075
19.8400,504.2975
19.8500,506.7875
19.8600,544.2025
19.8700,533.8500
19.8800,524.5600
19.8900,534.0175
19.9000,531.9950
19.9100,506.6675
19.9200,513.9750
19.9300,549.7625
19.9400,586.3600
19.9500,570.3125
19.9600,542.4575
19.9700,535.3950
19.9800,562.6850
19.9900,563.7225
20.0000,537.0750
20.0100,521.1975
20.0200,540.0550
20.0300,554.5050
20.0400,545.7000
20.0500,590.6850
20.0600,628.9575
20.0700,624.3125
20.0800,555.6925
20.0900,571.7775
20.1000,593.3325
20.1100,598.0250
20.1200,598.4725
20.1300,583.3325
20.1400,582.1675
20.1500,559.0575
20.1600,521.1600
20.1700,502.4750
20.1800,474.8975
20.1900,492.0500
20.2000,492.5450
20.2100,507.7025
20.2200,511.3600
20.2300,539.2550
20.2400,555.3400
20.2500,521.7650
20.2600,486.6675
20.2700,493.4750
20.2800,499.8725
20.2900,485.5375
20.3000,485.5900
20.3100,490.0000
20.3200,516.9500
20.3300,570.0000
20.3400,548.7550
20.3500,496.6250
20.3600,482.2325
20.3700,511.1100
20.3800,543.3400
20.3900,537.7725
20.4000,547.7275
20.4100,561.1300
20.4200,556.6675
20.4300,541.3150
20.4400,514.3775
20.4500,551.7200
20.4600,616.5375
20.4700,628.9125
20.4800,650.5275
20.4900,694.5900
20.5000,693.0525
20.5100,735.9600
20.5200,809.1350
20.5300,883.7125
20.5400,925.5975
20.5500,937.2150
20.5600,1008.2175
20.5700,1115.8000
20.5800,1161.9700
20.5900,1211.4275
20.6000,1358.7900
20.6100,1516.8525
20.6200,1508.1425
20.6300,1421.5350
20.6400,1443.5275
20.6500,1398.0500
20.6600,1293.5500
20.6700,1202.2125
20.6800,1073.8650
20.6900,996.4475
20.7000,911.9075
20.7100,855.6375
20.7200,827.6625
20.7300,753.6100
20.7400,697.2500
20.7500,682.9000
20.7600,758.1375
20.7700,759.4175
20.7800,725.0625
20.7900,772.0100
20.8000,865.4225
20.8100,905.3925
20.8200,952.3825
20.8300,1032.6725
20.8400,1099.7050
20.8500,1084.8825
20.8600,1158.2275
20.8700,1207.2000
20.8800,1234.0725
20.8900,1259.4225
20.9000,1350.3850
20.9100,1354.1200
20.9200,1363.3700
20.9300,1303.8175
20.9400,1207.9950
20.9500,1062.8125
20.9600,969.5475
20.9700,891.7400
20.9800,838.2775
20.9900,732.4500
21.0000,626.2100
21.0100,635.2450
21.0200,619.0125
21.0300,560.0075
21.0400,534.7925
21.0500,517.1200
21.0600,544.6050
21.0700,585.2925
21.0800,571.4550
21.0900,575.0975
21.1000,572.3725
21.1100,497.8850
21.1200,498.2700
21.1300,576.2925
21.1400,559.2700
21.1500,529.8550
21.1600,513.4500
21.1700,545.5025
21.1800,566.4025
21.1900,575.1225
21.2000,551.5125
21.2100,544.8525
21.2200,549.9550
21.2300,575.7650
21.2400,577.8350
21.2500,601.6700
21.2600,641.3900
21.2700,666.9050
21.2800,676.6675
21.2900,683.7700
21.3000,734.3225
21.3100,822.6500
21.3200,835.2825
21.3300,873.7050
21.3400,940.0000
21.3500,979.2900
21.3600,1075.2000
21.3700,1042.8825
21.3800,1121.9425
21.3900,1282.9475
21.4000,1323.4425
21.4100,1369.3825
21.4200,1521.2600
21.4300,1677.0675
21.4400,1747.0900
21.4500,1838.0600
21.4600,2003.6000
21.4700,2229.2775
21.4800,2302.0825
21.4900,2448.4075
21.5000,2499.2200
21.5100,2554.1700
21.5200,2605.7575
21.5300,2758.8000
21.5400,2988.8900
21.5500,3139.3875
21.5600,3364.8825
21.5700,3554.3275
21.5800,3523.4025
21.5900,3493.8000
21.6000,3391.1425
21.6100,3203.3775
21.6200,2951.6675
21.6300,2655.5650
21.6400,2381.5825
21.6500,2061.8100
21.6600,1794.1825
21.6700,1510.9275
21.6800,1295.0475
21.6900,1122.6400
21.7000,1029.6975
21.7100,873.1475
21.7200,736.9200
21.7300,673.9825
21.7400,627.0225
21.7500,576.4300
21.7600,587.4375
21.7700,591.5375
21.7800,602.0325
21.7900,612.3575
21.8000,575.2400
21.8100,537.4250
21.8200,555.8925
21.8300,621.3150
21.8400,701.3475
21.8500,844.0825
21.8600,849.6550
21.8700,909.8700
21.8800,1106.3300
21.8900,1192.5825
21.9000,1239.8600
21.9100,1352.4250
21.9200,1462.4475
21.9300,1652.7175
21.9400,1822.4075
21.9500,1933.1850
21.9600,1945.1175
21.9700,1922.7550
21.9800,2010.5375
21.9900,2086.1925
22.0000,2105.5700
22.0100,1991.2750
22.0200,1895.0650
22.0300,1649.0975
22.0400,1417.1875
22.0500,1279.3925
22.0600,1143.9150
22.0700,1002.6400
22.0800,913.1425
22.0900,792.3125
22.1000,649.9800
22.1100,564.7900
22.1200,579.9250
22.1300,570.0625
22.1400,571.8275
22.1500,521.2725
22.1600,495.2975
22.1700,477.3350
22.1800,472.6650
22.1900,451.9700
22.2000,486.6675
22.2100,484.0300
22.2200,471.3625
22.2300,467.9125
22.2400,495.7900
22.2500,530.7375
22.2600,507.7125
22.2700,465.0400
22.2800,513.4750
22.2900,568.0825
22.3000,555.5425
22.3100,536.0325
22.3200,529.5450
22.3300,520.2525
22.3400,557.5175
22.3500,593.1200
22.3600,607.9100
22.3700,618.2850
22.3800,648.6300
22.3900,680.5275
22.4000,647.8300
22.4100,627.5950
22.4200,634.5400
22.4300,580.0000
22.4400,577.5950
22.4500,568.4625
22.4600,577.2625
22.4700,559.2175
22.4800,457.4200
22.4900,433.5325
22.5000,448.2425
22.5100,437.6650
22.5200,430.7350
22.5300,454.0500
22.5400,469.3000
22.5500,453.4400
22.5600,464.2900
22.5700,431.5500
22.5800,406.1000
22.5900,401.6425
22.6000,389.4075
22.6100,373.3500
22.6200,397.7825
22.6300,437.2200
22.6400,441.6525
22.6500,442.8725
22.6600,409.9400
22.6700,426.1225
22.6800,429.8200
22.6900,463.8725
22.7000,459.1700
22.7100,423.7300
22.7200,442.2725
22.7300,431.3875
22.7400,409.1125
22.7500,434.7725
22.7600,411.8700
22.7700,437.4100
22.7800,421.7875
22.7900,420.5100
22.8000,454.8975
22.8100,424.6375
22.8200,410.8075
22.8300,399.6825
22.8400,422.6650
22.8500,453.6825
22.8600,439.6350
22.8700,457.1600
22.8800,452.1625
22.8900,407.1550
22.9000,408.5450
22.9100,404.8200
22.9200,433.3325
22.9300,429.5175
22.9400,403.3450
22.9500,381.9175
22.9600,373.3325
22.9700,376.6000
22.9800,401.3100
22.9900,428.6150
23.0000,421.8375
23.0100,433.3325
23.0200,429.2475
23.0300,398.8175
23.0400,372.2450
23.0500,386.6675
23.0600,389.7725
23.0700,410.4425
23.0800,417.7200
23.0900,447.5400
23.1000,453.7675
23.1100,451.9250
23.1200,417.8575
23.1300,405.0375
23.1400,416.6675
23.1500,415.8250
23.1600,415.8550
23.1700,451.2625
23.1800,414.9850
23.1900,431.1825
23.2000,456.3975
23.2100,409.5050
23.2200,427.9850
23.2300,416.5350
23.2400,435.2275
23.2500,399.6050
23.2600,399.4150
23.2700,426.6300
23.2800,474.7300
23.2900,456.9200
23.3000,430.2750
23.3100,407.0475
23.3200,410.0000
23.3300,411.1250
23.3400,418.8825
23.3500,407.0450
23.3600,388.1050
23.3700,426.3025
23.3800,421.1625
23.3900,409.0825
23.4000,453.4575
23.4100,424.8950
23.4200,419.1400
23.4300,495.9700
23.4400,492.0775
23.4500,512.4075
23.4600,532.6500
23.4700,537.1650
23.4800,629.3275
23.4900,634.3400
23.5000,737.6350
23.5100,782.9050
23.5200,858.2450
23.5300,1041.5350
23.5400,1188.0150
23.5500,1289.4125
23.5600,1557.8025
23.5700,1781.9025
23.5800,2020.6400
23.5900,2304.2075
23.6000,2514.2000
23.6100,2923.5800
23.6200,3296.9325
23.6300,3358.0175
23.6400,3615.3075
23.6500,3669.1225
23.6600,3653.9175
23.6700,3580.8125
23.6800,3472.5225
23.6900,3326.2200
23.7000,2957.8400
23.7100,2505.6600
23.7200,2178.8900
23.7300,1919.4350
23.7400,1630.0950
23.7500,1396.4075
23.7600,1297.1450
23.7700,1055.3725
23.7800,872.4700
23.7900,744.6125
23.8000,751.3825
23.8100,643.1550
23.8200,604.9650
23.8300,665.9300
23.8400,655.9375
23.8500,647.1475
23.8600,653.0950
23.8700,644.5875
23.8800,575.4275
23.8900,605.8650
23.9000,641.3650
23.9100,657.0750
23.9200,618.8900
23.9300,649.5600
23.9400,643.5500
23.9500,646.0225
23.9600,632.6400
23.9700,570.4025
23.9800,531.2150
23.9900,599.5925
24.0000,588.4950
24.0100,513.7325
24.0200,515.4825
24.0300,444.3025
24.0400,458.2800
24.0500,430.3775
24.0600,435.9225
24.0700,423.1500
24.0800,420.7225
24.0900,432.0850
24.1000,407.7175
24.1100,370.1275
24.1200,434.5250
24.1300,453.1425
24.1400,386.8325
24.1500,390.9750
24.1600,409.0400
24.1700,390.0000
24.1800,390.6200
24.1900,403.0300
24.2000,395.3200
24.2100,365.9325
24.2200,350.1450
24.2300,355.3175
24.2400,400.9750
24.2500,421.6950
24.2600,385.4775
24.2700,435.8775
24.2800,414.9925
24.2900,372.9550
24.3000,362.4675
24.3100,341.3300
24.3200,376.5475
24.3300,372.8700
24.3400,360.4525
24.3500,373.7750
24.3600,386.9900
24.3700,394.7725
24.3800,336.8725
24.3900,343.4325
24.4000,346.1800
24.4100,331.0425
24.4200,366.0225
24.4300,343.1550
24.4400,337.5375
24.4500,369.5775
24.4600,353.8225
24.4700,372.3050
24.4800,330.2300
24.4900,340.5175
24.5000,364.6150
24.5100,421.4800
24.5200,332.4100
24.5300,287.2375
24.5400,317.2750
24.5500,349.8250
24.5600,339.8325
24.5700,330.4775
24.5800,359.7475
24.5900,343.6675
24.6000,366.4400
24.6100,349.6600
24.6200,323.2925
24.6300,320.1500
24.6400,333.5075
24.6500,349.8075
24.6600,330.4700
24.6700,382.7175
24.6800,306.8850
24.6900,336.6675
24.7000,336.7800
24.7100,356.4875
24.7200,320.0950
24.7300,343.3675
24.7400,353.3075
24.7500,343.3575
24.7600,356.6425
24.7700,330.0050
24.7800,356.6500
24.7900,356.6675
24.8000,356.6675
24.8100,376.6075
24.8200,330.1775
24.8300,323.3650
24.8400,326.6500
24.8500,366.4200
24.8600,307.0825
24.8700,300.0525
24.8800,349.5750
24.8900,369.8150
24.9000,330.4025
24.9100,349.7825
24.9200,350.0000
24.9300,363.1675
24.9400,376.4900
24.9500,363.5200
24.9600,291.0875
24.9700,303.1250
24.9800,323.0050
24.9900,369.1975
25.0000,386.3675
25.0100,350.6875
25.0200,320.5875
25.0300,375.5125
25.0400,392.9800
25.0500,350.9500
25.0600,314.1675
25.0700,319.8425
25.0800,300.4850
25.0900,358.4950
25.1000,363.2475
25.1100,327.6450
25.1200,336.3925
25.1300,378.7750
25.1400,386.4725
25.1500,396.3675
25.1600,416.0550
25.1700,406.9800
25.1800,416.3450
25.1900,390.8800
25.2000,386.7800
25.2100,396.3200
25.2200,374.1575
25.2300,399.0350
25.2400,371.1075
25.2500,344.3400
25.2600,397.8150
25.2700,416.0100
25.2800,387.8700
25.2900,431.4250
25.3000,426.9450
25.3100,429.8575
25.3200,461.8900
25.3300,482.4525
25.3400,464.2300
25.3500,485.6000
25.3600,454.8825
25.3700,459.6850
25.3800,482.2125
25.3900,499.1850
25.4000,455.6500
25.4100,475.4900
25.4200,479.8300
25.4300,442.0800
25.4400,449.4725
25.4500,484.7000
25.4600,477.2100
25.4700,470.3675
25.4800,444.8250
25.4900,440.1900
25.5000,433.7175
25.5100,395.6675
25.5200,415.2875
25.5300,350.8625
25.5400,387.3675
25.5500,377.4875
25.5600,364.1650
25.5700,344.5950
25.5800,340.2125
25.5900,321.2950
25.6000,335.5750
25.6100,327.3300
25.6200,379.5300
25.6300,370.9050
25.6400,357.5825
25.6500,341.1575
25.6600,327.6050
25.6700,323.5700
25.6800,304.7700
25.6900,300.2425
25.7000,327.7950
25.7100,373.2000
25.7200,376.6675
25.7300,327.3775
25.7400,351.0350
25.7500,328.7325
25.7600,320.5225
25.7700,338.4200
25.7800,364.5375
25.7900,332.9575
25.8000,382.0525
25.8100,371.3700
25.8200,363.8875
25.8300,348.0625
25.8400,328.3600
25.8500,323.6175
25.8600,329.4250
25.8700,354.3475
25.8800,374.9100
25.8900,328.0575
25.9000,329.4050
25.9100,302.7050
25.9200,327.2700
25.9300,336.0550
25.9400,348.7650
25.9500,304.6675
25.9600,321.1350
25.9700,383.6700
25.9800,326.7025
25.9900,323.0125
26.0000,335.3675
26.0100,342.6800
26.0200,358.3500
26.0300,338.9950
26.0400,360.6525
26.0500,369.3250
26.0600,340.0725
26.0700,336.6675
26.0800,345.6300
26.0900,343.6825
26.1000,361.2275
26.1100,363.3325
26.1200,369.2875
26.1300,343.2325
26.1400,325.1425
26.1500,376.7725
26.1600,386.3000
26.1700,368.8850
26.1800,354.8225
26.1900,359.2500
26.2000,345.2225
26.2100,337.4275
26.2200,336.6675
26.2300,374.9850
26.2400,400.6150
26.2500,353.3150
26.2600,340.7875
26.2700,342.9375
26.2800,343.3325
26.2900,331.6075
26.3000,376.8625
26.3100,389.1850
26.3200,375.3825
26.3300,422.9900
26.3400,400.8175
26.3500,399.5825
26.3600,400.0000
26.3700,443.6550
26.3800,441.2775
26.3900,431.2850
26.4000,415.4875
26.4100,442.3300
26.4200,475.6375
26.4300,436.5850
26.4400,389.5175
26.4500,415.1125
26.4600,388.2500
26.4700,368.9150
26.4800,386.8325
26.4900,395.7575
26.5000,385.1650
26.5100,354.6025
26.5200,367.2225
26.5300,367.1325
26.5400,335.1525
26.5500,330.0000
26.5600,352.8775
26.5700,342.3825
26.5800,340.0000
26.5900,334.2975
26.6000,341.8800
26.6100,320.5625
26.6200,333.7275
26.6300,336.6675
26.6400,322.4750
26.6500,308.6575
26.6600,306.6675
26.6700,334.9700
26.6800,325.8625
26.6900,303.5600
26.7000,302.8225
26.7100,294.8750
26.7200,329.9525
26.7300,345.1100
26.7400,335.4200
26.7500,333.3325
26.7600,308.0775
26.7700,300.5300
26.7800,280.3950
26.7900,282.2625
26.8000,316.8800
26.8100,331.7125
26.8200,319.3825
26.8300,299.9425
26.8400,330.0850
26.8500,358.9250
26.8600,313.3025
26.8700,308.8875
26.8800,298.9025
26.8900,313.2950
26.9000,330.5100
26.9100,360.9950
26.9200,347.3225
26.9300,315.7250
26.9400,310.0000
26.9500,315.5100
26.9600,305.6550
26.9700,333.5850
26.9800,326.2625
26.9900,306.8650
27.0000,322.5275
27.0100,343.1025
27.0200,352.1400
27.0300,356.0675
27.0400,353.9350
27.0500,364.2475
27.0600,339.4075
27.0700,297.9300
27.0800,298.1625
27.0900,354.3600
27.1000,328.6525
27.1100,306.4375
27.1200,306.0425
27.1300,314.7875
27.1400,330.1900
27.1500,346.8425
27.1600,339.2025
27.1700,331.2725
27.1800,338.0825
27.1900,340.0000
27.2000,296.9850
27.2100,308.1525
27.2200,334.7975
27.2300,348.0425
27.2400,363.3900
27.2500,361.3175
27.2600,333.2750
27.2700,315.9875
27.2800,345.3375
27.2900,342.6750
27.3000,337.3375
27.3100,352.6200
27.3200,391.2000
27.3300,392.0400
27.3400,390.0000
27.3500,350.2750
27.3600,334.7075
27.3700,346.5475
27.3800,360.5600
27.3900,429.2725
27.4000,415.0475
27.4100,425.0925
27.4200,437.8875
27.4300,411.1050
27.4400,495.1800
27.4500,517.3775
27.4600,487.8600
27.4700,545.4050
27.4800,565.9475
27.4900,566.6675
27.5000,506.6800
27.5100,492.6050
27.5200,495.9350
27.5300,501.8675
27.5400,440.9950
27.5500,412.9550
27.5600,448.8800
27.5700,436.6950
27.5800,432.5875
27.5900,407.4925
27.6000,415.4875
27.6100,396.7925
27.6200,369.3925
27.6300,363.3325
27.6400,383.8975
27.6500,382.2950
27.6600,359.4775
27.6700,381.5225
27.6800,346.4825
27.6900,282.1900
27.7000,287.1025
27.7100,308.6450
27.7200,341.3750
27.7300,357.6400
27.7400,362.5450
27.7500,365.8750
27.7600,379.3575
27.7700,380.7975
27.7800,326.8050
27.7900,315.0600
27.8000,331.8325
27.8100,331.6175
27.8200,365.3125
27.8300,369.1075
27.8400,341.4975
27.8500,335.8475
27.8600,311.5500
27.8700,340.9675
27.8800,318.2450
27.8900,321.6875
27.9000,369.1800
27.9100,360.8500
27.9200,368.3075
27.9300,358.3775
27.9400,368.2750
27.9500,365.8700
27.9600,363.3325
27.9700,370.7800
27.9800,348.5400
27.9900,330.0925
28.0000,319.2450
28.0100,343.8525
28.0200,326.1775
28.0300,353.6550
28.0400,356.8125
28.0500,326.2675
28.0600,311.7500
28.0700,297.7250
28.0800,305.5950
28.0900,317.3500
28.1000,351.8125
28.1100,370.6675
28.1200,370.8925
28.1300,348.0475
28.1400,340.0000
28.1500,357.0375
28.1600,392.5075
28.1700,398.4775
28.1800,389.3900
28.1900,384.2425
28.2000,385.7525
28.2100,374.5775
28.2200,370.0000
28.2300,365.1750
28.2400,351.2850
28.2500,368.3300
28.2600,369.4550
28.2700,405.0925
28.2800,443.9875
28.2900,403.0125
28.3000,376.1525
28.3100,382.8975
28.3200,439.2050
28.3300,481.4700
28.3400,428.0475
28.3500,422.3750
28.3600,437.1325
28.3700,447.1250
28.3800,457.1150
28.3900,481.3250
28.4000,490.0000
28.4100,452.1775
28.4200,467.3625
28.4300,487.0750
28.4400,513.5600
28.4500,537.4525
28.4600,531.5800
28.4700,583.0150
28.4800,634.8100
28.4900,616.2150
28.5000,640.7700
28.5100,680.0375
28.5200,690.0000
28.5300,699.3275
28.5400,742.9275
28.5500,839.0975
28.5600,922.1325
28.5700,943.3325
28.5800,1001.2925
28.5900,1035.9300
28.6000,1120.9550
28.6100,1235.2175
28.6200,1318.4600
28.6300,1411.4525
28.6400,1500.8900
28.6500,1657.7425
28.6600,1790.1675
28.6700,1949.5150
28.6800,1981.4600
28.6900,2089.0200
28.7000,2351.3725
28.7100,2517.4550
28.7200,2524.9125
28.7300,2629.5150
28.7400,2640.1000
28.7500,2479.0925
28.7600,2388.3625
28.7700,2229.2875
28.7800,2033.1775
28.7900,1991.4300
28.8000,1968.3700
28.8100,1946.5625
28.8200,1900.5075
28.8300,1825.9700
28.8400,1773.0175
28.8500,1820.6400
28.8600,1789.4325
28.8700,1840.6575
28.8800,2003.0800
28.8900,2110.2725
28.9000,2253.8875
28.9100,2429.2825
28.9200,2667.0625
28.9300,2865.6625
28.9400,3022.2000
28.9500,3006.7625
28.9600,2960.0350
28.9700,2973.2575
28.9800,2914.7925
28.9900,2884.4175
29.0000,2955.0425
29.0100,3027.4500
29.0200,3209.4875
29.0300,3304.3225
29.0400,3255.1275
29.0500,3057.8650
29.0600,2772.9400
29.0700,2427.2575
29.0800,2055.3725
29.0900,1933.2100
29.1000,1960.6325
29.1100,1949.3950
29.1200,1897.5450
29.1300,1794.1775
29.1400,1676.2850
29.1500,1653.9900
29.1600,1706.5875
29.1700,1950.3250
29.1800,2266.3200
29.1900,2578.0275
29.2000,2907.3525
29.2100,3327.5725
29.2200,3875.4350
29.2300,4487.5875
29.2400,5089.0050
29.2500,5969.3800
29.2600,6877.3125
29.2700,7718.5075
29.2800,8786.0700
29.2900,10080.5825
29.3000,11207.5575
29.3100,12391.4100
29.3200,13780.0050
29.3300,14886.7650
29.3400,15509.6825
29.3500,15514.0600
29.3600,15015.0525
29.3700,14480.8875
29.3800,13507.2425
29.3900,12369.7600
29.4000,11382.8225
29.4100,10450.7275
29.4200,9428.5250
29.4300,8439.2775
29.4400,7413.5950
29.4500,6301.1025
29.4600,5201.9975
29.4700,4226.8475
29.4800,3467.9425
29.4900,2799.7375
29.5000,2231.7850
29.5100,1795.8675
29.5200,1508.2275
29.5300,1291.2650
29.5400,1121.3825
29.5500,1000.8050
29.5600,918.8900
29.5700,876.9100
29.5800,840.0150
29.5900,835.6175
29.6000,802.4375
29.6100,723.5700
29.6200,673.6850
29.6300,669.4425
29.6400,657.0600
29.6500,660.8875
29.6600,682.1725
29.6700,659.6100
29.6800,635.9525
29.6900,619.1875
29.7000,559.5500
29.7100,564.9575
29.7200,608.1150
29.7300,567.7400
29.7400,567.4575
29.7500,620.0700
29.7600,631.9925
29.7700,606.6725
29.7800,607.3100
29.7900,582.7700
29.8000,561.9925
29.8100,531.5150
29.8200,519.9300
29.8300,508.8175
29.8400,508.5500
29.8500,506.7775
29.8600,519.7525
29.8700,507.6900
29.8800,486.0600
29.8900,518.7425
29.9000,492.2550
29.9100,446.8575
29.9200,465.4700
29.9300,512.6800
29.9400,547.0100
29.9500,521.5450
29.9600,518.1000
29.9700,529.4425
29.9800,520.8375
29.9900,532.1900
30.0000,576.2750
30.0100,613.5450
30.0200,665.8475
30.0300,715.9650
30.0400,785.8850
30.0500,888.2475
30.0600,950.6300
30.0700,988.2825
30.0800,1052.6600
30.0900,1094.3225
30.1000,1178.3550
30.1100,1271.0175
30.1200,1300.4775
30.1300,1364.2325
30.1400,1410.0000
30.1500,1427.0800
30.1600,1455.1600
30.1700,1472.3450
30.1800,1418.0850
30.1900,1386.5425
30.2000,1392.8975
30.2100,1337.3125
30.2200,1296.6675
30.2300,1251.6350
30.2400,1242.8975
30.2500,1270.8175
30.2600,1235.5625
30.2700,1207.0650
30.2800,1191.3700
30.2900,1146.9000
30.3000,1104.7575
30.3100,1102.9850
30.3200,1122.5950
30.3300,1176.2425
30.3400,1196.7100
30.3500,1196.2450
30.3600,1206.6675
30.3700,1230.5750
30.3800,1277.5450
30.3900,1384.3500
30.4000,1559.5325
30.4100,1727.1150
30.4200,1899.2225
30.4300,2035.8875
30.4400,2107.6125
30.4500,2186.0450
30.4600,2246.3350
30.4700,2464.7950
30.4800,2882.7850
30.4900,3355.6325
30.5000,3812.7625
30.5100,4319.8925
30.5200,4702.0700
30.5300,4930.8750
30.5400,4987.9825
30.5500,4667.5125
30.5600,4238.6425
30.5700,3864.4050
30.5800,3628.0575
30.5900,3494.5425
30.6000,3375.5575
30.6100,3231.9375
30.6200,2932.6300
30.6300,2599.5725
30.6400,2321.7650
30.6500,2002.7775
30.6600,1768.1475
30.6700,1650.1900
30.6800,1493.0375
30.6900,1343.8800
30.7000,1251.3075
30.7100,1167.8725
30.7200,1070.8025
30.7300,997.3400
30.7400,966.2250
30.7500,880.2025
30.7600,771.8275
30.7700,710.6800
30.7800,679.7475
30.7900,685.4225
30.8000,672.5225
30.8100,641.3900
30.8200,586.9150
30.8300,567.3650
30.8400,572.8600
30.8500,530.9975
30.8600,484.4550
30.8700,488.9225
30.8800,516.7400
30.8900,508.0950
30.9000,471.1975
30.9100,468.7050
30.9200,493.3850
30.9300,484.8375
30.9400,475.0200
30.9500,481.7200
30.9600,493.3950
30.9700,500.0000
30.9800,483.2325
30.9900,476.7100
31.0000,459.9250
31.0100,429.9950
31.0200,441.6625
31.0300,458.3300
31.0400,468.3050
31.0500,426.9225
31.0600,393.2225
31.0700,423.2225
31.0800,466.3700
31.0900,475.2500
31.1000,418.7900
31.1100,393.1875
31.1200,390.2175
31.1300,371.7550
31.1400,378.1075
31.1500,398.1575
31.1600,401.7800
31.1700,385.2825
31.1800,371.7100
31.1900,352.1700
31.2000,344.6625
31.2100,348.5875
31.2200,333.5475
31.2300,357.2650
31.2400,390.0000
31.2500,385.1850
31.2600,389.6150
31.2700,374.4025
31.2800,356.2500
31.2900,371.4500
31.3000,368.7075
31.3100,360.0000
31.3200,380.6250
31.3300,401.7500
31.3400,373.1175
31.3500,359.1200
31.3600,406.6100
31.3700,430.5600
31.3800,415.2875
31.3900,384.9100
31.4000,356.6675
31.4100,334.7875
31.4200,308.4400
31.4300,319.1275
31.4400,336.4425
31.4500,343.1050
31.4600,338.9175
31.4700,347.0175
31.4800,386.7425
31.4900,396.1250
31.5000,372.3050
31.5100,372.5525
31.5200,372.5975
31.5300,373.7800
31.5400,382.3575
31.5500,374.8600
31.5600,376.6675
31.5700,384.2700
31.5800,384.2250
31.5900,374.8475
31.6000,378.1800
31.6100,375.4700
31.6200,366.9850
31.6300,382.8950
31.6400,393.1475
31.6500,375.1675
31.6600,388.3025
31.6700,400.6900
31.6800,396.3175
31.6900,402.9775
31.7000,382.8875
31.7100,359.2675
31.7200,393.3250
31.7300,395.6225
31.7400,356.6675
31.7500,365.5050
31.7600,373.7250
31.7700,371.4675
31.7800,357.2175
31.7900,327.8925
31.8000,322.5075
31.8100,324.1700
31.8200,342.8500
31.8300,354.8875
31.8400,328.1150
31.8500,328.5525
31.8600,328.1100
31.8700,334.3250
31.8800,341.4400
31.8900,343.3325
31.9000,343.3325
31.9100,354.7800
31.9200,355.7175
31.9300,343.7950
31.9400,346.2175
31.9500,312.5175
31.9600,299.8500
31.9700,322.4200
31.9800,308.1900
31.9900,305.1275
32.0000,336.3700
32.0100,361.9275
32.0200,352.9900
32.0300,334.9375
32.0400,330.3175
32.0500,316.2975
32.0600,293.0750
32.0700,342.7800
32.0800,382.2425
32.0900,356.9800
32.1000,344.7150
32.1100,345.2875
32.1200,361.2200
32.1300,374.3075
32.1400,348.4425
32.1500,336.6675
32.1600,346.2250
32.1700,351.8225
32.1800,338.6400
32.1900,338.0250
32.2000,321.0325
32.2100,308.2075
32.2200,343.4975
32.2300,344.4750
32.2400,328.7675
32.2500,349.3500
32.2600,323.8725
32.2700,294.7025
32.2800,314.0000
32.2900,320.6500
32.3000,340.6525
32.3100,347.9925
32.3200,338.0875
32.3300,317.3575
32.3400,325.1975
32.3500,343.3325
32.3600,355.1500
32.3700,365.4700
32.3800,341.5625
32.3900,327.2500
32.4000,328.1225
32.4100,329.1000
32.4200,349.8200
32.4300,360.0000
32.4400,360.0000
32.4500,349.6850
32.4600,329.4725
32.4700,329.7550
32.4800,346.4075
32.4900,347.7125
32.5000,334.6100
32.5100,330.2975
32.5200,333.9825
32.5300,351.5925
32.5400,344.6000
32.5500,345.4025
32.5600,350.8975
32.5700,365.8500
32.5800,351.1650
32.5900,338.7950
32.6000,375.0025
32.6100,370.8550
32.6200,353.7350
32.6300,358.7575
32.6400,347.9875
32.6500,337.0450
32.6600,348.2725
32.6700,348.0425
32.6800,332.1050
32.6900,326.3200
32.7000,343.2625
32.7100,363.7850
32.7200,332.4375
32.7300,351.2650
32.7400,369.3825
32.7500,366.3575
32.7600,384.5425
32.7700,358.9250
32.7800,311.2025
32.7900,321.7400
32.8000,334.2700
32.8100,321.6300
32.8200,309.0525
32.8300,318.0950
32.8400,329.0425
32.8500,338.0750
32.8600,350.2150
32.8700,340.1425
32.8800,307.6450
32.8900,300.9825
32.9000,303.7000
32.9100,316.6675
32.9200,320.1675
32.9300,327.8325
32.9400,334.6475
32.9500,344.4925
32.9600,347.8225
32.9700,355.7725
32.9800,358.6050
32.9900,358.2725
33.0000,375.2025
33.0100,345.3250
33.0200,348.2625
33.0300,379.9175
33.0400,367.6525
33.0500,344.1975
33.0600,324.5250
33.0700,341.2325
33.0800,352.1625
33.0900,348.9500
33.1000,355.5175
33.1100,356.7300
33.1200,361.0500
33.1300,337.7900
33.1400,347.7825
33.1500,335.5600
33.1600,337.7550
33.1700,348.8725
33.1800,368.7325
33.1900,396.7075
33.2000,373.5775
33.2100,348.7375
33.2200,362.3075
33.2300,358.7700
33.2400,375.4225
33.2500,375.8475
33.2600,353.3325
33.2700,350.1025
33.2800,340.1100
33.2900,340.8350
33.3000,373.7725
33.3100,424.9300
33.3200,449.2200
33.3300,426.9650
33.3400,412.2750
33.3500,396.2700
33.3600,376.1500
33.3700,389.3100
33.3800,375.4300
33.3900,372.6800
33.4000,373.3600
33.4100,396.4700
33.4200,356.2850
33.4300,363.3650
33.4400,418.6375
33.4500,383.0300
33.4600,370.2800
33.4700,395.3850
33.4800,400.0000
33.4900,396.9400
33.5000,392.0350
33.5100,395.6525
33.5200,396.3700
33.5300,397.2750
33.5400,389.3775
33.5500,416.3950
33.5600,428.6275
33.5700,392.6650
33.5800,390.7125
33.5900,364.2725
33.6000,391.9850
33.6100,398.6450
33.6200,426.0300
33.6300,474.0950
33.6400,463.9275
33.6500,481.1675
33.6600,498.0475
33.6700,486.5150
33.6800,471.9425
33.6900,495.0750
33.7000,550.6300
33.7100,589.1950
33.7200,628.6500
33.7300,662.4625
33.7400,712.4550
33.7500,793.3750
33.7600,889.0300
33.7700,983.5475
33.7800,1168.8725
33.7900,1278.6150
33.8000,1472.3600
33.8100,1720.2450
33.8200,1930.7625
33.8300,2202.5250
33.8400,2422.4500
33.8500,2860.8550
33.8600,3285.1450
33.8700,3597.1150
33.8800,3915.2500
33.8900,4098.7925
33.9000,4014.8350
33.9100,4025.5175
33.9200,4051.1925
33.9300,3929.2175
33.9400,3658.1225
33.9500,3436.8925
33.9600,3129.2975
33.9700,2733.0725
33.9800,2437.7825
33.9900,2308.9500
34.0000,2145.9450
34.0100,1958.7525
34.0200,1762.9650
34.0300,1505.5025
34.0400,1239.5350
34.0500,1083.6875
34.0600,917.8550
34.0700,773.4300
34.0800,712.7550
34.0900,661.1950
34.1000,623.2100
34.1100,619.3675
34.1200,628.0725
34.1300,584.4825
34.1400,523.1650
34.1500,512.7025
34.1600,542.5475
34.1700,547.4600
34.1800,530.7150
34.1900,515.9575
34.2000,545.7825
34.2100,499.9100
34.2200,435.8375
34.2300,471.6250
34.2400,527.4950
34.2500,535.7850
34.2600,559.1000
34.2700,561.8825
34.2800,515.0300
34.2900,512.4500
34.3000,528.9525
34.3100,560.7225
34.3200,566.0550
34.3300,544.9450
34.3400,541.1600
34.3500,512.5325
34.3600,525.1750
34.3700,582.0900
34.3800,584.6050
34.3900,500.9600
34.4000,504.3725
34.4100,529.7825
34.4200,498.2325
34.4300,519.7350
34.4400,555.4300
34.4500,485.8025
34.4600,444.5850
34.4700,437.4600
34.4800,483.3225
34.4900,512.0725
34.5000,500.4825
34.5100,517.8975
34.5200,538.6425
34.5300,556.6675
34.5400,562.6925
34.5500,583.3325
34.5600,582.5850
34.5700,584.4750
34.5800,608.1750
34.5900,641.8525
34.6000,660.0000
34.6100,668.8275
34.6200,698.5325
34.6300,686.7575
34.6400,669.8875
34.6500,700.5900
34.6600,726.6675
34.6700,729.5500
34.6800,740.7175
34.6900,739.7550
34.7000,722.3875
34.7100,700.9825
34.7200,678.5850
34.7300,657.8100
34.7400,595.0775
34.7500,568.9600
34.7600,535.8125
34.7700,516.5225
34.7800,503.3325
34.7900,499.1900
34.8000,473.0125
34.8100,436.7625
34.8200,451.3650
34.8300,447.8200
34.8400,407.2300
34.8500,389.4150
34.8600,409.2950
34.8700,389.9800
34.8800,364.6400
34.8900,329.3125
34.9000,379.3375
34.9100,369.4000
34.9200,334.7350
34.9300,321.2000
34.9400,355.2925
34.9500,353.5725
34.9600,304.9075
34.9700,270.6450
34.9800,281.6950
34.9900,321.7925
35.0000,350.3525
35.0100,374.2775
35.0200,351.2675
35.0300,352.2525
35.0400,332.0775
35.0500,331.0475
35.0600,340.0275
35.0700,301.0125
35.0800,319.3825
35.0900,317.8975
35.1000,327.6275
35.1100,345.4450
35.1200,335.1325
35.1300,323.0275
35.1400,370.8900
35.1500,386.9950
35.1600,369.1450
35.1700,340.4650
35.1800,300.2275
35.1900,317.2575
35.2000,322.3550
35.2100,336.8500
35.2200,351.0000
35.2300,342.9050
35.2400,347.4075
35.2500,307.3675
35.2600,327.2400
35.2700,339.1400
35.2800,381.0575
35.2900,368.3000
35.3000,354.9250
35.3100,320.4575
35.3200,277.2450
35.3300,297.2225
35.3400,304.4325
35.3500,325.5625
35.3600,324.9425
35.3700,348.3600
35.3800,331.2950
35.3900,287.2075
35.4000,290.0000
35.4100,296.4400
35.4200,328.3975
35.4300,314.1500
35.4400,287.5675
35.4500,319.4825
35.4600,366.3300
35.4700,347.7100
35.4800,352.8150
35.4900,350.0000
35.5000,355.1450
35.5100,377.7000
35.5200,340.5500
35.5300,314.2750
35.5400,355.6575
35.5500,350.0000
35.5600,341.5025
35.5700,300.2975
35.5800,345.9400
35.5900,380.4925
35.6000,380.8825
35.6100,370.5675
35.6200,394.7875
35.6300,404.2975
35.6400,409.5200
35.6500,409.0550
35.6600,424.2850
35.6700,430.9450
35.6800,446.5450
35.6900,505.7300
35.7000,516.7600
35.7100,613.0525
35.7200,575.0675
35.7300,604.8325
35.7400,589.6875
35.7500,570.2925
35.7600,595.1375
35.7700,603.9750
35.7800,583.0975
35.7900,563.1050
35.8000,586.4225
35.8100,616.3175
35.8200,682.6175
35.8300,702.6025
35.8400,729.9225
35.8500,804.8175
35.8600,860.4275
35.8700,874.3600
35.8800,966.8675
35.8900,1092.5575
35.9000,1155.8325
35.9100,1148.7575
35.9200,1143.2950
35.9300,1148.6475
35.9400,1006.9725
35.9500,906.8575
35.9600,852.7600
35.9700,792.0050
35.9800,746.0500
35.9900,844.7400
36.0000,878.4300
36.0100,849.1125
36.0200,708.9125
36.0300,652.6975
36.0400,669.5050
36.0500,631.6300
36.0600,558.7275
36.0700,498.1700
36.0800,517.4625
36.0900,573.3300
36.1000,558.0850
36.1100,647.0725
36.1200,631.3300
36.1300,694.8625
36.1400,683.2275
36.1500,708.2175
36.1600,687.6725
36.1700,646.6775
36.1800,699.1450
36.1900,651.8950
36.2000,556.4300
36.2100,587.4350
36.2200,616.8850
36.2300,556.9675
36.2400,527.9925
36.2500,512.3250
36.2600,530.0350
36.2700,500.0000
36.2800,496.1000
36.2900,459.6775
36.3000,449.9450
36.3100,387.6200
36.3200,391.9375
36.3300,347.2925
36.3400,351.4700
36.3500,336.7225
36.3600,375.1975
36.3700,416.9600
36.3800,320.6025
36.3900,326.0700
36.4000,315.5575
36.4100,273.8175
36.4200,313.3325
36.4300,312.7550
36.4400,305.8075
36.4500,300.0775
36.4600,337.7925
36.4700,347.2050
36.4800,317.7750
36.4900,326.9800
36.5000,293.3325
36.5100,295.7625
36.5200,324.6700
36.5300,338.4100
36.5400,319.2125
36.5500,310.2600
36.5600,312.8175
36.5700,311.0100
36.5800,365.6125
36.5900,387.5675
36.6000,316.6675
36.6100,316.9125
36.6200,321.9500
36.6300,345.7025
36.6400,334.0500
36.6500,341.2050
36.6600,313.3325
36.6700,316.3450
36.6800,358.7300
36.6900,383.2625
36.7000,336.6675
36.7100,335.3325
36.7200,318.8650
36.7300,348.9125
36.7400,333.7625
36.7500,340.8500
36.7600,351.6500
36.7700,326.0425
36.7800,318.7225
36.7900,346.7475
36.8000,297.0675
36.8100,303.5325
36.8200,306.4700
36.8300,304.3025
36.8400,320.9575
36.8500,335.1550
36.8600,310.9325
36.8700,326.2975
36.8800,319.4550
36.8900,309.4600
36.9000,300.7100
36.9100,315.6075
36.9200,357.5300
36.9300,371.9725
36.9400,346.8350
36.9500,351.9850
36.9600,388.6950
36.9700,364.6200
36.9800,386.9900
36.9900,323.8575
37.0000,265.4375
37.0100,244.5400
37.0200,340.7450
37.0300,356.5200
37.0400,351.3125
37.0500,306.8075
37.0600,309.5800
37.0700,301.3725
37.0800,334.1425
37.0900,353.4650
37.1000,356.5375
37.1100,353.7175
37.1200,362.2025
37.1300,333.8250
37.1400,345.7000
37.1500,320.7100
37.1600,340.8125
37.1700,362.7650
37.1800,345.7750
37.1900,319.4550
37.2000,303.5475
37.2100,311.2550
37.2200,349.7950
37.2300,343.3325
37.2400,344.1125
37.2500,368.7625
37.2600,326.8525
37.2700,334.6000
37.2800,380.7925
37.2900,409.0550
37.3000,372.3300
37.3100,333.4950
37.3200,341.5775
37.3300,406.5900
37.3400,403.3325
37.3500,403.6200
37.3600,416.3875
37.3700,404.0050
37.3800,435.1075
37.3900,357.1050
37.4000,381.5675
37.4100,466.2600
37.4200,443.2225
37.4300,436.8800
37.4400,449.8475
37.4500,440.8775
37.4600,500.6500
37.4700,546.8875
37.4800,563.0000
37.4900,536.8650
37.5000,554.4475
37.5100,653.7500
37.5200,693.4300
37.5300,703.9675
37.5400,773.1950
37.5500,757.4350
37.5600,857.1325
37.5700,924.4250
37.5800,1098.5700
37.5900,1435.6850
37.6000,1237.4550
37.6100,1424.0150
37.6200,1616.5825
37.6300,1586.5725
37.6400,1543.2800
37.6500,1506.6900
37.6600,1536.6700
37.6700,1566.6475
37.6800,1530.0475
37.6900,1549.9600
37.7000,1473.5375
37.7100,1293.9400
37.7200,1290.0125
37.7300,1293.3175
37.7400,1266.8125
37.7500,1210.3475
37.7600,1170.2725
37.7700,1113.7575
37.7800,1123.2525
37.7900,1037.4350
37.8000,1016.8575
37.8100,1019.9650
37.8200,1016.7025
37.8300,1016.6675
37.8400,1013.3750
37.8500,1125.1950
37.8600,1123.3800
37.8700,1051.0525
37.8800,1164.9125
37.8900,1337.2775
37.9000,1605.5725
37.9100,1646.0400
37.9200,1787.4550
37.9300,2005.9425
37.9400,2117.8950
37.9500,2306.2375
37.9600,2525.4925
37.9700,2510.4225
37.9800,2431.7475
37.9900,2280.1225
38.0000,2084.5650
38.0100,1862.0025
38.0200,1742.8675
38.0300,1642.5250
38.0400,1575.0625
38.0500,1498.7075
38.0600,1535.5750
38.0700,1429.7425
38.0800,1397.5250
38.0900,1254.3025
38.1000,1088.3350
38.1100,941.1675
38.1200,833.3450
38.1300,726.7500
38.1400,678.1925
38.1500,657.3350
38.1600,601.9300
38.1700,577.4775
38.1800,592.7425
38.1900,567.6300
38.2000,573.0875
38.2100,589.3750
38.2200,625.2675
38.2300,700.3575
38.2400,642.5000
38.2500,681.5925
38.2600,715.3050
38.2700,812.5175
38.2800,839.0150
38.2900,945.2875
38.3000,1096.6600
38.3100,1173.4250
38.3200,1297.6500
38.3300,1481.5000
38.3400,1731.6275
38.3500,1883.1250
38.3600,2039.2175
38.3700,2192.6050
38.3800,2219.0225
38.3900,2296.0350
38.4000,2224.0175
38.4100,2004.8725
38.4200,1822.6175
38.4300,1728.0350
38.4400,1540.2300
38.4500,1485.8350
38.4600,1502.2475
38.4700,1604.1425
38.4800,1559.6300
38.4900,1389.9375
38.5000,1244.8250
38.5100,1063.8900
38.5200,908.9325
38.5300,843.5350
38.5400,736.5550
38.5500,673.6150
38.5600,654.3475
38.5700,603.2850
38.5800,556.2375
38.5900,540.8400
38.6000,486.9375
38.6100,498.9300
38.6200,440.7775
38.6300,396.1750
38.6400,433.7975
38.6500,402.4525
38.6600,415.5400
38.6700,394.9250
38.6800,352.9850
38.6900,346.8975
38.7000,343.5675
38.7100,395.9825
38.7200,415.4750
38.7300,407.3875
38.7400,354.1275
38.7500,399.4125
38.7600,409.5050
38.7700,406.9150
38.7800,382.0125
38.7900,349.2050
38.8000,346.6675
38.8100,352.8175
38.8200,334.8950
38.8300,360.9700
38.8400,357.1975
38.8500,319.8700
38.8600,387.1400
38.8700,378.0250
38.8800,343.0100
38.8900,336.9425
38.9000,391.6625
38.9100,433.3050
38.9200,436.6675
38.9300,418.3750
38.9400,422.7600
38.9500,450.7325
38.9600,450.2900
38.9700,456.0800
38.9800,459.7050
38.9900,484.2850
39.0000,535.2025
39.0100,470.2800
39.0200,439.1000
39.0300,439.6925
39.0400,406.7275
39.0500,454.7175
39.0600,453.9600
39.0700,435.2225
39.0800,415.2375
39.0900,410.3200
39.1000,434.0950
39.1100,448.7050
39.1200,443.9850
39.1300,419.2900
39.1400,410.6600
39.1500,443.0100
39.1600,446.6675
39.1700,443.6700
39.1800,458.3050
39.1900,415.1150
39.2000,412.9900
39.2100,416.3225
39.2200,449.5100
39.2300,423.4975
39.2400,425.9625
39.2500,489.2325
39.2600,517.5075
39.2700,543.8000
39.2800,623.9625
39.2900,633.3325
39.3000,689.7375
39.3100,747.0975
39.3200,815.5850
39.3300,852.9550
39.3400,850.7475
39.3500,861.8325
39.3600,816.0425
39.3700,795.2325
39.3800,690.0325
39.3900,709.1100
39.4000,695.6500
39.4100,681.5525
39.4200,685.8850
39.4300,627.8525
39.4400,655.2625
39.4500,674.6825
39.4600,632.6525
39.4700,594.4125
39.4800,619.3000
39.4900,579.4150
39.5000,570.4075
39.5100,605.0850
39.5200,677.1950
39.5300,730.4575
39.5400,809.6000
39.5500,901.6250
39.5600,930.8125
39.5700,950.8000
39.5800,1095.8650
39.5900,1337.5775
39.6000,1570.4175
39.6100,1782.8550
39.6200,2253.7525
39.6300,2598.2300
39.6400,2677.6500
39.6500,2547.3150
39.6600,2356.0450
39.6700,2240.4175
39.6800,2001.4275
39.6900,1753.1350
39.7000,1659.4475
39.7100,1552.0350
39.7200,1631.6825
39.7300,1689.8225
39.7400,1596.0400
39.7500,1456.4650
39.7600,1448.1500
39.7700,1335.2525
39.7800,1136.0700
39.7900,997.8150
39.8000,848.3300
39.8100,703.6725
39.8200,606.1625
39.8300,530.5000
39.8400,514.2925
39.8500,501.9250
39.8600,471.5025
39.8700,423.9500
39.8800,436.5850
39.8900,414.4075
39.9000,381.5850
39.9100,427.7750
39.9200,411.1300
39.9300,389.6550
39.9400,395.1650
39.9500,388.1725
39.9600,315.9425
39.9700,359.8700
39.9800,381.3000
39.9900,403.0925
40.0000,403.8450
40.0100,392.0600
40.0200,359.0175
40.0300,358.9625
40.0400,368.4375
40.0500,355.9475
40.0600,358.9500
40.0700,354.3875
40.0800,325.2925
40.0900,289.1775
40.1000,342.1325
40.1100,361.7275
40.1200,324.1925
40.1300,330.6350
40.1400,330.5425
40.1500,318.8425
40.1600,355.6925
40.1700,388.4025
40.1800,340.4475
40.1900,346.6875
40.2000,372.2350
40.2100,329.4525
40.2200,347.7525
40.2300,347.7875
40.2400,324.4975
40.2500,347.6900
40.2600,378.2350
40.2700,344.6250
40.2800,320.0900
40.2900,311.1450
40.3000,301.7225
40.3100,349.6200
40.3200,354.4900
40.3300,323.0550
40.3400,368.9275
40.3500,390.9950
40.3600,371.3600
40.3700,361.1775
40.3800,354.5150
40.3900,372.5150
40.4000,404.0500
40.4100,377.1650
40.4200,367.2650
40.4300,374.8625
40.4400,368.4750
40.4500,358.4825
40.4600,386.6550
40.4700,393.3325
40.4800,404.2225
40.4900,417.5475
40.5000,384.6650
40.5100,371.2350
40.5200,407.9950
40.5300,408.5300
40.5400,425.6375
40.5500,402.9200
40.5600,372.3125
40.5700,418.0400
40.5800,457.0200
40.5900,449.8350
40.6000,468.2500
40.6100,492.2050
40.6200,499.3600
40.6300,524.2275
40.6400,637.5925
40.6500,725.1525
40.6600,699.7125
40.6700,746.3600
40.6800,810.9550
40.6900,943.9250
40.7000,1018.8550
40.7100,1123.6525
40.7200,1304.4200
40.7300,1426.1600
40.7400,1721.6550
40.7500,2104.8000
40.7600,2409.9250
40.7700,2749.0300
40.7800,3054.2400
40.7900,3217.0650
40.8000,3285.8575
40.8100,3153.2525
40.8200,2994.5900
40.8300,2666.3250
40.8400,2454.8575
40.8500,2308.7900
40.8600,2168.8725
40.8700,2034.2425
40.8800,1930.0500
40.8900,1973.3575
40.9000,2011.1025
40.9100,1924.4075
40.9200,1778.8350
40.9300,1615.0650
40.9400,1422.1975
40.9500,1193.4075
40.9600,959.5075
40.9700,841.7725
40.9800,742.0475
40.9900,714.7600
41.0000,634.7875
41.0100,542.6950
41.0200,528.5625
41.0300,490.8150
41.0400,480.0000
41.0500,490.4325
41.0600,495.9400
41.0700,473.2275
41.0800,430.2325
41.0900,422.6000
41.1000,438.9250
41.1100,401.7875
41.1200,366.6475
41.1300,354.8150
41.1400,348.1525
41.1500,351.8450
41.1600,392.1350
41.1700,392.9925
41.1800,366.7525
41.1900,367.7425
41.2000,400.9500
41.2100,371.3425
41.2200,344.5500
41.2300,381.1725
41.2400,377.9050
41.2500,375.9025
41.2600,376.6675
41.2700,376.6675
41.2800,394.6125
41.2900,379.5075
41.3000,352.8550
41.3100,356.8975
41.3200,372.7800
41.3300,358.7900
41.3400,312.5025
41.3500,338.2500
41.3600,350.0000
41.3700,347.4550
41.3800,341.5775
41.3900,342.5425
41.4000,389.0600
41.4100,360.1800
41.4200,366.9600
41.4300,368.2650
41.4400,341.3400
41.4500,338.3950
41.4600,327.3550
41.4700,348.6025
41.4800,374.3425
41.4900,349.7225
41.5000,340.0000
41.5100,367.7125
41.5200,356.5275
41.5300,322.3300
41.5400,330.9275
41.5500,376.8525
41.5600,372.4325
41.5700,374.1900
41.5800,344.0900
41.5900,348.3575
41.6000,375.8525
41.6100,433.3375
41.6200,435.0100
41.6300,375.0775
41.6400,346.6875
41.6500,378.2300
41.6600,367.5825
41.6700,377.4225
41.6800,375.8725
41.6900,350.9675
41.7000,383.0650
41.7100,426.4425
41.7200,411.8725
41.7300,405.8100
41.7400,391.8125
41.7500,391.6150
41.7600,403.2200
41.7700,426.4275
41.7800,438.2700
41.7900,405.4725
41.8000,437.6925
41.8100,458.2575
41.8200,464.9225
41.8300,513.3825
41.8400,544.7425
41.8500,569.6400
41.8600,635.5425
41.8700,710.5950
41.8800,722.6525
41.8900,766.5050
41.9000,959.4250
41.9100,1057.5475
41.9200,1167.6800
41.9300,1318.0200
41.9400,1457.5300
41.9500,1715.0475
41.9600,2015.7775
41.9700,2206.1375
41.9800,2356.0550
41.9900,2552.1225
42.0000,2602.7175
42.0100,2495.7125
42.0200,2371.8450
42.0300,2301.2550
42.0400,2151.1600
42.0500,2054.0600
42.0600,1966.6000
42.0700,1814.4600
42.0800,1706.3575
42.0900,1705.0275
42.1000,1667.5675
42.1100,1637.9650
42.1200,1510.6775
42.1300,1357.5925
42.1400,1223.0125
42.1500,1160.2725
42.1600,965.3775
42.1700,785.5200
42.1800,705.0300
42.1900,646.9400
42.2000,601.3150
42.2100,542.2300
42.2200,492.3050
42.2300,444.2275
42.2400,444.2975
42.2500,423.8050
42.2600,399.0575
42.2700,386.2000
42.2800,402.3400
42.2900,412.3750
42.3000,401.4725
42.3100,391.9250
42.3200,361.5775
42.3300,383.1350
42.3400,358.8275
42.3500,366.9650
42.3600,376.6675
42.3700,369.5875
42.3800,380.8125
42.3900,370.1750
42.4000,356.2700
42.4100,379.2075
42.4200,401.7525
42.4300,411.3650
42.4400,375.7825
42.4500,418.6275
42.4600,419.9000
42.4700,410.0000
42.4800,412.3400
42.4900,418.0100
42.5000,471.3950
42.5100,476.9925
42.5200,442.0100
42.5300,471.9550
42.5400,548.2250
42.5500,554.7150
42.5600,553.6425
42.5700,547.3725
42.5800,575.8400
42.5900,590.0000
42.6000,562.1800
42.6100,552.3175
42.6200,525.5550
42.6300,513.3325
42.6400,522.5775
42.6500,480.4775
42.6600,473.8475
42.6700,505.3650
42.6800,498.2325
42.6900,490.0000
42.7000,453.1900
42.7100,432.0700
42.7200,423.1075
42.7300,452.1350
42.7400,450.6125
42.7500,413.5400
42.7600,354.1975
42.7700,321.8925
42.7800,323.5275
42.7900,331.2375
42.8000,356.1650
42.8100,364.3850
42.8200,347.3750
42.8300,324.0550
42.8400,318.9425
42.8500,329.0975
42.8600,328.7875
42.8700,290.3325
42.8800,302.8325
42.8900,348.4100
42.9000,352.0050
42.9100,335.3475
42.9200,366.1950
42.9300,342.6450
42.9400,330.1100
42.9500,353.6450
42.9600,365.5875
42.9700,359.9050
42.9800,352.1625
42.9900,390.5025
43.0000,450.4700
43.0100,476.7400
43.0200,518.1625
43.0300,572.5575
43.0400,576.5500
43.0500,570.0000
43.0600,531.9525
43.0700,479.7875
43.0800,454.3950
43.0900,458.9325
43.1000,423.1725
43.1100,365.4325
43.1200,366.7175
43.1300,369.9875
43.1400,406.7050
43.1500,426.6675
43.1600,408.9000
43.1700,397.7800
43.1800,390.0150
43.1900,388.8825
43.2000,345.7175
43.2100,365.3700
43.2200,393.3000
43.2300,345.8575
43.2400,308.9625
43.2500,296.7175
43.2600,297.7425
43.2700,302.2025
43.2800,309.9350
43.2900,324.3275
43.3000,336.5925
43.3100,320.2400
43.3200,327.5500
43.3300,323.5125
43.3400,294.7625
43.3500,342.4325
43.3600,360.2100
43.3700,346.7775
43.3800,341.1500
43.3900,348.7275
43.4000,335.8900
43.4100,354.9900
43.4200,363.4675
43.4300,346.9475
43.4400,359.5650
43.4500,378.6875
43.4600,374.6525
43.4700,387.3500
43.4800,381.4975
43.4900,356.0100
43.5000,368.3050
43.5100,367.0275
43.5200,370.8025
43.5300,350.7600
43.5400,336.6675
43.5500,353.9100
43.5600,378.4100
43.5700,386.6675
43.5800,393.1175
43.5900,377.3250
43.6000,407.4650
43.6100,432.1450
43.6200,439.7650
43.6300,454.0450
43.6400,487.8300
43.6500,499.0550
43.6600,507.3550
43.6700,549.6425
43.6800,584.9400
43.6900,578.4050
43.7000,621.1425
43.7100,652.1300
43.7200,657.5900
43.7300,660.0000
43.7400,691.8675
43.7500,682.4025
43.7600,645.4550
43.7700,629.0950
43.7800,597.0150
43.7900,605.3975
43.8000,636.9175
43.8100,625.5350
43.8200,566.8800
43.8300,586.4175
43.8400,661.8250
43.8500,639.4400
43.8600,616.3150
43.8700,615.7925
43.8800,571.2950
43.8900,557.1675
43.9000,573.8275
43.9100,554.8350
43.9200,584.0050
43.9300,574.4050
43.9400,542.8725
43.9500,565.9350
43.9600,610.4925
43.9700,618.3175
43.9800,642.5350
43.9900,703.7700
44.0000,721.6700
44.0100,774.9375
44.0200,845.3525
44.0300,904.0700
44.0400,932.8950
44.0500,978.1625
44.0600,1003.3325
44.0700,1005.4050
44.0800,1062.5575
44.0900,1148.3775
44.1000,1124.1925
44.1100,1071.4125
44.1200,1055.8725
44.1300,1001.7775
44.1400,947.3325
44.1500,842.7350
44.1600,805.1850
44.1700,812.5550
44.1800,795.6200
44.1900,809.2475
44.2000,825.3850
44.2100,787.7225
44.2200,783.8150
44.2300,753.6875
44.2400,736.8925
44.2500,712.6825
44.2600,674.9550
44.2700,675.5750
44.2800,691.4875
44.2900,733.3375
44.3000,793.3100
44.3100,851.2475
44.3200,865.2025
44.3300,821.4100
44.3400,780.4300
44.3500,727.4125
44.3600,645.2850
44.3700,593.8000
44.3800,595.4750
44.3900,558.8525
44.4000,538.0825
44.4100,557.4650
44.4200,615.0825
44.4300,640.6200
44.4400,580.2675
44.4500,527.2325
44.4600,508.6225
44.4700,473.1875
44.4800,461.3650
44.4900,436.5675
44.5000,398.6200
44.5100,390.6750
44.5200,399.3400
44.5300,393.3300
44.5400,348.6850
44.5500,327.3275
44.5600,343.9725
44.5700,331.3925
44.5800,326.6325
44.5900,337.3175
44.6000,324.0800
44.6100,309.3575
44.6200,300.7050
44.6300,318.5075
44.6400,327.3800
44.6500,299.5425
44.6600,303.1425
44.6700,338.4425
44.6800,331.5750
44.6900,320.6200
44.7000,311.4825
44.7100,321.0950
44.7200,343.1950
44.7300,330.2925
44.7400,308.7900
44.7500,305.3000
44.7600,318.4650
44.7700,350.2425
44.7800,350.9600
44.7900,332.1525
44.8000,340.3875
44.8100,400.9300
44.8200,422.9650
44.8300,382.0400
44.8400,391.2700
44.8500,409.4275
44.8600,439.8425
44.8700,471.1325
44.8800,505.8950
44.8900,548.0850
44.9000,526.3650
44.9100,533.0500
44.9200,552.7800
44.9300,532.5275
44.9400,510.3000
44.9500,478.1350
44.9600,429.0100
44.9700,395.0550
44.9800,388.6000
44.9900,378.4050
45.0000,387.3800
45.0100,415.4375
45.0200,409.3125
45.0300,412.0800
45.0400,386.7500
45.0500,365.7725
45.0600,387.3025
45.0700,373.1050
45.0800,332.2175
45.0900,318.5850
45.1000,341.0850
45.1100,337.5125
45.1200,330.9900
45.1300,336.6675
45.1400,329.0225
45.1500,296.5975
45.1600,288.1150
45.1700,302.3875
45.1800,312.3825
45.1900,335.7075
45.2000,325.2675
45.2100,297.1600
45.2200,308.9975
45.2300,313.8425
45.2400,285.8000
45.2500,292.7475
45.2600,319.4700
45.2700,307.7400
45.2800,289.5500
45.2900,316.9050
45.3000,330.5575
45.3100,344.0925
45.3200,363.7725
45.3300,361.0125
45.3400,360.4325
45.3500,361.4525
45.3600,363.7600
45.3700,387.3325
45.3800,384.5600
45.3900,381.2550
45.4000,390.0000
45.4100,363.7750
45.4200,348.9500
45.4300,330.8875
45.4400,303.9875
45.4500,328.4175
45.4600,330.9375
45.4700,304.0075
45.4800,317.1675
45.4900,350.0950
45.5000,363.3325
45.5100,333.5800
45.5200,313.7175
45.5300,312.9525
45.5400,324.8425
45.5500,340.3750
45.5600,337.7750
45.5700,346.2925
45.5800,351.1175
45.5900,355.9100
45.6000,368.8750
45.6100,349.3350
45.6200,330.0000
45.6300,326.3125
45.6400,334.3850
45.6500,352.5375
45.6600,350.8025
45.6700,350.6850
45.6800,345.6475
45.6900,358.6900
45.7000,385.8350
45.7100,384.1700
45.7200,398.6425
45.7300,431.3050
45.7400,421.3900
45.7500,383.2325
45.7600,397.7075
45.7700,416.0350
45.7800,406.3525
45.7900,414.2650
45.8000,406.9475
45.8100,386.0550
45.8200,409.0875
45.8300,455.1325
45.8400,442.4725
45.8500,414.8525
45.8600,418.7725
45.8700,408.8425
45.8800,394.8575
45.8900,418.6575
45.9000,449.0375
45.9100,447.6350
45.9200,452.6350
45.9300,465.1375
45.9400,445.0400
45.9500,444.6775
45.9600,481.5975
45.9700,460.4350
45.9800,401.5075
45.9900,394.3675
46.0000,390.5150
46.0100,371.2875
46.0200,375.6275
46.0300,377.9625
46.0400,378.7025
46.0500,386.9100
46.0600,352.4750
46.0700,337.8550
46.0800,360.4700
46.0900,354.1850
46.1000,336.2075
46.1100,344.2450
46.1200,353.1075
46.1300,325.1100
46.1400,285.5675
46.1500,289.5300
46.1600,315.5375
46.1700,312.6950
46.1800,290.9325
46.1900,290.6225
46.2000,289.3850
46.2100,287.0725
46.2200,303.9325
46.2300,302.7425
46.2400,319.7950
46.2500,348.6225
46.2600,314.5775
46.2700,288.8025
46.2800,303.7025
46.2900,310.0000
46.3000,304.7300
46.3100,340.3750
46.3200,329.3050
46.3300,270.8900
46.3400,267.1775
46.3500,288.9200
46.3600,284.2575
46.3700,290.9750
46.3800,327.4675
46.3900,318.8950
46.4000,315.8550
46.4100,329.8475
46.4200,323.1825
46.4300,342.6275
46.4400,340.7200
46.4500,314.7850
46.4600,313.4750
46.4700,316.6675
46.4800,344.4200
46.4900,368.2675
46.5000,375.3275
46.5100,381.6025
46.5200,386.9200
46.5300,377.7775
46.5400,389.2425
46.5500,439.2250
46.5600,446.0850
46.5700,400.6975
46.5800,362.9975
46.5900,356.7750
46.6000,351.4000
46.6100,360.5225
46.6200,374.9500
46.6300,364.7500
46.6400,348.0900
46.6500,341.7150
46.6600,358.7500
46.6700,373.3325
46.6800,373.3325
46.6900,357.9475
46.7000,329.6675
46.7100,347.3950
46.7200,361.3125
46.7300,355.1900
46.7400,354.8150
46.7500,321.1300
46.7600,296.6675
46.7700,308.5675
46.7800,326.7950
46.7900,319.7500
46.8000,311.7575
46.8100,311.5800
46.8200,294.8075
46.8300,317.1975
46.8400,324.6200
46.8500,291.5450
46.8600,293.4725
46.8700,320.2200
46.8800,334.9800
46.8900,331.6475
46.9000,313.1475
46.9100,298.3500
46.9200,306.7325
46.9300,304.9250
46.9400,298.3475
46.9500,293.2825
46.9600,313.5200
46.9700,328.2600
46.9800,306.6100
46.9900,305.0425
47.0000,304.9650
47.0100,291.6475
47.0200,276.6375
47.0300,278.3600
47.0400,291.6700
47.0500,291.6650
47.0600,308.3375
47.0700,329.9975
47.0800,343.3225
47.0900,343.3500
47.1000,328.3450
47.1100,324.9950
47.1200,353.2350
47.1300,376.6825
47.1400,383.2825
47.1500,385.0475
47.1600,416.4125
47.1700,486.4550
47.1800,501.7825
47.1900,499.8875
47.2000,548.0175
47.2100,604.7900
47.2200,620.0675
47.2300,629.8175
47.2400,661.4925
47.2500,681.6050
47.2600,655.4100
47.2700,626.6225
47.2800,630.0000
47.2900,634.9250
47.3000,595.6975
47.3100,546.7200
47.3200,554.8050
47.3300,540.4650
47.3400,523.1525
47.3500,526.7925
47.3600,533.0750
47.3700,515.6325
47.3800,475.1725
47.3900,466.6675
47.4000,479.7075
47.4100,475.4125
47.4200,471.3200
47.4300,447.6175
47.4400,396.9100
47.4500,362.2925
47.4600,331.7950
47.4700,331.5350
47.4800,339.9100
47.4900,330.3675
47.5000,321.5250
47.5100,310.4800
47.5200,288.4800
47.5300,297.8825
47.5400,321.4100
47.5500,336.4575
47.5600,320.7450
47.5700,288.6050
47.5800,296.1150
47.5900,322.9950
47.6000,322.0675
47.6100,314.8250
47.6200,318.3925
47.6300,307.0300
47.6400,317.5350
47.6500,328.7700
47.6600,334.3025
47.6700,351.7300
47.6800,341.9950
47.6900,325.3325
47.7000,327.8600
47.7100,335.2050
47.7200,328.4025
47.7300,333.0525
47.7400,341.5950
47.7500,341.7400
47.7600,354.3400
47.7700,347.7100
47.7800,316.9675
47.7900,313.1800
47.8000,305.5425
47.8100,312.3925
47.8200,322.2225
47.8300,316.3450
47.8400,326.5050
47.8500,339.5050
47.8600,340.5000
47.8700,334.7475
47.8800,328.9300
47.8900,311.9250
47.9000,314.5625
47.9100,332.8050
47.9200,340.1775
47.9300,319.3250
47.9400,304.7275
47.9500,335.1925
47.9600,352.3175
47.9700,344.7175
47.9800,332.7125
47.9900,319.6150
48.0000,318.8175
48.0100,308.4300
48.0200,316.0725
48.0300,325.1000
48.0400,323.3325
48.0500,320.2025
48.0600,322.9225
48.0700,326.8750
48.0800,331.1450
48.0900,349.3675
48.1000,383.4025
48.1100,377.2550
48.1200,347.7925
48.1300,341.0925
48.1400,315.5500
48.1500,322.2225
48.1600,350.8825
48.1700,375.7625
48.1800,390.0000
48.1900,366.7225
48.2000,338.4500
48.2100,378.5150
48.2200,434.4125
48.2300,437.1400
48.2400,437.7350
48.2500,474.5000
48.2600,503.5750
48.2700,472.2000
48.2800,466.2400
48.2900,465.8150
48.3000,428.4575
48.3100,420.5025
48.3200,428.7325
48.3300,448.2050
48.3400,437.6950
48.3500,457.1500
48.3600,536.6100
48.3700,595.6150
48.3800,643.7575
48.3900,724.7400
48.4000,790.1925
48.4100,823.7850
48.4200,843.0625
48.4300,832.8975
48.4400,764.6775
48.4500,717.0875
48.4600,740.9700
48.4700,743.8950
48.4800,710.7325
48.4900,652.5550
48.5000,613.9050
48.5100,579.2550
48.5200,561.8875
48.5300,572.3950
48.5400,573.9750
48.5500,585.1475
48.5600,584.8525
48.5700,586.6675
48.5800,557.8475
48.5900,511.2050
48.6000,531.5125
48.6100,547.5925
48.6200,490.9400
48.6300,435.8000
48.6400,396.0850
48.6500,371.2475
48.6600,364.2150
48.6700,368.8075
48.6800,349.7600
48.6900,321.2750
48.7000,306.6675
48.7100,306.6675
48.7200,312.6850
48.7300,330.5275
48.7400,343.3325
48.7500,338.8275
48.7600,324.3250
48.7700,332.8400
48.7800,337.1700
48.7900,295.3475
48.8000,282.3225
48.8100,312.7975
48.8200,329.1850
48.8300,333.4600
48.8400,323.0950
48.8500,285.5175
48.8600,287.4650
48.8700,308.6050
48.8800,329.3000
48.8900,336.6675
48.9000,347.0950
48.9100,368.9325
48.9200,380.0000
48.9300,387.4375
48.9400,401.1250
48.9500,427.4650
48.9600,460.7575
48.9700,499.6800
48.9800,541.1175
48.9900,537.7725
49.0000,541.4825
49.0100,554.0775
49.0200,540.7475
49.0300,514.1025
49.0400,469.3025
49.0500,472.8850
49.0600,505.5700
49.0700,502.9525
49.0800,500.7650
49.0900,496.2825
49.1000,505.8950
49.1100,497.1325
49.1200,486.9700
49.1300,492.6425
49.1400,490.6850
49.1500,505.8800
49.1600,491.3000
49.1700,463.3325
49.1800,486.8100
49.1900,526.9325
49.2000,548.7950
49.2100,549.7450
49.2200,535.2025
49.2300,533.3325
49.2400,509.9300
49.2500,469.7675
49.2600,449.3600
49.2700,440.0000
49.2800,450.2175
49.2900,472.0875
49.3000,460.0025
49.3100,435.8300
49.3200,443.3325
49.3300,443.3325
49.3400,447.6975
49.3500,462.0600
49.3600,492.2300
49.3700,509.4025
49.3800,502.9050
49.3900,493.6050
49.4000,467.9625
49.4100,458.1175
49.4200,435.3650
49.4300,387.4025
49.4400,357.9800
49.4500,343.7725
49.4600,334.2150
49.4700,323.7750
49.4800,344.5575
49.4900,368.0025
49.5000,366.7675
49.5100,375.6725
49.5200,365.6750
49.5300,354.2350
49.5400,348.1075
49.5500,337.0450
49.5600,320.0000
49.5700,332.9425
49.5800,351.4375
49.5900,353.3325
49.6000,376.3075
49.6100,409.5375
49.6200,396.1200
49.6300,346.0925
49.6400,327.1950
49.6500,348.5675
49.6600,338.0775
49.6700,318.0825
49.6800,318.1075
49.6900,333.3325
49.7000,329.0475
49.7100,314.7650
49.7200,293.3425
49.7300,285.7075
49.7400,290.4825
49.7500,289.5175
49.7600,301.8800
49.7700,314.7575
49.7800,312.3975
49.7900,302.4000
49.8000,292.4025
49.8100,285.2450
49.8200,289.0150
49.8300,302.3450
49.8400,325.6075
49.8500,323.9750
49.8600,283.4100
49.8700,275.6675
49.8800,303.1600
49.8900,297.4425
49.9000,261.8225
49.9100,266.2625
49.9200,263.7350
49.9300,283.2225
49.9400,291.0175
49.9500,272.0425
49.9600,269.3650
49.9700,290.8975
49.9800,296.6675
49.9900,296.6675
50.0000,296.6675
