#Intensity_unit=cps
#Attenuator_coefficient=1.0000
10.0000,833.6975
10.0100,824.5250
10.0200,856.7075
10.0300,847.8675
10.0400,904.2700
10.0500,843.3250
10.0600,760.9300
10.0700,710.9375
10.0800,830.7800
10.0900,825.1775
10.1000,805.1850
10.1100,794.2625
10.1200,808.4450
10.1300,828.1275
10.1400,830.0000
10.1500,760.5650
10.1600,732.2100
10.1700,793.3475
10.1800,790.9550
10.1900,805.0700
10.2000,827.7575
10.2100,826.9875
10.2200,814.6250
10.2300,822.3625
10.2400,814.3100
10.2500,843.4025
10.2600,828.6325
10.2700,796.6200
10.2800,772.3100
10.2900,803.0250
10.3000,788.6600
10.3100,849.6625
10.3200,868.6600
10.3300,875.9950
10.3400,888.6500
10.3500,830.1025
10.3600,829.3200
10.3700,838.9775
10.3800,863.9300
10.3900,842.7475
10.4000,816.0900
10.4100,864.1225
10.4200,858.0550
10.4300,779.0525
10.4400,764.0325
10.4500,787.1950
10.4600,828.7575
10.4700,904.8575
10.4800,874.6075
10.4900,875.9550
10.5000,849.8775
10.5100,852.6175
10.5200,853.3325
10.5300,776.0425
10.5400,873.6425
10.5500,856.9650
10.5600,817.7050
10.5700,748.0425
10.5800,763.7325
10.5900,814.1100
10.6000,763.6825
10.6100,744.8150
10.6200,811.4475
10.6300,849.6025
10.6400,859.2525
10.6500,854.0850
10.6600,844.4650
10.6700,875.8400
10.6800,788.4275
10.6900,823.9100
10.7000,874.2700
10.7100,850.5000
10.7200,831.9225
10.7300,883.0550
10.7400,804.5575
10.7500,778.6075
10.7600,814.9350
10.7700,825.8850
10.7800,873.7250
10.7900,856.4800
10.8000,823.9475
10.8100,817.0625
10.8200,807.8575
10.8300,806.6675
10.8400,797.8675
10.8500,831.8525
10.8600,807.3575
10.8700,753.5325
10.8800,822.8000
10.8900,777.7225
10.9000,781.7025
10.9100,806.7275
10.9200,815.8450
10.9300,848.8050
10.9400,841.6525
10.9500,895.4625
10.9600,801.2125
10.9700,748.7525
10.9800,728.7575
10.9900,749.9775
11.0000,794.1075
11.0100,797.0900
11.0200,773.3875
11.0300,799.0850
11.0400,826.5900
11.0500,841.6225
11.0600,785.2425
11.0700,788.2800
11.0800,781.2950
11.0900,768.3975
11.1000,798.5575
11.1100,797.5375
11.1200,779.2875
11.1300,791.1425
11.1400,796.2275
11.1500,785.0975
11.1600,739.9650
11.1700,770.9025
11.1800,791.1100
11.1900,816.4300
11.2000,796.9125
11.2100,830.8300
11.2200,868.3800
11.2300,824.3425
11.2400,770.5800
11.2500,795.0025
11.2600,797.1225
11.2700,819.6775
11.2800,854.9575
11.2900,839.8850
11.3000,819.4325
11.3100,796.5700
11.3200,801.9425
11.3300,771.7850
11.3400,778.1325
11.3500,820.1150
11.3600,795.1625
11.3700,752.7850
11.3800,740.9450
11.3900,768.5975
11.4000,747.6075
11.4100,771.9050
11.4200,808.0800
11.4300,767.6650
11.4400,762.8525
11.4500,774.7400
11.4600,768.1150
11.4700,741.0275
11.4800,736.6675
11.4900,810.6625
11.5000,794.8875
11.5100,792.8425
11.5200,756.3900
11.5300,747.1600
11.5400,775.0575
11.5500,816.8875
11.5600,777.9550
11.5700,781.3400
11.5800,772.0000
11.5900,696.3700
11.6000,717.3000
11.6100,777.0875
11.6200,744.2500
11.6300,759.2775
11.6400,833.9550
11.6500,809.9625
11.6600,769.4700
11.6700,797.1800
11.6800,834.3450
11.6900,828.7300
11.7000,829.4825
11.7100,860.9650
11.7200,790.7025
11.7300,768.2300
11.7400,761.0450
11.7500,765.6175
11.7600,749.8200
11.7700,794.3750
11.7800,803.3325
11.7900,783.7100
11.8000,794.0100
11.8100,833.0750
11.8200,837.2000
11.8300,789.1075
11.8400,760.4275
11.8500,723.1300
11.8600,727.8400
11.8700,777.4625
11.8800,786.6675
11.8900,736.4650
11.9000,760.1175
11.9100,758.3075
11.9200,720.4675
11.9300,713.3325
11.9400,757.8400
11.9500,738.8650
11.9600,713.8825
11.9700,754.4375
11.9800,760.5575
11.9900,710.0625
12.0000,769.3225
12.0100,769.4775
12.0200,763.8975
12.0300,707.9650
12.0400,696.6675
12.0500,707.7275
12.0600,734.8750
12.0700,748.2875
12.0800,769.3275
12.0900,723.6625
12.1000,713.3325
12.1100,743.6550
12.1200,686.6325
12.1300,720.1450
12.1400,705.2300
12.1500,705.5000
12.1600,717.6625
12.1700,714.5050
12.1800,754.5250
12.1900,689.2275
12.2000,684.3050
12.2100,711.3425
12.2200,705.7050
12.2300,747.1525
12.2400,740.2450
12.2500,772.2300
12.2600,771.7975
12.2700,745.4075
12.2800,726.3450
12.2900,723.3325
12.3000,764.2550
12.3100,707.8975
12.3200,745.1075
12.3300,718.5375
12.3400,704.5550
12.3500,716.9350
12.3600,725.4375
12.3700,767.4275
12.3800,763.0875
12.3900,743.7150
12.4000,712.8725
12.4100,741.9125
12.4200,698.5150
12.4300,727.2900
12.4400,777.2675
12.4500,770.4350
12.4600,712.5950
12.4700,727.0200
12.4800,752.2375
12.4900,794.4525
12.5000,789.8450
12.5100,754.3150
12.5200,762.8325
12.5300,782.8225
12.5400,770.5200
12.5500,685.9750
12.5600,688.1725
12.5700,706.7675
12.5800,736.8500
12.5900,778.2175
12.6000,792.0300
12.6100,710.2425
12.6200,714.1100
12.6300,717.3225
12.6400,708.6400
12.6500,765.4975
12.6600,747.9300
12.6700,713.2900
12.6800,725.3525
12.6900,770.0175
12.7000,742.6725
12.7100,698.6925
12.7200,697.9900
12.7300,715.9700
12.7400,690.7400
12.7500,763.0850
12.7600,770.0500
12.7700,748.0800
12.7800,735.3725
12.7900,672.3375
12.8000,746.7825
12.8100,740.8625
12.8200,717.4500
12.8300,750.3725
12.8400,757.3550
12.8500,759.3100
12.8600,757.3600
12.8700,738.1925
12.8800,741.2475
12.8900,759.1500
12.9000,739.6225
12.9100,699.1050
12.9200,705.7875
12.9300,712.6300
12.9400,700.1925
12.9500,759.7025
12.9600,729.4200
12.9700,658.9550
12.9800,703.6325
12.9900,738.3400
13.0000,722.3850
13.0100,680.0325
13.0200,670.0000
13.0300,690.9075
13.0400,733.2350
13.0500,727.6725
13.0600,699.8550
13.0700,766.3325
13.0800,726.7400
13.0900,694.3775
13.1000,708.2150
13.1100,687.3275
13.1200,669.6050
13.1300,671.8625
13.1400,642.1850
13.1500,635.9275
13.1600,665.1825
13.1700,699.2400
13.1800,701.4875
13.1900,705.1750
13.2000,662.7075
13.2100,688.7625
13.2200,679.3400
13.2300,634.6200
13.2400,682.6575
13.2500,723.1975
13.2600,704.2400
13.2700,686.3700
13.2800,680.7600
13.2900,674.8575
13.3000,696.4575
13.3100,677.6575
13.3200,644.3400
13.3300,646.9250
13.3400,647.4375
13.3500,649.2275
13.3600,662.7975
13.3700,648.7625
13.3800,674.0050
13.3900,650.1275
13.4000,611.9200
13.4100,633.9450
13.4200,640.7850
13.4300,688.4075
13.4400,647.3200
13.4500,609.6450
13.4600,674.5275
13.4700,722.0775
13.4800,707.1450
13.4900,725.3775
13.5000,685.1500
13.5100,647.1925
13.5200,685.5875
13.5300,654.4450
13.5400,677.9375
13.5500,682.4175
13.5600,599.1725
13.5700,603.6225
13.5800,615.8550
13.5900,634.3125
13.6000,655.1150
13.6100,682.6550
13.6200,634.6550
13.6300,599.0700
13.6400,646.0900
13.6500,658.3125
13.6600,649.1400
13.6700,641.6525
13.6800,642.5050
13.6900,585.7475
13.7000,619.2100
13.7100,661.6700
13.7200,682.4925
13.7300,684.1700
13.7400,623.4500
13.7500,585.8800
13.7600,604.9175
13.7700,615.8225
13.7800,624.1325
13.7900,614.2350
13.8000,622.4250
13.8100,649.0150
13.8200,661.6300
13.8300,641.0175
13.8400,623.4225
13.8500,637.3325
13.8600,635.9100
13.8700,680.3150
13.8800,731.2600
13.8900,686.5400
13.9000,627.1850
13.9100,620.7300
13.9200,675.0775
13.9300,713.0325
13.9400,702.7750
13.9500,657.3250
13.9600,655.6200
13.9700,672.2775
13.9800,652.1300
13.9900,606.5550
14.0000,605.5850
14.0100,671.2100
14.0200,629.7225
14.0300,611.5575
14.0400,623.1050
14.0500,619.3425
14.0600,599.5900
14.0700,610.3975
14.0800,645.9000
14.0900,615.2825
14.1000,612.1625
14.1100,616.6675
14.1200,611.8075
14.1300,617.2825
14.1400,636.9775
14.1500,626.3675
14.1600,600.6250
14.1700,607.8550
14.1800,659.2825
14.1900,642.8350
14.2000,610.6800
14.2100,629.8775
14.2200,640.0000
14.2300,618.3150
14.2400,622.0375
14.2500,650.7275
14.2600,647.9800
14.2700,655.3450
14.2800,669.6025
14.2900,618.1600
14.3000,613.4450
14.3100,641.5575
14.3200,652.3925
14.3300,603.1075
14.3400,585.7225
14.3500,622.4875
14.3600,641.4400
14.3700,633.7950
14.3800,641.9125
14.3900,637.1425
14.4000,642.8500
14.4100,653.7975
14.4200,670.9200
14.4300,652.9300
14.4400,600.6400
14.4500,595.1825
14.4600,590.5275
14.4700,607.9650
14.4800,630.8550
14.4900,622.4900
14.5000,600.1400
14.5100,581.5375
14.5200,588.4525
14.5300,602.7550
14.5400,585.4825
14.5500,602.5375
14.5600,608.6325
14.5700,620.7575
14.5800,624.3200
14.5900,630.3675
14.6000,647.3900
14.6100,639.2875
14.6200,654.3850
14.6300,665.6700
14.6400,678.3450
14.6500,636.6600
14.6600,625.9950
14.6700,653.3000
14.6800,633.0675
14.6900,603.7150
14.7000,636.1825
14.7100,637.0750
14.7200,620.7175
14.7300,591.1575
14.7400,591.5850
14.7500,598.9825
14.7600,618.5075
14.7700,635.9125
14.7800,598.4250
14.7900,549.9975
14.8000,557.4200
14.8100,568.9700
14.8200,597.6275
14.8300,586.9950
14.8400,539.8875
14.8500,539.4100
14.8600,581.0900
14.8700,596.6675
14.8800,582.9200
14.8900,624.7425
14.9000,610.0675
14.9100,600.1900
14.9200,589.6300
14.9300,619.8425
14.9400,629.8275
14.9500,583.3825
14.9600,611.1350
14.9700,667.4500
14.9800,612.8850
14.9900,598.1650
15.0000,595.3225
15.0100,585.4650
15.0200,610.5150
15.0300,618.8075
15.0400,607.6225
15.0500,587.5175
15.0600,613.8625
15.0700,645.7900
15.0800,642.0650
15.0900,632.1625
15.1000,641.2500
15.1100,633.1775
15.1200,637.8975
15.1300,629.8675
15.1400,621.0900
15.1500,611.0375
15.1600,602.1900
15.1700,624.6050
15.1800,629.9625
15.1900,613.2700
15.2000,620.0525
15.2100,619.9800
15.2200,581.0300
15.2300,561.1075
15.2400,577.7875
15.2500,584.4450
15.2600,618.8475
15.2700,647.7550
15.2800,631.1750
15.2900,573.5075
15.3000,567.6950
15.3100,561.1950
15.3200,555.5425
15.3300,550.0475
15.3400,559.8925
15.3500,612.9175
15.3600,590.4550
15.3700,544.6800
15.3800,524.5475
15.3900,517.8050
15.4000,536.4025
15.4100,546.6675
15.4200,559.8000
15.4300,573.2275
15.4400,572.2975
15.4500,587.4650
15.4600,596.6675
15.4700,618.4600
15.4800,612.5800
15.4900,575.0525
15.5000,560.0000
15.5100,538.2850
15.5200,546.1950
15.5300,543.6600
15.5400,545.3300
15.5500,515.3775
15.5600,568.0100
15.5700,552.6675
15.5800,560.0200
15.5900,590.7800
15.6000,592.3575
15.6100,559.8700
15.6200,573.4375
15.6300,583.5550
15.6400,610.0500
15.6500,605.2225
15.6600,539.7725
15.6700,480.0325
15.6800,518.9350
15.6900,552.1375
15.7000,540.5250
15.7100,539.7325
15.7200,543.3325
15.7300,530.5600
15.7400,508.4450
15.7500,531.8725
15.7600,577.5975
15.7700,576.3650
15.7800,558.1900
15.7900,580.8550
15.8000,603.0125
15.8100,579.1975
15.8200,586.5550
15.8300,570.4725
15.8400,553.3325
15.8500,553.3325
15.8600,557.5400
15.8700,551.5950
15.8800,536.1700
15.8900,513.2225
15.9000,509.6200
15.9100,546.8250
15.9200,568.7575
15.9300,570.0000
15.9400,576.2625
15.9500,577.9150
15.9600,528.7500
15.9700,531.2200
15.9800,525.0475
15.9900,489.2250
16.0000,495.3450
16.0100,527.4000
16.0200,544.1425
16.0300,530.1125
16.0400,522.0675
16.0500,539.8575
16.0600,552.0625
16.0700,538.9025
16.0800,536.1775
16.0900,515.3100
16.1000,506.1675
16.1100,493.5725
16.1200,505.9000
16.1300,532.2975
16.1400,537.9525
16.1500,538.7125
16.1600,550.2175
16.1700,564.8325
16.1800,563.8825
16.1900,535.5525
16.2000,481.3275
16.2100,485.1325
16.2200,550.0550
16.2300,539.4150
16.2400,513.3325
16.2500,551.8125
16.2600,526.0850
16.2700,503.4400
16.2800,534.2300
16.2900,523.7775
16.3000,522.7875
16.3100,549.4375
16.3200,519.7775
16.3300,489.3150
16.3400,524.8000
16.3500,539.9750
16.3600,531.3300
16.3700,564.0175
16.3800,580.6700
16.3900,576.6675
16.4000,528.7900
16.4100,498.6600
16.4200,500.0000
16.4300,515.9100
16.4400,536.6000
16.4500,569.1350
16.4600,558.9100
16.4700,540.0000
16.4800,555.8275
16.4900,540.9725
16.5000,519.3850
16.5100,534.4175
16.5200,542.7250
16.5300,547.8725
16.5400,551.3675
16.5500,551.9650
16.5600,576.8800
16.5700,569.8125
16.5800,555.2925
16.5900,558.6225
16.6000,577.5850
16.6100,593.9050
16.6200,581.0675
16.6300,546.6275
16.6400,541.6750
16.6500,520.8450
16.6600,478.6425
16.6700,509.8825
16.6800,531.7075
16.6900,523.3325
16.7000,527.2000
16.7100,558.9700
16.7200,568.4250
16.7300,538.8025
16.7400,519.4825
16.7500,532.0500
16.7600,556.7800
16.7700,587.7750
16.7800,599.5000
16.7900,581.3500
16.8000,566.1750
16.8100,546.1375
16.8200,521.8825
16.8300,511.4275
16.8400,510.0000
16.8500,517.6100
16.8600,515.7325
16.8700,494.8150
16.8800,494.7100
16.8900,533.6350
16.9000,539.6400
16.9100,515.3275
16.9200,504.7800
16.9300,508.9900
16.9400,513.3325
16.9500,520.8575
16.9600,539.8200
16.9700,529.3525
16.9800,517.0825
16.9900,531.2375
17.0000,551.2250
17.0100,565.6050
17.0200,577.4675
17.0300,553.5000
17.0400,524.4125
17.0500,508.8375
17.0600,511.1500
17.0700,525.5675
17.0800,515.1675
17.0900,481.1100
17.1000,465.1825
17.1100,459.2750
17.1200,473.6350
17.1300,482.6250
17.1400,515.3350
17.1500,542.9875
17.1600,532.6525
17.1700,539.5125
17.1800,529.8375
17.1900,515.1650
17.2000,516.6675
17.2100,487.4425
17.2200,472.4550
17.2300,510.9800
17.2400,500.2625
17.2500,468.1825
17.2600,466.6675
17.2700,475.7350
17.2800,497.8275
17.2900,488.2850
17.3000,479.0375
17.3100,486.6675
17.3200,497.4850
17.3300,512.0700
17.3400,525.6600
17.3500,511.7725
17.3600,480.7700
17.3700,450.2825
17.3800,465.5600
17.3900,516.5800
17.4000,533.0950
17.4100,519.2975
17.4200,522.4725
17.4300,515.5375
17.4400,492.8900
17.4500,479.5650
17.4600,476.8800
17.4700,488.8550
17.4800,450.6750
17.4900,445.3350
17.5000,480.1950
17.5100,481.5700
17.5200,501.1250
17.5300,518.2425
17.5400,520.1775
17.5500,511.0550
17.5600,521.0200
17.5700,536.5000
17.5800,521.1025
17.5900,516.9800
17.6000,526.8200
17.6100,519.5550
17.6200,496.0900
17.6300,490.2800
17.6400,527.8875
17.6500,563.5950
17.6600,563.0800
17.6700,541.1150
17.6800,514.5850
17.6900,482.6500
17.7000,461.6125
17.7100,463.4375
17.7200,459.7975
17.7300,473.9125
17.7400,505.3225
17.7500,492.7175
17.7600,480.2500
17.7700,486.5875
17.7800,485.0375
17.7900,478.1575
17.8000,493.7975
17.8100,508.1800
17.8200,489.8275
17.8300,476.6125
17.8400,466.5700
17.8500,461.6900
17.8600,490.3200
17.8700,525.0900
17.8800,543.4275
17.8900,523.0925
17.9000,493.3325
17.9100,513.4425
17.9200,514.9250
17.9300,478.2825
17.9400,465.0075
17.9500,480.0025
17.9600,494.9950
17.9700,513.3000
17.9800,543.2700
17.9900,551.7100
18.0000,526.7725
18.0100,519.9225
18.0200,528.3475
18.0300,520.0700
18.0400,493.5675
18.0500,470.0425
18.0600,469.9525
18.0700,458.5675
18.0800,454.8025
18.0900,478.1200
18.1000,506.3400
18.1100,510.2800
18.1200,480.3700
18.1300,461.7050
18.1400,448.6250
18.1500,456.1425
18.1600,504.2200
18.1700,518.7675
18.1800,490.4025
18.1900,479.8950
18.2000,493.0050
18.2100,488.8475
18.2200,476.5475
18.2300,471.9750
18.2400,458.5250
18.2500,474.1425
18.2600,503.0600
18.2700,502.0175
18.2800,491.7400
18.2900,483.6325
18.3000,468.7175
18.3100,482.2250
18.3200,484.4725
18.3300,464.7500
18.3400,479.4850
18.3500,534.2000
18.3600,586.4850
18.3700,599.4450
18.3800,649.2950
18.3900,770.2450
18.4000,967.9500
18.4100,1177.8500
18.4200,1395.2400
18.4300,1614.4875
18.4400,1717.5750
18.4500,1756.4550
18.4600,1749.3725
18.4700,1691.1500
18.4800,1668.6850
18.4900,1714.3925
18.5000,1753.2475
18.5100,1696.0600
18.5200,1625.8575
18.5300,1482.3225
18.5400,1335.1625
18.5500,1290.0600
18.5600,1283.5125
18.5700,1272.7475
18.5800,1186.2750
18.5900,1079.4000
18.6000,1012.6750
18.6100,972.6350
18.6200,895.9775
18.6300,800.8925
18.6400,715.1900
18.6500,676.3550
18.6600,643.7850
18.6700,586.4400
18.6800,562.4775
18.6900,559.3425
18.7000,538.1675
18.7100,492.8500
18.7200,497.9450
18.7300,539.4125
18.7400,523.0775
18.7500,480.7775
18.7600,492.9725
18.7700,489.2450
18.7800,484.4450
18.7900,485.5625
18.8000,484.4325
18.8100,497.3750
18.8200,509.6125
18.8300,489.8050
18.8400,460.0000
18.8500,460.0000
18.8600,449.7550
18.8700,443.9725
18.8800,469.3850
18.8900,491.4575
18.9000,481.6975
18.9100,466.6675
18.9200,463.7675
18.9300,475.9250
18.9400,501.0025
18.9500,499.4500
18.9600,484.2375
18.9700,475.2275
18.9800,494.8775
18.9900,517.5975
19.0000,514.2950
19.0100,495.7000
19.0200,479.0325
19.0300,487.1750
19.0400,475.6900
19.0500,481.9125
19.0600,475.7450
19.0700,464.3375
19.0800,446.7725
19.0900,447.4450
19.1000,469.4850
19.1100,467.7075
19.1200,465.6175
19.1300,463.5200
19.1400,440.2025
19.1500,462.9975
19.1600,495.1975
19.1700,461.6425
19.1800,434.7050
19.1900,428.6025
19.2000,445.8425
19.2100,470.4375
19.2200,482.9450
19.2300,441.3800
19.2400,441.9575
19.2500,445.4975
19.2600,440.9850
19.2700,427.4425
19.2800,445.6400
19.2900,464.6975
19.3000,447.5875
19.3100,414.5575
19.3200,420.2475
19.3300,454.9150
19.3400,472.6050
19.3500,477.4775
19.3600,489.2875
19.3700,464.4800
19.3800,432.6350
19.3900,448.1375
19.4000,461.2450
19.4100,437.3450
19.4200,446.0025
19.4300,464.6600
19.4400,470.7025
19.4500,434.7150
19.4600,441.8550
19.4700,472.0600
19.4800,436.2200
19.4900,409.2300
19.5000,443.0800
19.5100,462.8200
19.5200,444.0425
19.5300,420.3575
19.5400,388.6925
19.5500,378.8375
19.5600,387.5050
19.5700,430.4000
19.5800,444.0700
19.5900,443.8875
19.6000,446.1200
19.6100,427.0925
19.6200,411.8200
19.6300,399.4225
19.6400,369.2350
19.6500,388.7100
19.6600,415.8925
19.6700,414.8925
19.6800,406.6675
19.6900,404.1225
19.7000,398.7300
19.7100,414.4100
19.7200,461.0425
19.7300,476.1100
19.7400,455.8550
19.7500,462.5150
19.7600,461.6450
19.7700,448.3200
19.7800,445.0050
19.7900,453.3325
19.8000,454.5800
19.8100,465.3750
19.8200,465.1025
19.8300,433.8050
19.8400,429.5175
19.8500,427.6550
19.8600,426.3800
19.8700,452.6225
19.8800,427.7250
19.8900,400.5425
19.9000,402.2275
19.9100,441.6375
19.9200,476.9875
19.9300,479.6875
19.9400,457.5600
19.9500,425.1575
19.9600,421.5000
19.9700,425.1750
19.9800,426.2975
19.9900,467.3625
20.0000,488.4175
20.0100,464.3600
20.0200,490.0000
20.0300,486.4250
20.0400,482.3800
20.0500,479.5425
20.0600,459.5575
20.0700,462.0400
20.0800,499.4400
20.0900,509.6000
20.1000,484.9125
20.1100,462.1600
20.1200,457.6600
20.1300,447.4925
20.1400,443.6625
20.1500,448.5225
20.1600,440.3000
20.1700,457.9675
20.1800,452.7900
20.1900,431.2825
20.2000,454.9700
20.2100,477.5875
20.2200,455.1975
20.2300,418.4550
20.2400,395.7100
20.2500,419.2025
20.2600,446.7450
20.2700,449.9275
20.2800,442.2000
20.2900,428.6975
20.3000,417.9450
20.3100,424.2450
20.3200,412.4225
20.3300,464.5675
20.3400,466.4975
20.3500,415.5650
20.3600,416.6600
20.3700,401.1125
20.3800,386.6600
20.3900,398.8650
20.4000,430.9725
20.4100,474.4350
20.4200,464.5775
20.4300,441.0975
20.4400,442.2400
20.4500,438.9075
20.4600,447.5600
20.4700,491.7400
20.4800,548.5975
20.4900,599.3075
20.5000,645.7750
20.5100,644.0075
20.5200,713.1100
20.5300,810.6100
20.5400,835.7200
20.5500,836.2775
20.5600,869.4525
20.5700,899.8550
20.5800,900.3025
20.5900,926.8775
20.6000,1014.3900
20.6100,988.2250
20.6200,913.0050
20.6300,875.9925
20.6400,856.8625
20.6500,819.7325
20.6600,752.2925
20.6700,753.1175
20.6800,753.7825
20.6900,729.6600
20.7000,695.3200
20.7100,645.3000
20.7200,587.9475
20.7300,599.7225
20.7400,642.7975
20.7500,667.8825
20.7600,702.4875
20.7700,705.0700
20.7800,682.5675
20.7900,761.0025
20.8000,829.9250
20.8100,813.7025
20.8200,869.1000
20.8300,959.0000
20.8400,996.5750
20.8500,1091.9900
20.8600,1105.6025
20.8700,1139.5425
20.8800,1130.4800
20.8900,1042.5800
20.9000,1044.8700
20.9100,1009.8025
20.9200,976.7025
20.9300,912.2700
20.9400,828.0250
20.9500,764.7250
20.9600,760.9675
20.9700,760.4350
20.9800,725.3875
20.9900,634.5575
21.0000,557.9475
21.0100,504.2900
21.0200,516.2050
21.0300,540.0000
21.0400,509.6300
21.0500,453.2125
21.0600,505.2225
21.0700,503.4075
21.0800,491.3625
21.0900,506.1450
21.1000,505.8575
21.1100,484.8025
21.1200,462.3400
21.1300,420.3750
21.1400,441.0950
21.1500,467.2325
21.1600,448.9625
21.1700,428.2550
21.1800,451.8300
21.1900,450.2800
21.2000,440.6125
21.2100,461.8150
21.2200,462.1425
21.2300,445.4875
21.2400,448.6350
21.2500,494.4875
21.2600,512.0375
21.2700,528.4525
21.2800,548.4675
21.2900,600.6550
21.3000,636.1975
21.3100,636.5575
21.3200,597.9250
21.3300,631.4150
21.3400,652.8275
21.3500,641.6675
21.3600,688.9800
21.3700,681.8750
21.3800,706.1900
21.3900,757.5050
21.4000,849.0475
21.4100,939.9400
21.4200,1079.1450
21.4300,1316.3225
21.4400,1557.4350
21.4500,1830.8475
21.4600,2018.2225
21.4700,2255.3175
21.4800,2651.0500
21.4900,3074.6975
21.5000,3284.0250
21.5100,3145.8300
21.5200,3123.3075
21.5300,3171.5650
21.5400,3196.0950
21.5500,3112.3950
21.5600,3150.6775
21.5700,3110.4600
21.5800,2836.8700
21.5900,2626.3625
21.6000,2423.2250
21.6100,2324.6300
21.6200,2249.2475
21.6300,2122.3325
21.6400,1932.4200
21.6500,1692.8600
21.6600,1504.3050
21.6700,1373.6475
21.6800,1324.8375
21.6900,1205.7150
21.7000,1092.2825
21.7100,972.5600
21.7200,802.4825
21.7300,682.3375
21.7400,660.4875
21.7500,557.1400
21.7600,531.2650
21.7700,514.8725
21.7800,510.8000
21.7900,481.5275
21.8000,487.4275
21.8100,487.7225
21.8200,475.4600
21.8300,478.8575
21.8400,565.8875
21.8500,660.5675
21.8600,734.1900
21.8700,793.0100
21.8800,840.7625
21.8900,921.7900
21.9000,1037.0175
21.9100,1056.6100
21.9200,1110.0050
21.9300,1216.6675
21.9400,1214.4850
21.9500,1205.9425
21.9600,1233.6525
21.9700,1340.4550
21.9800,1325.7000
21.9900,1316.4300
22.0000,1378.4400
22.0100,1511.4875
22.0200,1455.2600
22.0300,1345.0200
22.0400,1240.8725
22.0500,1108.7650
22.0600,1102.7300
22.0700,1005.5600
22.0800,816.6025
22.0900,737.2425
22.1000,721.8600
22.1100,680.7500
22.1200,586.5150
22.1300,559.3200
22.1400,551.9300
22.1500,521.8700
22.1600,471.2925
22.1700,437.9525
22.1800,390.6675
22.1900,397.9825
22.2000,423.9450
22.2100,452.0150
22.2200,438.7850
22.2300,404.0500
22.2400,392.0300
22.2500,389.9125
22.2600,410.4475
22.2700,445.1525
22.2800,467.3075
22.2900,476.3925
22.3000,494.4200
22.3100,451.5950
22.3200,438.2100
22.3300,478.9950
22.3400,496.4425
22.3500,479.1475
22.3600,535.1975
22.3700,541.4775
22.3800,522.2375
22.3900,482.5425
22.4000,512.9400
22.4100,464.2300
22.4200,453.3325
22.4300,459.9750
22.4400,489.3975
22.4500,484.2725
22.4600,470.9475
22.4700,465.3450
22.4800,479.3575
22.4900,427.0575
22.5000,409.8150
22.5100,386.3300
22.5200,356.8200
22.5300,372.1750
22.5400,364.3625
22.5500,352.7600
22.5600,360.2775
22.5700,400.9050
22.5800,352.1400
22.5900,331.6900
22.6000,345.6100
22.6100,378.9175
22.6200,405.0000
22.6300,398.3275
22.6400,401.7100
22.6500,372.8300
22.6600,352.2425
22.6700,343.4075
22.6800,330.4500
22.6900,351.6150
22.7000,356.2525
22.7100,333.4675
22.7200,325.1550
22.7300,368.4175
22.7400,354.2200
22.7500,324.9025
22.7600,336.4550
22.7700,359.0275
22.7800,379.6950
22.7900,328.9725
22.8000,363.0600
22.8100,374.4175
22.8200,340.8075
22.8300,335.7125
22.8400,383.6675
22.8500,358.7075
22.8600,311.8500
22.8700,310.2250
22.8800,354.4075
22.8900,380.0000
22.9000,371.7600
22.9100,331.0475
22.9200,377.6250
22.9300,372.8400
22.9400,311.4225
22.9500,322.8325
22.9600,341.8775
22.9700,357.0675
22.9800,380.4650
22.9900,381.9475
23.0000,371.9550
23.0100,359.6800
23.0200,332.5800
23.0300,313.8900
23.0400,366.7350
23.0500,409.1075
23.0600,399.3400
23.0700,369.8025
23.0800,349.3000
23.0900,367.9750
23.1000,376.6675
23.1100,373.6500
23.1200,361.0475
23.1300,412.0550
23.1400,401.6400
23.1500,385.7925
23.1600,357.0850
23.1700,357.0900
23.1800,339.1450
23.1900,358.3100
23.2000,374.8950
23.2100,402.2975
23.2200,347.8750
23.2300,357.4675
23.2400,366.1175
23.2500,386.6675
23.2600,383.5250
23.2700,358.4400
23.2800,345.1175
23.2900,334.4875
23.3000,345.2450
23.3100,358.8600
23.3200,348.8675
23.3300,342.2475
23.3400,362.2325
23.3500,379.2600
23.3600,372.2325
23.3700,363.6975
23.3800,371.7325
23.3900,411.8975
23.4000,403.5675
23.4100,429.4375
23.4200,396.3150
23.4300,392.2875
23.4400,389.2225
23.4500,442.0625
23.4600,466.8250
23.4700,529.0375
23.4800,553.0250
23.4900,583.3350
23.5000,626.5700
23.5100,774.2500
23.5200,1044.9100
23.5300,1234.9875
23.5400,1459.4300
23.5500,1697.5050
23.5600,1940.5475
23.5700,2083.3450
23.5800,2181.8625
23.5900,2193.5375
23.6000,2154.1075
23.6100,2392.7275
23.6200,2392.0675
23.6300,2448.7475
23.6400,2464.3975
23.6500,2406.9600
23.6600,2388.2750
23.6700,2173.4925
23.6800,2316.3825
23.6900,2310.2325
23.7000,2277.7850
23.7100,2274.5025
23.7200,2083.8675
23.7300,1847.3850
23.7400,1609.5575
23.7500,1367.3425
23.7600,1257.3625
23.7700,1216.2175
23.7800,1081.6950
23.7900,930.5300
23.8000,766.5275
23.8100,642.0800
23.8200,625.9225
23.8300,616.9125
23.8400,616.3525
23.8500,569.5200
23.8600,563.0950
23.8700,561.4125
23.8800,580.6975
23.8900,586.0875
23.9000,531.2850
23.9100,508.2825
23.9200,576.2225
23.9300,569.1200
23.9400,554.9300
23.9500,528.4975
23.9600,504.5475
23.9700,470.4025
23.9800,427.4950
23.9900,441.0200
24.0000,456.2625
24.0100,450.3975
24.0200,456.6675
24.0300,455.3100
24.0400,429.1275
24.0500,357.9250
24.0600,325.7525
24.0700,366.8500
24.0800,368.9150
24.0900,350.0000
24.1000,350.3500
24.1100,356.8400
24.1200,360.6825
24.1300,373.1650
24.1400,370.4950
24.1500,378.5375
24.1600,350.0000
24.1700,351.4175
24.1800,379.0725
24.1900,359.3925
24.2000,346.2175
24.2100,337.2550
24.2200,348.8450
24.2300,323.0500
24.2400,316.3875
24.2500,310.9550
24.2600,333.2000
24.2700,328.4250
24.2800,291.5450
24.2900,330.3775
24.3000,338.3950
24.3100,295.3375
24.3200,261.8925
24.3300,314.8375
24.3400,355.8750
24.3500,332.5600
24.3600,310.8625
24.3700,337.4025
24.3800,359.2825
24.3900,336.0675
24.4000,316.7650
24.4100,319.7150
24.4200,310.0000
24.4300,309.5525
24.4400,292.8975
24.4500,278.5225
24.4600,350.7350
24.4700,378.8925
24.4800,333.5625
24.4900,342.9650
24.5000,327.2375
24.5100,352.8525
24.5200,330.5950
24.5300,359.8725
24.5400,352.5425
24.5500,310.4650
24.5600,336.6675
24.5700,335.9250
24.5800,289.9000
24.5900,284.5275
24.6000,366.1250
24.6100,326.2000
24.6200,289.8400
24.6300,276.9650
24.6400,302.8475
24.6500,256.7950
24.6600,270.2650
24.6700,299.8925
24.6800,286.5950
24.6900,276.8825
24.7000,309.8300
24.7100,280.0975
24.7200,299.9600
24.7300,289.9775
24.7400,283.3825
24.7500,303.4025
24.7600,343.3425
24.7700,353.3300
24.7800,326.6825
24.7900,323.3375
24.8000,326.6600
24.8100,339.9600
24.8200,320.0750
24.8300,296.7725
24.8400,286.7200
24.8500,293.2925
24.8600,253.6100
24.8700,269.8725
24.8800,289.8300
24.8900,296.6050
24.9000,283.4675
24.9100,303.1150
24.9200,339.5725
24.9300,323.5400
24.9400,343.0675
24.9500,317.0400
24.9600,329.8025
24.9700,310.3125
24.9800,326.3925
24.9900,316.8375
25.0000,316.6675
25.0100,336.2925
25.0200,297.4500
25.0300,290.1350
25.0400,303.0525
25.0500,326.1550
25.0600,326.6675
25.0700,297.3725
25.0800,342.2000
25.0900,369.3300
25.1000,331.0350
25.1100,339.7325
25.1200,356.2100
25.1300,308.0800
25.1400,290.4850
25.1500,315.8700
25.1600,348.9800
25.1700,285.4275
25.1800,305.9150
25.1900,348.5700
25.2000,314.5725
25.2100,290.8075
25.2200,302.8625
25.2300,296.9075
25.2400,328.7675
25.2500,336.4150
25.2600,359.1000
25.2700,424.0450
25.2800,381.8725
25.2900,380.0000
25.3000,354.4450
25.3100,394.8250
25.3200,457.2575
25.3300,437.6950
25.3400,398.4625
25.3500,380.7600
25.3600,424.4975
25.3700,445.7225
25.3800,440.3200
25.3900,382.9300
25.4000,392.6725
25.4100,371.1775
25.4200,379.4875
25.4300,354.7200
25.4400,384.9075
25.4500,380.3575
25.4600,345.3275
25.4700,343.3325
25.4800,311.8650
25.4900,310.0000
25.5000,322.5650
25.5100,310.7775
25.5200,297.4550
25.5300,302.9325
25.5400,337.7725
25.5500,374.4100
25.5600,376.6675
25.5700,320.4550
25.5800,332.2675
25.5900,342.6850
25.6000,343.3325
25.6100,333.9975
25.6200,339.5525
25.6300,371.0700
25.6400,354.7075
25.6500,322.3175
25.6600,313.8025
25.6700,328.8150
25.6800,308.3425
25.6900,319.0300
25.7000,335.4425
25.7100,382.9525
25.7200,368.1675
25.7300,314.2975
25.7400,325.3900
25.7500,298.9900
25.7600,293.5950
25.7700,296.4025
25.7800,327.3400
25.7900,333.0650
25.8000,318.0225
25.8100,325.8450
25.8200,302.2125
25.8300,300.0000
25.8400,312.2050
25.8500,310.2850
25.8600,334.3675
25.8700,342.7525
25.8800,297.7225
25.8900,317.6375
25.9000,289.6450
25.9100,289.7000
25.9200,344.5400
25.9300,365.1375
25.9400,324.3200
25.9500,344.1775
25.9600,325.5300
25.9700,344.4500
25.9800,316.5250
25.9900,295.2650
26.0000,299.3500
26.0100,275.9500
26.0200,291.3550
26.0300,281.3300
26.0400,312.9800
26.0500,310.6750
26.0600,310.0000
26.0700,304.0200
26.0800,276.4450
26.0900,294.2275
26.1000,278.7725
26.1100,294.5450
26.1200,296.6675
26.1300,320.4600
26.1400,317.3900
26.1500,325.5725
26.1600,291.0725
26.1700,301.4850
26.1800,294.4500
26.1900,311.0825
26.2000,295.6000
26.2100,352.3925
26.2200,348.2000
26.2300,302.4525
26.2400,323.1700
26.2500,350.2050
26.2600,365.0925
26.2700,346.1075
26.2800,302.2525
26.2900,273.2125
26.3000,322.7225
26.3100,362.1900
26.3200,360.8200
26.3300,389.2100
26.3400,425.4350
26.3500,421.2525
26.3600,437.4775
26.3700,434.1800
26.3800,415.8875
26.3900,413.3325
26.4000,459.7700
26.4100,466.6675
26.4200,478.2550
26.4300,451.0575
26.4400,380.1600
26.4500,390.2225
26.4600,393.3325
26.4700,387.5650
26.4800,360.7375
26.4900,350.9100
26.5000,407.5125
26.5100,413.7925
26.5200,373.1500
26.5300,358.0650
26.5400,350.9375
26.5500,329.9650
26.5600,343.8250
26.5700,358.0950
26.5800,308.6225
26.5900,285.7425
26.6000,266.2400
26.6100,294.6425
26.6200,294.3125
26.6300,304.6975
26.6400,335.0500
26.6500,303.1375
26.6600,307.9975
26.6700,278.8675
26.6800,276.1600
26.6900,324.6900
26.7000,336.1550
26.7100,294.3725
26.7200,283.8500
26.7300,277.7050
26.7400,282.2900
26.7500,305.8050
26.7600,315.6125
26.7700,302.6500
26.7800,285.9950
26.7900,297.3250
26.8000,308.3875
26.8100,310.0000
26.8200,310.0000
26.8300,287.7000
26.8400,291.6875
26.8500,310.0275
26.8600,313.3325
26.8700,282.7875
26.8800,229.5075
26.8900,256.0300
26.9000,291.0225
26.9100,302.2000
26.9200,289.5150
26.9300,264.5800
26.9400,276.5475
26.9500,293.7775
26.9600,299.4200
26.9700,275.2500
26.9800,253.5150
26.9900,269.2125
27.0000,289.7850
27.0100,317.9875
27.0200,339.7525
27.0300,332.3975
27.0400,316.3425
27.0500,302.4175
27.0600,294.5475
27.0700,290.6100
27.0800,281.8375
27.0900,285.4350
27.1000,321.9650
27.1100,302.8750
27.1200,288.5375
27.1300,273.1300
27.1400,294.3400
27.1500,335.1250
27.1600,327.1375
27.1700,277.4925
27.1800,272.0550
27.1900,292.1725
27.2000,285.9125
27.2100,277.9625
27.2200,284.7150
27.2300,300.0700
27.2400,295.3000
27.2500,269.2575
27.2600,249.9700
27.2700,278.7050
27.2800,308.0025
27.2900,321.3275
27.3000,310.0250
27.3100,330.5975
27.3200,323.3850
27.3300,320.0000
27.3400,325.3025
27.3500,345.2050
27.3600,371.1650
27.3700,395.1675
27.3800,389.4400
27.3900,423.5925
27.4000,409.6200
27.4100,403.3325
27.4200,427.0000
27.4300,449.0950
27.4400,406.0975
27.4500,409.0625
27.4600,413.3325
27.4700,452.5750
27.4800,471.1750
27.4900,434.1700
27.5000,410.2925
27.5100,414.4825
27.5200,424.4750
27.5300,403.2650
27.5400,365.4975
27.5500,367.0450
27.5600,328.5275
27.5700,327.0250
27.5800,355.8675
27.5900,345.2450
27.6000,337.4175
27.6100,328.9300
27.6200,293.1800
27.6300,280.7600
27.6400,297.9950
27.6500,308.4700
27.6600,363.8700
27.6700,328.7500
27.6800,300.5350
27.6900,255.7525
27.7000,273.9875
27.7100,285.8850
27.7200,281.5675
27.7300,285.0925
27.7400,324.8225
27.7500,316.3375
27.7600,254.1550
27.7700,267.0950
27.7800,309.5975
27.7900,289.6350
27.8000,333.0825
27.8100,332.3250
27.8200,301.4425
27.8300,285.7750
27.8400,316.0525
27.8500,309.0675
27.8600,295.7975
27.8700,288.3150
27.8800,286.6675
27.8900,286.6675
27.9000,279.1650
27.9100,304.1475
27.9200,280.8925
27.9300,277.4775
27.9400,284.9800
27.9500,299.1050
27.9600,335.6350
27.9700,349.1475
27.9800,315.2875
27.9900,325.6225
28.0000,360.5475
28.0100,347.7575
28.0200,330.1250
28.0300,316.8025
28.0400,298.5525
28.0500,290.8725
28.0600,329.3275
28.0700,306.5050
28.0800,300.6900
28.0900,347.4300
28.1000,331.5200
28.1100,285.7775
28.1200,300.1925
28.1300,324.6350
28.1400,322.6900
28.1500,307.8300
28.1600,315.4875
28.1700,320.0000
28.1800,320.0000
28.1900,288.5000
28.2000,279.0875
28.2100,323.5175
28.2200,388.3000
28.2300,387.3675
28.2400,353.4950
28.2500,360.1825
28.2600,397.9225
28.2700,376.3775
28.2800,344.1425
28.2900,375.0050
28.3000,418.7225
28.3100,382.1825
28.3200,358.5575
28.3300,368.5950
28.3400,356.6550
28.3500,359.5200
28.3600,372.8425
28.3700,407.5375
28.3800,438.9775
28.3900,432.4500
28.4000,419.5675
28.4100,419.0300
28.4200,441.2525
28.4300,450.0000
28.4400,492.4075
28.4500,538.2400
28.4600,531.1950
28.4700,544.4650
28.4800,541.6075
28.4900,560.0925
28.5000,647.2150
28.5100,665.9775
28.5200,660.0000
28.5300,629.6875
28.5400,649.2750
28.5500,733.1250
28.5600,807.4850
28.5700,891.6550
28.5800,982.5950
28.5900,1049.3675
28.6000,1154.5600
28.6100,1281.1250
28.6200,1382.3050
28.6300,1428.4400
28.6400,1420.5500
28.6500,1376.5400
28.6600,1408.2350
28.6700,1510.2975
28.6800,1608.5375
28.6900,1659.5550
28.7000,1683.7175
28.7100,1797.3225
28.7200,1778.2425
28.7300,1594.0350
28.7400,1448.2450
28.7500,1379.2425
28.7600,1420.0850
28.7700,1489.7475
28.7800,1383.1775
28.7900,1352.7400
28.8000,1393.7775
28.8100,1492.4175
28.8200,1623.4900
28.8300,1837.7625
28.8400,1935.7400
28.8500,1932.1050
28.8600,1942.3700
28.8700,1867.1000
28.8800,1828.9050
28.8900,1863.5275
28.9000,2005.0175
28.9100,2167.0075
28.9200,2167.6700
28.9300,2009.8675
28.9400,1867.7950
28.9500,1825.5625
28.9600,1836.6325
28.9700,1785.7775
28.9800,1725.7125
28.9900,1734.2925
29.0000,1737.8450
29.0100,1645.2150
29.0200,1575.7975
29.0300,1607.2850
29.0400,1586.1025
29.0500,1528.2575
29.0600,1488.1050
29.0700,1417.6225
29.0800,1373.5625
29.0900,1231.4125
29.1000,1157.8200
29.1100,1237.1825
29.1200,1306.0825
29.1300,1398.1475
29.1400,1537.5650
29.1500,1754.5700
29.1600,2016.3525
29.1700,2358.4050
29.1800,2812.6225
29.1900,3439.1500
29.2000,4177.3225
29.2100,5080.7150
29.2200,5958.0725
29.2300,6865.3150
29.2400,7870.4625
29.2500,8699.7975
29.2600,9144.6275
29.2700,9399.3275
29.2800,9698.5200
29.2900,9832.7675
29.3000,10048.2675
29.3100,10257.9350
29.3200,10362.9950
29.3300,10192.2050
29.3400,9837.7325
29.3500,9264.9725
29.3600,8593.6200
29.3700,7953.9925
29.3800,7310.9975
29.3900,6710.7175
29.4000,6103.4050
29.4100,5605.9400
29.4200,4920.4625
29.4300,4259.6675
29.4400,3683.8150
29.4500,3236.0700
29.4600,2879.2750
29.4700,2457.5975
29.4800,2046.5600
29.4900,1753.9850
29.5000,1586.6850
29.5100,1399.3125
29.5200,1172.8300
29.5300,1037.1400
29.5400,959.2675
29.5500,818.8575
29.5600,733.5550
29.5700,711.0175
29.5800,693.0825
29.5900,643.6700
29.6000,643.2500
29.6100,621.2000
29.6200,584.4300
29.6300,568.5200
29.6400,561.3000
29.6500,541.7175
29.6600,515.8000
29.6700,488.4325
29.6800,468.5725
29.6900,467.3750
29.7000,484.1275
29.7100,525.5800
29.7200,506.4125
29.7300,463.9200
29.7400,455.3400
29.7500,468.6950
29.7600,482.6725
29.7700,456.6775
29.7800,414.7025
29.7900,427.9150
29.8000,454.6325
29.8100,448.0675
29.8200,418.1550
29.8300,427.1325
29.8400,445.3150
29.8500,420.9550
29.8600,407.2850
29.8700,400.1375
29.8800,434.7000
29.8900,467.2675
29.9000,454.2825
29.9100,441.3725
29.9200,443.9175
29.9300,472.1025
29.9400,511.4925
29.9500,483.7400
29.9600,529.3250
29.9700,589.1700
29.9800,628.3100
29.9900,705.7250
30.0000,815.0325
30.0100,916.9800
30.0200,1092.4700
30.0300,1415.2575
30.0400,1538.1250
30.0500,1467.6625
30.0600,1419.3700
30.0700,1397.0700
30.0800,1460.9075
30.0900,1543.9525
30.1000,1631.6425
30.1100,1704.8100
30.1200,1660.4450
30.1300,1554.3375
30.1400,1466.2900
30.1500,1368.8100
30.1600,1234.7225
30.1700,1245.6950
30.1800,1227.7450
30.1900,1130.3725
30.2000,1071.7350
30.2100,1016.1300
30.2200,986.2425
30.2300,930.7950
30.2400,944.3375
30.2500,977.3125
30.2600,951.3175
30.2700,936.6675
30.2800,927.3525
30.2900,841.8650
30.3000,752.1350
30.3100,754.1150
30.3200,734.4350
30.3300,710.7325
30.3400,736.9850
30.3500,788.3750
30.3600,803.7750
30.3700,842.9875
30.3800,921.8975
30.3900,1068.8550
30.4000,1353.7600
30.4100,1650.7825
30.4200,1930.9775
30.4300,2177.8700
30.4400,2209.9275
30.4500,2179.9950
30.4600,2171.2575
30.4700,2226.1200
30.4800,2452.8725
30.4900,2682.1575
30.5000,2843.0000
30.5100,2963.7800
30.5200,3062.4375
30.5300,3113.5925
30.5400,2996.4875
30.5500,2862.8850
30.5600,2881.3750
30.5700,2907.5000
30.5800,3017.9150
30.5900,3566.6500
30.6000,3864.4475
30.6100,3674.8375
30.6200,3468.5500
30.6300,3431.7350
30.6400,2871.9250
30.6500,2187.0825
30.6600,2021.2425
30.6700,1946.2075
30.6800,1723.8175
30.6900,1661.8925
30.7000,1789.9375
30.7100,1580.4625
30.7200,1199.2300
30.7300,964.5875
30.7400,818.7875
30.7500,678.4650
30.7600,589.3150
30.7700,550.8100
30.7800,535.1900
30.7900,545.1825
30.8000,546.5500
30.8100,524.3925
30.8200,470.5625
30.8300,453.8325
30.8400,490.5675
30.8500,513.4225
30.8600,484.2050
30.8700,446.5100
30.8800,463.8450
30.8900,496.8700
30.9000,493.0825
30.9100,480.0000
30.9200,480.0000
30.9300,454.6500
30.9400,438.4375
30.9500,431.5050
30.9600,404.8925
30.9700,396.6925
30.9800,391.6175
30.9900,381.6600
31.0000,373.3150
31.0100,373.3425
31.0200,378.3350
31.0300,365.0225
31.0400,358.3150
31.0500,353.3850
31.0600,341.6775
31.0700,336.6950
31.0800,336.6325
31.0900,328.4675
31.1000,290.3475
31.1100,294.5350
31.1200,334.8650
31.1300,338.4225
31.1400,343.1400
31.1500,345.1750
31.1600,326.8925
31.1700,323.1725
31.1800,325.1300
31.1900,305.4100
31.2000,298.0925
31.2100,324.4400
31.2200,332.0425
31.2300,332.8825
31.2400,335.4125
31.2500,339.3850
31.2600,359.8725
31.2700,323.3375
31.2800,259.2375
31.2900,258.9900
31.3000,304.0275
31.3100,310.7750
31.3200,283.8125
31.3300,287.5900
31.3400,314.4025
31.3500,337.7175
31.3600,335.8150
31.3700,301.1200
31.3800,295.7075
31.3900,311.7650
31.4000,292.7800
31.4100,309.2775
31.4200,342.2000
31.4300,328.6600
31.4400,323.3325
31.4500,326.4375
31.4600,309.8550
31.4700,291.3075
31.4800,298.2100
31.4900,313.8750
31.5000,336.1550
31.5100,331.0425
31.5200,315.1325
31.5300,325.5825
31.5400,326.2450
31.5500,329.8350
31.5600,344.1950
31.5700,315.0875
31.5800,279.6725
31.5900,286.0625
31.6000,311.8200
31.6100,306.9800
31.6200,331.9725
31.6300,351.6200
31.6400,330.3300
31.6500,305.6750
31.6600,293.4700
31.6700,314.4825
31.6800,315.5250
31.6900,314.4675
31.7000,315.5400
31.7100,299.6150
31.7200,304.4375
31.7300,337.0150
31.7400,326.3875
31.7500,299.6125
31.7600,312.1550
31.7700,310.1225
31.7800,303.5900
31.7900,322.5175
31.8000,319.7800
31.8100,308.1250
31.8200,298.3625
31.8300,270.2650
31.8400,272.1750
31.8500,282.2000
31.8600,303.7700
31.8700,353.7825
31.8800,341.3675
31.8900,327.1275
31.9000,298.9625
31.9100,270.9600
31.9200,283.8075
31.9300,297.6100
31.9400,287.6800
31.9500,285.1325
31.9600,314.2525
31.9700,324.2450
31.9800,318.7000
31.9900,286.4150
32.0000,259.1125
32.0100,273.0000
32.0200,314.0200
32.0300,341.7300
32.0400,337.9675
32.0500,305.5125
32.0600,295.5675
32.0700,307.5000
32.0800,311.9475
32.0900,310.0000
32.1000,294.8075
32.1100,277.4675
32.1200,290.2125
32.1300,286.2675
32.1400,292.7075
32.1500,321.7925
32.1600,304.5375
32.1700,304.8425
32.1800,305.7850
32.1900,291.3575
32.2000,297.3975
32.2100,297.9250
32.2200,279.2025
32.2300,260.6400
32.2400,258.0100
32.2500,264.0250
32.2600,259.2875
32.2700,259.3725
32.2800,286.0000
32.2900,276.6875
32.3000,265.9675
32.3100,295.9125
32.3200,331.9125
32.3300,346.0375
32.3400,322.8625
32.3500,294.0350
32.3600,295.2525
32.3700,292.8500
32.3800,275.3600
32.3900,279.8600
32.4000,279.5800
32.4100,268.5325
32.4200,289.6400
32.4300,307.4100
32.4400,298.1650
32.4500,290.0000
32.4600,279.7050
32.4700,265.9025
32.4800,299.4775
32.4900,319.8050
32.5000,291.9850
32.5100,301.3800
32.5200,269.0400
32.5300,269.3525
32.5400,293.7975
32.5500,303.7900
32.5600,293.6100
32.5700,286.7975
32.5800,311.2100
32.5900,296.6675
32.6000,299.1675
32.6100,302.0850
32.6200,303.7350
32.6300,312.4850
32.6400,301.7875
32.6500,287.8025
32.6600,306.6675
32.6700,299.2725
32.6800,270.6825
32.6900,264.1925
32.7000,304.8975
32.7100,309.6675
32.7200,296.0175
32.7300,288.2000
32.7400,299.0950
32.7500,292.4300
32.7600,280.5850
32.7700,311.4250
32.7800,345.7400
32.7900,342.7950
32.8000,318.0150
32.8100,294.2750
32.8200,295.9650
32.8300,316.1925
32.8400,316.7025
32.8500,280.7400
32.8600,292.4725
32.8700,328.6125
32.8800,304.6900
32.8900,281.3675
32.9000,284.1375
32.9100,263.9750
32.9200,249.0000
32.9300,268.4750
32.9400,302.4775
32.9500,300.5800
32.9600,273.1950
32.9700,280.5175
32.9800,306.6675
32.9900,306.6675
33.0000,291.7625
33.0100,278.2050
33.0200,312.3725
33.0300,315.3625
33.0400,294.3200
33.0500,286.7350
33.0600,305.7750
33.0700,325.4875
33.0800,313.2900
33.0900,298.8050
33.1000,295.6600
33.1100,326.7075
33.1200,324.3825
33.1300,293.3325
33.1400,297.7750
33.1500,323.2825
33.1600,347.8250
33.1700,322.2825
33.1800,302.2675
33.1900,291.1375
33.2000,275.7175
33.2100,253.3325
33.2200,265.3200
33.2300,310.6550
33.2400,351.1650
33.2500,330.4375
33.2600,299.9050
33.2700,309.8975
33.2800,318.8150
33.2900,321.1900
33.3000,313.4600
33.3100,312.0000
33.3200,343.5475
33.3300,384.5450
33.3400,363.0600
33.3500,319.2725
33.3600,302.2800
33.3700,306.3050
33.3800,327.3400
33.3900,332.8750
33.4000,303.7400
33.4100,297.2850
33.4200,320.6000
33.4300,338.7375
33.4400,344.3675
33.4500,335.3325
33.4600,318.2225
33.4700,329.4900
33.4800,306.1750
33.4900,307.3425
33.5000,348.7025
33.5100,357.3925
33.5200,373.7550
33.5300,379.9000
33.5400,349.6150
33.5500,326.3000
33.5600,316.0125
33.5700,340.9950
33.5800,363.6750
33.5900,366.6125
33.6000,379.0875
33.6100,367.1850
33.6200,400.9875
33.6300,392.5075
33.6400,362.7400
33.6500,357.2500
33.6600,374.4800
33.6700,394.3075
33.6800,406.3825
33.6900,428.0625
33.7000,435.8950
33.7100,488.8350
33.7200,556.7900
33.7300,621.6375
33.7400,735.3775
33.7500,880.5475
33.7600,1126.9950
33.7700,1457.8025
33.7800,1693.4225
33.7900,1871.5700
33.8000,1992.9275
33.8100,2093.5550
33.8200,2182.5150
33.8300,2313.9975
33.8400,2369.5425
33.8500,2407.9350
33.8600,2389.6225
33.8700,2444.5600
33.8800,2467.7850
33.8900,2347.5375
33.9000,2181.9400
33.9100,1965.9500
33.9200,1883.3200
33.9300,1824.8975
33.9400,1724.6125
33.9500,1645.4250
33.9600,1484.8325
33.9700,1267.4325
33.9800,1072.6600
33.9900,956.7975
34.0000,886.2150
34.0100,845.3725
34.0200,777.8200
34.0300,730.3950
34.0400,649.9525
34.0500,597.1925
34.0600,563.3825
34.0700,498.3525
34.0800,450.1450
34.0900,460.0000
34.1000,460.8650
34.1100,452.9900
34.1200,417.3175
34.1300,403.4275
34.1400,415.0425
34.1500,412.3350
34.1600,390.8500
34.1700,390.7925
34.1800,384.1775
34.1900,379.9325
34.2000,359.1600
34.2100,364.1950
34.2200,386.6675
34.2300,387.4975
34.2400,382.5400
34.2500,355.8675
34.2600,339.2150
34.2700,339.8075
34.2800,371.8125
34.2900,358.9125
34.3000,395.8525
34.3100,390.0875
34.3200,380.8075
34.3300,368.8225
34.3400,316.9050
34.3500,298.2700
34.3600,312.9175
34.3700,346.5175
34.3800,349.5250
34.3900,344.8600
34.4000,397.0250
34.4100,379.8100
34.4200,394.7000
34.4300,409.2200
34.4400,406.6675
34.4500,407.4425
34.4600,398.4000
34.4700,355.3750
34.4800,372.2725
34.4900,483.0625
34.5000,491.0425
34.5100,492.4625
34.5200,521.0575
34.5300,508.7975
34.5400,497.8525
34.5500,514.0850
34.5600,550.3375
34.5700,674.1250
34.5800,697.7700
34.5900,684.8150
34.6000,671.8350
34.6100,696.6225
34.6200,709.0025
34.6300,661.9625
34.6400,627.5075
34.6500,615.3750
34.6600,660.4075
34.6700,701.3525
34.6800,668.5625
34.6900,654.7450
34.7000,617.6275
34.7100,593.1125
34.7200,566.5450
34.7300,494.0875
34.7400,426.8750
34.7500,491.4000
34.7600,492.4775
34.7700,479.4500
34.7800,478.2175
34.7900,426.4275
34.8000,393.8075
34.8100,369.3150
34.8200,368.7150
34.8300,372.5825
34.8400,352.5975
34.8500,339.3700
34.8600,364.1350
34.8700,409.9400
34.8800,355.3025
34.8900,304.6550
34.9000,336.6675
34.9100,334.6850
34.9200,323.3750
34.9300,311.3125
34.9400,321.8925
34.9500,338.1275
34.9600,307.5925
34.9700,273.8750
34.9800,293.8600
34.9900,306.1550
35.0000,279.1500
35.0100,239.0550
35.0200,274.0975
35.0300,313.0625
35.0400,281.4475
35.0500,272.7075
35.0600,270.6225
35.0700,275.1950
35.0800,285.1875
35.0900,290.2550
35.1000,280.3475
35.1100,300.3325
35.1200,307.5400
35.1300,269.0900
35.1400,287.2425
35.1500,320.6000
35.1600,313.1600
35.1700,266.0700
35.1800,268.0825
35.1900,291.1825
35.2000,296.6675
35.2100,290.2200
35.2200,254.7475
35.2300,251.5025
35.2400,351.0175
35.2500,333.0850
35.2600,303.4425
35.2700,314.2875
35.2800,286.6675
35.2900,284.4025
35.3000,281.7900
35.3100,319.4025
35.3200,294.4100
35.3300,271.6750
35.3400,299.4375
35.3500,308.3700
35.3600,277.2950
35.3700,252.1325
35.3800,283.2650
35.3900,298.9175
35.4000,294.9500
35.4100,300.6500
35.4200,287.7350
35.4300,292.2700
35.4400,285.0775
35.4500,276.1400
35.4600,272.2850
35.4700,270.8425
35.4800,294.3725
35.4900,309.3075
35.5000,346.1075
35.5100,267.9525
35.5200,268.3900
35.5300,331.3050
35.5400,319.4950
35.5500,314.6575
35.5600,301.8350
35.5700,301.2925
35.5800,344.1925
35.5900,330.4925
35.6000,342.6450
35.6100,403.0050
35.6200,440.4850
35.6300,447.1950
35.6400,469.0400
35.6500,462.3775
35.6600,461.8950
35.6700,489.0775
35.6800,459.1000
35.6900,439.8850
35.7000,487.4500
35.7100,522.2175
35.7200,460.2425
35.7300,510.6650
35.7400,560.3125
35.7500,585.6000
35.7600,610.8225
35.7700,698.8350
35.7800,845.8700
35.7900,1031.5200
35.8000,1141.6175
35.8100,1068.6800
35.8200,936.0400
35.8300,841.1650
35.8400,829.6875
35.8500,874.4525
35.8600,1044.2650
35.8700,1071.6375
35.8800,1078.1325
35.8900,1181.5325
35.9000,1024.5825
35.9100,977.9650
35.9200,912.9600
35.9300,874.7900
35.9400,796.5125
35.9500,830.3850
35.9600,741.0925
35.9700,763.7375
35.9800,688.5650
35.9900,650.1725
36.0000,624.3125
36.0100,614.0800
36.0200,666.5100
36.0300,632.2950
36.0400,573.7150
36.0500,576.2850
36.0600,575.9800
36.0700,594.0375
36.0800,571.4675
36.0900,556.6675
36.1000,547.8275
36.1100,479.9600
36.1200,511.3925
36.1300,548.5550
36.1400,539.8950
36.1500,558.1175
36.1600,485.6050
36.1700,474.5575
36.1800,455.2700
36.1900,441.2525
36.2000,423.3325
36.2100,424.3575
36.2200,426.8850
36.2300,369.6625
36.2400,368.3400
36.2500,380.0125
36.2600,348.3525
36.2700,331.3700
36.2800,313.9825
36.2900,322.5800
36.3000,346.9875
36.3100,349.0475
36.3200,338.7375
36.3300,325.7275
36.3400,315.7350
36.3500,308.2075
36.3600,324.2500
36.3700,332.4225
36.3800,321.2275
36.3900,300.0000
36.4000,301.4800
36.4100,316.6675
36.4200,316.9575
36.4300,320.5775
36.4400,324.0875
36.4500,295.8150
36.4600,288.9200
36.4700,310.2600
36.4800,278.6050
36.4900,299.1750
36.5000,287.5500
36.5100,259.7300
36.5200,259.3400
36.5300,294.2400
36.5400,341.4950
36.5500,319.2200
36.5600,310.7725
36.5700,319.4900
36.5800,310.5500
36.5900,279.4250
36.6000,309.3600
36.6100,260.7375
36.6200,272.1925
36.6300,300.7225
36.6400,311.9100
36.6500,336.6675
36.6600,336.9000
36.6700,338.3775
36.6800,316.6675
36.6900,314.1700
36.7000,280.6725
36.7100,292.2225
36.7200,323.1125
36.7300,318.4775
36.7400,294.7300
36.7500,267.7300
36.7600,282.9125
36.7700,278.5375
36.7800,305.4325
36.7900,288.0900
36.8000,312.4100
36.8100,349.4050
36.8200,338.6275
36.8300,316.8600
36.8400,320.0000
36.8500,317.9200
36.8600,285.2000
36.8700,315.9300
36.8800,303.1525
36.8900,300.8975
36.9000,314.0075
36.9100,266.8425
36.9200,272.0700
36.9300,308.2975
36.9400,278.8475
36.9500,318.8425
36.9600,296.9925
36.9700,301.5650
36.9800,266.6675
36.9900,268.6950
37.0000,308.7700
37.0100,283.7875
37.0200,292.1425
37.0300,268.5725
37.0400,309.4225
37.0500,296.9500
37.0600,305.2875
37.0700,348.9025
37.0800,322.2550
37.0900,298.5225
37.1000,341.5100
37.1100,295.9000
37.1200,276.7925
37.1300,280.3700
37.1400,290.8450
37.1500,312.6225
37.1600,293.6825
37.1700,304.7000
37.1800,342.5525
37.1900,319.6725
37.2000,310.0000
37.2100,311.0450
37.2200,343.6400
37.2300,352.7350
37.2400,333.5275
37.2500,340.0000
37.2600,341.3000
37.2700,386.9375
37.2800,395.9600
37.2900,370.7725
37.3000,399.5000
37.3100,378.8625
37.3200,333.9650
37.3300,360.8425
37.3400,396.0725
37.3500,370.4325
37.3600,390.1400
37.3700,396.6000
37.3800,394.0475
37.3900,430.5000
37.4000,456.1250
37.4100,426.6075
37.4200,423.7775
37.4300,450.8000
37.4400,500.5100
37.4500,534.5025
37.4600,615.0950
37.4700,741.1450
37.4800,827.2100
37.4900,872.9575
37.5000,1124.7150
37.5100,1547.8250
37.5200,1978.1450
37.5300,2469.3550
37.5400,2764.2550
37.5500,2872.2575
37.5600,2732.5175
37.5700,2615.0525
37.5800,2358.6375
37.5900,2116.1275
37.6000,2006.6100
37.6100,1994.0275
37.6200,2190.3700
37.6300,2320.0725
37.6400,2353.0700
37.6500,2173.0475
37.6600,1799.9950
37.6700,1750.0300
37.6800,1566.9050
37.6900,1337.1250
37.7000,1193.7175
37.7100,1180.0450
37.7200,1073.7650
37.7300,897.5050
37.7400,860.2000
37.7500,820.2450
37.7600,810.0675
37.7700,803.3825
37.7800,763.6600
37.7900,720.3850
37.8000,749.7125
37.8100,862.1725
37.8200,902.8975
37.8300,1002.1725
37.8400,1042.8425
37.8500,1217.7075
37.8600,1364.6625
37.8700,1484.9450
37.8800,1578.5975
37.8900,1852.3200
37.9000,2000.9300
37.9100,2026.2675
37.9200,2033.2150
37.9300,1964.6250
37.9400,1682.1500
37.9500,1412.0150
37.9600,1380.5475
37.9700,1366.9500
37.9800,1321.0200
37.9900,1267.8675
38.0000,1247.1300
38.0100,1269.4425
38.0200,1172.4575
38.0300,1066.0275
38.0400,988.6550
38.0500,886.0825
38.0600,698.5200
38.0700,612.3300
38.0800,597.0475
38.0900,580.4900
38.1000,508.8675
38.1100,500.2050
38.1200,506.4575
38.1300,451.8150
38.1400,411.3100
38.1500,442.2200
38.1600,472.3100
38.1700,518.3775
38.1800,503.9250
38.1900,442.2875
38.2000,446.4225
38.2100,491.5850
38.2200,541.4275
38.2300,610.6175
38.2400,664.5600
38.2500,740.2550
38.2600,823.2650
38.2700,980.0275
38.2800,1146.3050
38.2900,1220.3350
38.3000,1280.7225
38.3100,1535.0300
38.3200,1724.9600
38.3300,1771.5125
38.3400,1836.9200
38.3500,1785.9900
38.3600,1637.2900
38.3700,1484.0600
38.3800,1397.4075
38.3900,1409.1750
38.4000,1403.6675
38.4100,1340.0600
38.4200,1371.4425
38.4300,1360.6975
38.4400,1240.0350
38.4500,1085.0600
38.4600,1038.8375
38.4700,916.9550
38.4800,780.9300
38.4900,707.2700
38.5000,725.3375
38.5100,644.9900
38.5200,570.9375
38.5300,513.3400
38.5400,481.7875
38.5500,436.1450
38.5600,442.7250
38.5700,421.4375
38.5800,435.6300
38.5900,452.2850
38.6000,425.2400
38.6100,420.2150
38.6200,401.2975
38.6300,393.7700
38.6400,346.6450
38.6500,340.2225
38.6600,340.0000
38.6700,389.6950
38.6800,421.2675
38.6900,407.8250
38.7000,369.4750
38.7100,335.6950
38.7200,392.1350
38.7300,359.5550
38.7400,353.5750
38.7500,350.2450
38.7600,337.6550
38.7700,315.0800
38.7800,325.6600
38.7900,357.4625
38.8000,390.7725
38.8100,377.9575
38.8200,324.4275
38.8300,329.2125
38.8400,366.8225
38.8500,382.2650
38.8600,398.6550
38.8700,448.9900
38.8800,434.9750
38.8900,448.6200
38.9000,443.8900
38.9100,406.6950
38.9200,415.5375
38.9300,389.2275
38.9400,398.8525
38.9500,412.1775
38.9600,404.2075
38.9700,382.0525
38.9800,401.2650
38.9900,448.8700
39.0000,459.4000
39.0100,469.0950
39.0200,466.9700
39.0300,394.0200
39.0400,380.6175
39.0500,449.5200
39.0600,459.6875
39.0700,393.5975
39.0800,398.7300
39.0900,403.0150
39.1000,331.0500
39.1100,341.3900
39.1200,379.4225
39.1300,377.3225
39.1400,394.6850
39.1500,435.6800
39.1600,445.9975
39.1700,470.6400
39.1800,509.2675
39.1900,647.9875
39.2000,800.8800
39.2100,1019.8500
39.2200,1216.5125
39.2300,1248.6025
39.2400,1112.8500
39.2500,1019.2025
39.2600,998.0900
39.2700,943.1150
39.2800,960.4500
39.2900,1064.3400
39.3000,1136.0400
39.3100,1081.0375
39.3200,1088.1550
39.3300,1010.0225
39.3400,928.9600
39.3500,857.8850
39.3600,805.6650
39.3700,776.3725
39.3800,746.7700
39.3900,743.3325
39.4000,702.0725
39.4100,681.9425
39.4200,653.5150
39.4300,600.0075
39.4400,540.4375
39.4500,518.6500
39.4600,528.4050
39.4700,532.9325
39.4800,568.4950
39.4900,667.0275
39.5000,808.7375
39.5100,987.4700
39.5200,1217.4325
39.5300,1208.7150
39.5400,1372.5375
39.5500,1443.3100
39.5600,1455.8250
39.5700,1503.2425
39.5800,1489.6375
39.5900,1547.7075
39.6000,1730.9425
39.6100,1817.6175
39.6200,2006.4875
39.6300,2091.2975
39.6400,2030.4925
39.6500,2057.6225
39.6600,2181.9000
39.6700,2260.6850
39.6800,2174.7075
39.6900,2087.8600
39.7000,2021.8800
39.7100,1828.9275
39.7200,1751.0525
39.7300,1659.8975
39.7400,1410.9150
39.7500,1307.2575
39.7600,1239.2500
39.7700,1158.2825
39.7800,1169.6000
39.7900,1144.6875
39.8000,982.5675
39.8100,933.7850
39.8200,821.3875
39.8300,714.7950
39.8400,640.0650
39.8500,570.1100
39.8600,585.6475
39.8700,524.5025
39.8800,459.2650
39.8900,415.8775
39.9000,364.5375
39.9100,396.4175
39.9200,363.6100
39.9300,328.3150
39.9400,357.3300
39.9500,354.8400
39.9600,356.1625
39.9700,334.0525
39.9800,363.8975
39.9900,350.2400
40.0000,324.1025
40.0100,325.6375
40.0200,321.0325
40.0300,320.0000
40.0400,336.8750
40.0500,328.7600
40.0600,295.7775
40.0700,309.6425
40.0800,341.3750
40.0900,335.4575
40.1000,336.1325
40.1100,333.8700
40.1200,288.6000
40.1300,282.7925
40.1400,269.3750
40.1500,319.6700
40.1600,296.5500
40.1700,298.3575
40.1800,316.7000
40.1900,325.5625
40.2000,326.6675
40.2100,321.1125
40.2200,328.3250
40.2300,324.4550
40.2400,309.4775
40.2500,323.2800
40.2600,354.3375
40.2700,362.7650
40.2800,352.2825
40.2900,319.6300
40.3000,321.6100
40.3100,339.8725
40.3200,324.0500
40.3300,306.2375
40.3400,330.8400
40.3500,366.9000
40.3600,345.8675
40.3700,350.9775
40.3800,290.2575
40.3900,317.7725
40.4000,343.0975
40.4100,341.1950
40.4200,372.8125
40.4300,336.2850
40.4400,329.3975
40.4500,349.0975
40.4600,353.3325
40.4700,347.8850
40.4800,311.2800
40.4900,360.4550
40.5000,395.0775
40.5100,367.4075
40.5200,370.8550
40.5300,373.3325
40.5400,384.1725
40.5500,389.3750
40.5600,422.4700
40.5700,424.5925
40.5800,426.0350
40.5900,453.6650
40.6000,476.1875
40.6100,509.6550
40.6200,557.0750
40.6300,647.4225
40.6400,755.4300
40.6500,881.4925
40.6600,1081.2450
40.6700,1410.5000
40.6800,1648.9525
40.6900,1778.4325
40.7000,1824.1000
40.7100,1931.6800
40.7200,1970.0350
40.7300,1938.6000
40.7400,1938.0100
40.7500,1894.6475
40.7600,1968.6400
40.7700,2133.8450
40.7800,2090.1450
40.7900,2112.5575
40.8000,2075.4925
40.8100,1922.5750
40.8200,1772.5525
40.8300,1658.4750
40.8400,1607.5175
40.8500,1539.1000
40.8600,1451.8950
40.8700,1317.0025
40.8800,1257.6050
40.8900,1220.9600
40.9000,1102.5400
40.9100,946.8050
40.9200,852.7525
40.9300,781.3950
40.9400,679.8750
40.9500,633.0150
40.9600,608.2850
40.9700,548.2275
40.9800,491.3800
40.9900,464.2800
41.0000,452.1450
41.0100,429.0700
41.0200,373.6625
41.0300,344.3250
41.0400,337.3900
41.0500,352.3175
41.0600,356.6675
41.0700,348.8525
41.0800,388.3075
41.0900,350.5900
41.1000,334.0675
41.1100,354.1075
41.1200,323.6750
41.1300,290.0000
41.1400,291.1050
41.1500,306.2775
41.1600,322.9350
41.1700,334.4225
41.1800,336.6675
41.1900,287.6275
41.2000,263.0175
41.2100,283.1950
41.2200,310.6025
41.2300,352.6925
41.2400,342.7625
41.2500,292.9875
41.2600,326.2125
41.2700,340.0000
41.2800,337.4375
41.2900,323.8575
41.3000,268.8075
41.3100,273.7950
41.3200,297.8900
41.3300,316.1025
41.3400,304.6875
41.3500,289.8000
41.3600,286.6675
41.3700,281.5750
41.3800,310.5300
41.3900,320.0000
41.4000,286.9750
41.4100,304.5900
41.4200,323.4800
41.4300,296.2525
41.4400,291.7325
41.4500,311.0500
41.4600,311.6100
41.4700,332.7425
41.4800,352.6250
41.4900,316.2975
41.5000,305.8550
41.5100,316.7450
41.5200,347.6925
41.5300,359.1825
41.5400,322.2975
41.5500,299.9525
41.5600,299.1775
41.5700,294.9850
41.5800,303.3575
41.5900,324.1950
41.6000,340.0075
41.6100,318.3300
41.6200,317.4950
41.6300,352.4550
41.6400,388.2800
41.6500,359.2775
41.6600,346.6675
41.6700,354.1325
41.6800,319.3625
41.6900,336.4875
41.7000,393.8475
41.7100,382.7050
41.7200,378.2925
41.7300,375.0450
41.7400,370.8575
41.7500,379.8950
41.7600,390.7500
41.7700,388.3925
41.7800,384.1975
41.7900,410.4625
41.8000,479.1450
41.8100,504.9250
41.8200,558.3400
41.8300,630.7600
41.8400,691.7675
41.8500,873.6100
41.8600,1038.8200
41.8700,1213.9400
41.8800,1371.1100
41.8900,1593.5700
41.9000,1701.5775
41.9100,1728.8850
41.9200,1735.7750
41.9300,1780.5900
41.9400,1803.9825
41.9500,1799.3575
41.9600,1743.1050
41.9700,1728.2000
41.9800,1754.3075
41.9900,1702.6075
42.0000,1638.7375
42.0100,1647.5875
42.0200,1630.0075
42.0300,1564.3025
42.0400,1400.5675
42.0500,1271.7125
42.0600,1166.0200
42.0700,1054.5825
42.0800,1023.3325
42.0900,982.3550
42.1000,870.3175
42.1100,775.5675
42.1200,695.6125
42.1300,627.6725
42.1400,585.9875
42.1500,562.2700
42.1600,496.7250
42.1700,463.7500
42.1800,474.3650
42.1900,463.2550
42.2000,411.2500
42.2100,359.8925
42.2200,363.3750
42.2300,389.0800
42.2400,408.5825
42.2500,363.3275
42.2600,319.5400
42.2700,329.0200
42.2800,320.0350
42.2900,310.9600
42.3000,310.0000
42.3100,336.0750
42.3200,360.8775
42.3300,380.8675
42.3400,391.3975
42.3500,364.9750
42.3600,339.1650
42.3700,340.4125
42.3800,329.1875
42.3900,342.1800
42.4000,361.7700
42.4100,376.0750
42.4200,372.9475
42.4300,405.2300
42.4400,403.5725
42.4500,399.0125
42.4600,418.7475
42.4700,426.6675
42.4800,471.1225
42.4900,457.2675
42.5000,443.3325
42.5100,469.0125
42.5200,468.3375
42.5300,474.9875
42.5400,484.6575
42.5500,484.3400
42.5600,469.3800
42.5700,461.0100
42.5800,434.4600
42.5900,386.2125
42.6000,409.4125
42.6100,438.2500
42.6200,450.2775
42.6300,462.5850
42.6400,455.1100
42.6500,438.4525
42.6600,382.5625
42.6700,332.3275
42.6800,324.6075
42.6900,331.2725
42.7000,342.5350
42.7100,346.6675
42.7200,348.9650
42.7300,354.5900
42.7400,354.3725
42.7500,337.2900
42.7600,336.8700
42.7700,310.2525
42.7800,314.9600
42.7900,323.3325
42.8000,325.6175
42.8100,328.9475
42.8200,309.4825
42.8300,318.2225
42.8400,322.1150
42.8500,322.2750
42.8600,346.0600
42.8700,308.9775
42.8800,316.1650
42.8900,314.1275
42.9000,347.4475
42.9100,362.1400
42.9200,414.2925
42.9300,442.2600
42.9400,438.8150
42.9500,427.6375
42.9600,414.3125
42.9700,403.2400
42.9800,397.7475
42.9900,371.9150
43.0000,330.7725
43.0100,327.9000
43.0200,353.5375
43.0300,340.9025
43.0400,356.8975
43.0500,421.5150
43.0600,424.2875
43.0700,382.0250
43.0800,377.8400
43.0900,369.9350
43.1000,349.9475
43.1100,356.7100
43.1200,321.0050
43.1300,313.3575
43.1400,324.4475
43.1500,317.7750
43.1600,297.7875
43.1700,294.4375
43.1800,281.1450
43.1900,286.6275
43.2000,286.6900
43.2100,285.5450
43.2200,282.2450
43.2300,262.3275
43.2400,270.9925
43.2500,304.2625
43.2600,347.5225
43.2700,321.4900
43.2800,302.2000
43.2900,307.7300
43.3000,310.0000
43.3100,310.0000
43.3200,305.6125
43.3300,305.5250
43.3400,313.2375
43.3500,321.0450
43.3600,312.3975
43.3700,276.0700
43.3800,273.1025
43.3900,282.1825
43.4000,298.5975
43.4100,326.2750
43.4200,338.8450
43.4300,333.4725
43.4400,323.4775
43.4500,293.9350
43.4600,299.5350
43.4700,312.1700
43.4800,332.8375
43.4900,343.3325
43.5000,341.1700
43.5100,331.3525
43.5200,326.6675
43.5300,352.5725
43.5400,351.5650
43.5500,369.2000
43.5600,379.0250
43.5700,404.6450
43.5800,385.5900
43.5900,366.6675
43.6000,343.0450
43.6100,360.0400
43.6200,385.2425
43.6300,404.9975
43.6400,419.7550
43.6500,401.9425
43.6600,377.1750
43.6700,372.1350
43.6800,364.7975
43.6900,379.1925
43.7000,385.7375
43.7100,366.2975
43.7200,390.7100
43.7300,397.2425
43.7400,409.1200
43.7500,422.1225
43.7600,419.0900
43.7700,425.1450
43.7800,442.7075
43.7900,473.2800
43.8000,463.4050
43.8100,445.7725
43.8200,424.3300
43.8300,396.4550
43.8400,380.3425
43.8500,423.0125
43.8600,450.0000
43.8700,441.5850
43.8800,432.4625
43.8900,480.4050
43.9000,551.9725
43.9100,589.2500
43.9200,686.7725
43.9300,783.9700
43.9400,839.2925
43.9500,936.1125
43.9600,951.9975
43.9700,987.6075
43.9800,1130.5525
43.9900,1171.6550
44.0000,1135.8400
44.0100,1185.7675
44.0200,1187.9800
44.0300,1098.0950
44.0400,1067.0475
44.0500,1006.9400
44.0600,977.0325
44.0700,993.6925
44.0800,997.9300
44.0900,988.3925
44.1000,970.9325
44.1100,928.2225
44.1200,914.9225
44.1300,882.8800
44.1400,808.4850
44.1500,737.5450
44.1600,721.5625
44.1700,669.1000
44.1800,629.2250
44.1900,626.6675
44.2000,630.7700
44.2100,621.0350
44.2200,629.7175
44.2300,627.7200
44.2400,664.9900
44.2500,636.1175
44.2600,577.5400
44.2700,557.2125
44.2800,528.8675
44.2900,511.2950
44.3000,512.0350
44.3100,505.1975
44.3200,518.2925
44.3300,560.4675
44.3400,561.7350
44.3500,523.6350
44.3600,490.4550
44.3700,455.7000
44.3800,419.7650
44.3900,422.8425
44.4000,425.2525
44.4100,417.9800
44.4200,394.4775
44.4300,355.8100
44.4400,335.9725
44.4500,343.3975
44.4600,368.1000
44.4700,347.8450
44.4800,314.6175
44.4900,306.6675
44.5000,296.6400
44.5100,275.9750
44.5200,266.6675
44.5300,276.6700
44.5400,279.3350
44.5500,274.6700
44.5600,279.3225
44.5700,273.3600
44.5800,286.5975
44.5900,301.9925
44.6000,293.3825
44.6100,286.6675
44.6200,268.7825
44.6300,252.6950
44.6400,255.9525
44.6500,260.0000
44.6600,269.9050
44.6700,256.8700
44.6800,249.2675
44.6900,273.1000
44.7000,292.5925
44.7100,300.6150
44.7200,287.5575
44.7300,282.5775
44.7400,296.5125
44.7500,340.7200
44.7600,378.4650
44.7700,368.9850
44.7800,376.3000
44.7900,460.6225
44.8000,508.0400
44.8100,538.0075
44.8200,608.9325
44.8300,637.4650
44.8400,652.8775
44.8500,606.1250
44.8600,567.2375
44.8700,562.2000
44.8800,504.0550
44.8900,433.5650
44.9000,439.1850
44.9100,461.9450
44.9200,453.6200
44.9300,454.4325
44.9400,487.1575
44.9500,510.5425
44.9600,495.9000
44.9700,454.3000
44.9800,413.9925
44.9900,432.8550
45.0000,474.0475
45.0100,459.6500
45.0200,418.7900
45.0300,414.8950
45.0400,379.0500
45.0500,358.2100
45.0600,347.4425
45.0700,321.8075
45.0800,317.1725
45.0900,350.6925
45.1000,350.3325
45.1100,333.3325
45.1200,352.4725
45.1300,362.8425
45.1400,331.3325
45.1500,290.9025
45.1600,293.8400
45.1700,283.7850
45.1800,257.1400
45.1900,261.4250
45.2000,290.9275
45.2100,302.8650
45.2200,300.0000
45.2300,300.0000
45.2400,277.2375
45.2500,269.4775
45.2600,286.1375
45.2700,304.6900
45.2800,298.2025
45.2900,322.5750
45.3000,342.4450
45.3100,319.6825
45.3200,299.1225
45.3300,285.7950
45.3400,295.0650
45.3500,314.1925
45.3600,312.4800
45.3700,302.9100
45.3800,298.1225
45.3900,291.0375
45.4000,324.1600
45.4100,315.8675
45.4200,267.9475
45.4300,287.0025
45.4400,320.8100
45.4500,326.6675
45.4600,317.3350
45.4700,336.1100
45.4800,326.8475
45.4900,314.5075
45.5000,317.7500
45.5100,313.3325
45.5200,320.7650
45.5300,319.2400
45.5400,281.7900
45.5500,269.6450
45.5600,289.2625
45.5700,292.9650
45.5800,302.9500
45.5900,302.2400
45.6000,285.9450
45.6100,302.1525
45.6200,334.7575
45.6300,326.3900
45.6400,300.7900
45.6500,309.8975
45.6600,314.1375
45.6700,314.0175
45.6800,342.0400
45.6900,348.9875
45.7000,356.5050
45.7100,364.5025
45.7200,347.1825
45.7300,364.1150
45.7400,357.4100
45.7500,331.5050
45.7600,322.6975
45.7700,305.7200
45.7800,347.7175
45.7900,415.5075
45.8000,420.2800
45.8100,397.5700
45.8200,388.1825
45.8300,370.3175
45.8400,354.8525
45.8500,347.8900
45.8600,354.2100
45.8700,332.5400
45.8800,324.7675
45.8900,349.0450
45.9000,354.8600
45.9100,347.9150
45.9200,332.5050
45.9300,326.9400
45.9400,308.3725
45.9500,308.0100
45.9600,317.9350
45.9700,313.3325
45.9800,324.1150
45.9900,327.9450
46.0000,303.5925
46.0100,309.9800
46.0200,324.6250
46.0300,305.6750
46.0400,289.7550
46.0500,297.3950
46.0600,308.4525
46.0700,292.1450
46.0800,265.9600
46.0900,278.0625
46.1000,275.2850
46.1100,258.4475
46.1200,268.8950
46.1300,260.6650
46.1400,257.3275
46.1500,280.8700
46.1600,307.5275
46.1700,304.0450
46.1800,290.0000
46.1900,281.1475
46.2000,268.0250
46.2100,265.1000
46.2200,277.2650
46.2300,283.1350
46.2400,294.1125
46.2500,324.2950
46.2600,332.9525
46.2700,312.5850
46.2800,270.0950
46.2900,245.0900
46.3000,257.2075
46.3100,278.9550
46.3200,277.7200
46.3300,268.4200
46.3400,273.5025
46.3500,285.4200
46.3600,284.5875
46.3700,299.3900
46.3800,300.7850
46.3900,283.3325
46.4000,279.8450
46.4100,285.3825
46.4200,305.5275
46.4300,307.9625
46.4400,289.5625
46.4500,278.2625
46.4600,276.6675
46.4700,299.2325
46.4800,311.3275
46.4900,301.6000
46.5000,287.8750
46.5100,276.6675
46.5200,300.8825
46.5300,350.9900
46.5400,328.3025
46.5500,307.5000
46.5600,338.6250
46.5700,358.7325
46.5800,349.3300
46.5900,317.9500
46.6000,306.6675
46.6100,298.0725
46.6200,288.2825
46.6300,295.2500
46.6400,310.1950
46.6500,314.9525
46.6600,297.9150
46.6700,274.7750
46.6800,266.6675
46.6900,275.2150
46.7000,295.2925
46.7100,298.1300
46.7200,293.4125
46.7300,291.5525
46.7400,293.4800
46.7500,286.3800
46.7600,254.6200
46.7700,258.7675
46.7800,295.2900
46.7900,296.4175
46.8000,278.2425
46.8100,283.5075
46.8200,293.3325
46.8300,283.1750
46.8400,271.6425
46.8500,278.4550
46.8600,278.2175
46.8700,263.2450
46.8800,251.6050
46.8900,253.4125
46.9000,288.6475
46.9100,328.4550
46.9200,316.4400
46.9300,303.4250
46.9400,299.8875
46.9500,291.7050
46.9600,296.6675
46.9700,294.9900
46.9800,295.0100
46.9900,289.9675
47.0000,258.2250
47.0100,256.7500
47.0200,286.6875
47.0300,300.0150
47.0400,301.6575
47.0500,289.9950
47.0600,295.0025
47.0700,318.3275
47.0800,331.6650
47.0900,348.3075
47.1000,366.6575
47.1100,386.6150
47.1200,439.8625
47.1300,486.6225
47.1400,533.1475
47.1500,541.8275
47.1600,510.0200
47.1700,519.9075
47.1800,536.6400
47.1900,538.3475
47.2000,535.0150
47.2100,523.4300
47.2200,514.9825
47.2300,523.2600
47.2400,497.0525
47.2500,460.0400
47.2600,459.9575
47.2700,486.3500
47.2800,498.5000
47.2900,452.1875
47.3000,415.0250
47.3100,423.1725
47.3200,441.5275
47.3300,425.4350
47.3400,380.3625
47.3500,374.7200
47.3600,385.0975
47.3700,375.1000
47.3800,352.0450
47.3900,331.7025
47.4000,334.8900
47.4100,343.2575
47.4200,341.7825
47.4300,318.7700
47.4400,296.7475
47.4500,298.2075
47.4600,296.8375
47.4700,298.1150
47.4800,316.3975
47.4900,300.7350
47.5000,279.8125
47.5100,285.0475
47.5200,263.9225
47.5300,262.7325
47.5400,289.7950
47.5500,288.5950
47.5600,305.8150
47.5700,320.4325
47.5800,317.9475
47.5900,328.3900
47.6000,333.1050
47.6100,341.6075
47.6200,328.8675
47.6300,311.7275
47.6400,306.7900
47.6500,327.3975
47.6600,338.9050
47.6700,289.6850
47.6800,256.5350
47.6900,287.2050
47.7000,331.0600
47.7100,325.8900
47.7200,285.7650
47.7300,266.6675
47.7400,268.2625
47.7500,274.7825
47.7600,273.6275
47.7700,266.6675
47.7800,261.8925
47.7900,264.6175
47.8000,255.8525
47.8100,246.1950
47.8200,275.7125
47.8300,287.1500
47.8400,283.0075
47.8500,280.4950
47.8600,271.5825
47.8700,281.2450
47.8800,299.4875
47.8900,322.6425
47.9000,328.7700
47.9100,305.7950
47.9200,272.6475
47.9300,256.4875
47.9400,263.1500
47.9500,247.7725
47.9600,251.8450
47.9700,262.7000
47.9800,251.1925
47.9900,272.5650
48.0000,278.8175
48.0100,287.2575
48.0200,301.9625
48.0300,290.4000
48.0400,291.1625
48.0500,293.7400
48.0600,271.0275
48.0700,265.8375
48.0800,306.5550
48.0900,331.9825
48.1000,331.3475
48.1100,333.5475
48.1200,339.3500
48.1300,356.2300
48.1400,380.4550
48.1500,418.6675
48.1600,447.7725
48.1700,447.3450
48.1800,459.9575
48.1900,486.6675
48.2000,468.0550
48.2100,435.8175
48.2200,448.1175
48.2300,476.6675
48.2400,465.8375
48.2500,439.4175
48.2600,414.0600
48.2700,417.2325
48.2800,436.4200
48.2900,440.0000
48.3000,452.3325
48.3100,503.6450
48.3200,551.2875
48.3300,605.9125
48.3400,687.9425
48.3500,721.2775
48.3600,722.0575
48.3700,701.3125
48.3800,652.6450
48.3900,592.1300
48.4000,540.3425
48.4100,494.9525
48.4200,508.5425
48.4300,528.5800
48.4400,471.2225
48.4500,421.1075
48.4600,423.4675
48.4700,460.1250
48.4800,455.5925
48.4900,434.2900
48.5000,443.3325
48.5100,435.7200
48.5200,409.9250
48.5300,382.3950
48.5400,368.7725
48.5500,358.7750
48.5600,351.8150
48.5700,353.0350
48.5800,359.7000
48.5900,357.2700
48.6000,319.7000
48.6100,280.3050
48.6200,267.5875
48.6300,246.0800
48.6400,242.4025
48.6500,248.8000
48.6600,252.3925
48.6700,266.3525
48.6800,273.0175
48.6900,284.2025
48.7000,285.8000
48.7100,284.1950
48.7200,287.3150
48.7300,281.5050
48.7400,265.2975
48.7500,244.8350
48.7600,267.6850
48.7700,293.3325
48.7800,285.8350
48.7900,282.6625
48.8000,279.5125
48.8100,289.1250
48.8200,306.1925
48.8300,293.3325
48.8400,329.2075
48.8500,359.8875
48.8600,353.7850
48.8700,384.5725
48.8800,427.5475
48.8900,459.2950
48.9000,457.7275
48.9100,439.2225
48.9200,415.1175
48.9300,398.1550
48.9400,400.0000
48.9500,401.4850
48.9600,392.9400
48.9700,388.9050
48.9800,383.6850
48.9900,367.7800
49.0000,402.9650
49.0100,444.4425
49.0200,420.4000
49.0300,374.4575
49.0400,388.4675
49.0500,420.0000
49.0600,394.8950
49.0700,367.7625
49.0800,393.9875
49.0900,417.0500
49.1000,450.1750
49.1100,504.0300
49.1200,505.9725
49.1300,508.4375
49.1400,495.3950
49.1500,451.1825
49.1600,447.3450
49.1700,450.7950
49.1800,460.9425
49.1900,471.6000
49.2000,459.5975
49.2100,460.4025
49.2200,471.3100
49.2300,476.8275
49.2400,460.0000
49.2500,451.2275
49.2600,419.5425
49.2700,371.4275
49.2800,357.9300
49.2900,382.5025
49.3000,381.2525
49.3100,378.7450
49.3200,382.7175
49.3300,368.9650
49.3400,373.5200
49.3500,401.2100
49.3600,404.0100
49.3700,362.9950
49.3800,317.7900
49.3900,294.7850
49.4000,309.7225
49.4100,316.5175
49.4200,297.5375
49.4300,297.2425
49.4400,311.0100
49.4500,312.3250
49.4600,309.5600
49.4700,300.3250
49.4800,281.8875
49.4900,285.7750
49.5000,297.6625
49.5100,307.6600
49.5200,316.2175
49.5300,309.9125
49.5400,264.9825
49.5500,242.0475
49.5600,270.9825
49.5700,273.7900
49.5800,271.4375
49.5900,264.7150
49.6000,267.6925
49.6100,290.9725
49.6200,306.7075
49.6300,314.2650
49.6400,295.2025
49.6500,271.4075
49.6600,265.7275
49.6700,277.6250
49.6800,289.0550
49.6900,290.9500
49.7000,277.6175
49.7100,279.9950
49.7200,291.9050
49.7300,275.7350
49.7400,258.0925
49.7500,265.7000
49.7600,274.7575
49.7700,263.8525
49.7800,248.0900
49.7900,259.9575
49.8000,261.9600
49.8100,239.5625
49.8200,241.3625
49.8300,249.5675
49.8400,240.0000
49.8500,240.0000
49.8600,248.5050
49.8700,265.6675
49.8800,253.5050
49.8900,245.0675
49.9000,271.4150
49.9100,277.5750
49.9200,283.3325
49.9300,276.2700
49.9400,259.6050
49.9500,254.2350
49.9600,272.6975
49.9700,287.1800
49.9800,283.3325
49.9900,283.3325
50.0000,283.3325
